Index,T (C),P (kbars),log(10) f O2,mass (gm),rho (gm/cc),wt% SiO2,wt% TiO2,wt% Al2O3,wt% Fe2O3,wt% Cr2O3,wt% FeO,wt% MnO,wt% MgO,wt% NiO,wt% CoO,wt% CaO,wt% Na2O,wt% K2O,wt% P2O5,wt% H2O,wt% CO2,wt% SO3,wt% Cl2O-1,wt% F2O-1,G (kJ),H (kJ),S (J/K),V (cc),Cp (J/K),     diopside,clinoenstatit, hedenbergite,alumino-buffo,    buffonite,     essenite,      jadeite
865,1136.00,0.000,-9.055,6.1692,3.2613,50.0856,0.9513,4.4046,2.1106,0.0000,7.2906,0.0000,15.2470,0.0000,0.0000,19.6813,0.2288,0.0000,0.0000,0.0000,0.0000,0.0000,0.0000,0.0000,-97.984,-77.984,14.193,1.892,7.255,0.411589,0.202113,0.225948,0.085050,-0.032027,0.090885,0.016442
866,1135.00,0.000,-9.068,6.4486,3.2624,50.0506,0.9655,4.4118,2.1256,0.0000,7.3411,0.0000,15.2107,0.0000,0.0000,19.6643,0.2303,0.0000,0.0000,0.0000,0.0000,0.0000,0.0000,0.0000,-102.359,-81.476,14.830,1.977,7.581,0.408766,0.202444,0.227578,0.085365,-0.031535,0.090827,0.016555
867,1134.00,0.000,-9.080,6.7241,3.2635,50.0152,0.9799,4.4192,2.1407,0.0000,7.3914,0.0000,15.1740,0.0000,0.0000,19.6478,0.2318,0.0000,0.0000,0.0000,0.0000,0.0000,0.0000,0.0000,-106.667,-84.916,15.457,2.060,7.902,0.405949,0.202756,0.229206,0.085688,-0.031038,0.090770,0.016668
868,1133.00,0.000,-9.092,6.9960,3.2646,49.9792,0.9946,4.4268,2.1560,0.0000,7.4416,0.0000,15.1368,0.0000,0.0000,19.6316,0.2334,0.0000,0.0000,0.0000,0.0000,0.0000,0.0000,0.0000,-110.910,-88.306,16.075,2.143,8.219,0.403137,0.203050,0.230833,0.086022,-0.030537,0.090714,0.016782
869,1132.00,0.000,-9.105,7.2642,3.2657,49.9428,1.0095,4.4346,2.1714,0.0000,7.4917,0.0000,15.0991,0.0000,0.0000,19.6159,0.2349,0.0000,0.0000,0.0000,0.0000,0.0000,0.0000,0.0000,-115.091,-91.647,16.685,2.224,8.531,0.400330,0.203326,0.232457,0.086365,-0.030031,0.090657,0.016897
870,1131.00,0.000,-9.117,7.5290,3.2668,49.9059,1.0247,4.4427,2.1870,0.0000,7.5417,0.0000,15.0609,0.0000,0.0000,19.6006,0.2364,0.0000,0.0000,0.0000,0.0000,0.0000,0.0000,0.0000,-119.212,-94.941,17.285,2.305,8.839,0.397529,0.203583,0.234080,0.086718,-0.029520,0.090600,0.017012
871,1130.00,0.000,-9.129,7.7904,3.2679,49.8685,1.0401,4.4510,2.2028,0.0000,7.5916,0.0000,15.0223,0.0000,0.0000,19.5857,0.2380,0.0000,0.0000,0.0000,0.0000,0.0000,0.0000,0.0000,-123.273,-98.188,17.878,2.384,9.142,0.394733,0.203820,0.235699,0.087081,-0.029004,0.090544,0.017128
872,1129.00,0.000,-9.142,8.0485,3.2690,49.8305,1.0558,4.4595,2.2187,0.0000,7.6413,0.0000,14.9833,0.0000,0.0000,19.5713,0.2395,0.0000,0.0000,0.0000,0.0000,0.0000,0.0000,0.0000,-127.277,-101.391,18.462,2.462,9.442,0.391943,0.204037,0.237317,0.087455,-0.028483,0.090487,0.017245
873,1128.00,0.000,-9.154,8.3034,3.2702,49.7920,1.0718,4.4683,2.2348,0.0000,7.6909,0.0000,14.9437,0.0000,0.0000,19.5573,0.2411,0.0000,0.0000,0.0000,0.0000,0.0000,0.0000,0.0000,-131.226,-104.550,19.038,2.539,9.737,0.389158,0.204235,0.238931,0.087840,-0.027956,0.090430,0.017362
874,1127.00,0.000,-9.167,8.5552,3.2713,49.7530,1.0881,4.4774,2.2511,0.0000,7.7404,0.0000,14.9037,0.0000,0.0000,19.5437,0.2426,0.0000,0.0000,0.0000,0.0000,0.0000,0.0000,0.0000,-135.120,-107.667,19.607,2.615,10.029,0.386379,0.204413,0.240542,0.088237,-0.027424,0.090372,0.017480
875,1126.00,0.000,-9.179,8.8041,3.2725,49.7134,1.1047,4.4867,2.2676,0.0000,7.7896,0.0000,14.8631,0.0000,0.0000,19.5307,0.2442,0.0000,0.0000,0.0000,0.0000,0.0000,0.0000,0.0000,-138.962,-110.743,20.169,2.690,10.317,0.383606,0.204569,0.242150,0.088646,-0.026885,0.090315,0.017599
876,1125.00,0.000,-9.192,9.0500,3.2736,49.6731,1.1216,4.4963,2.2843,0.0000,7.8387,0.0000,14.8221,0.0000,0.0000,19.5180,0.2458,0.0000,0.0000,0.0000,0.0000,0.0000,0.0000,0.0000,-142.753,-113.779,20.723,2.765,10.601,0.380839,0.204705,0.243754,0.089067,-0.026340,0.090256,0.017719
877,1124.00,0.000,-9.204,9.2931,3.2748,49.6323,1.1389,4.5062,2.3012,0.0000,7.8877,0.0000,14.7805,0.0000,0.0000,19.5059,0.2474,0.0000,0.0000,0.0000,0.0000,0.0000,0.0000,0.0000,-146.494,-116.777,21.270,2.838,10.881,0.378077,0.204819,0.245354,0.089501,-0.025789,0.090197,0.017839
878,1123.00,0.000,-9.217,9.5335,3.2760,49.5909,1.1565,4.5163,2.3182,0.0000,7.9364,0.0000,14.7385,0.0000,0.0000,19.4942,0.2490,0.0000,0.0000,0.0000,0.0000,0.0000,0.0000,0.0000,-150.188,-119.737,21.811,2.910,11.159,0.375321,0.204912,0.246951,0.089949,-0.025231,0.090138,0.017961
879,1122.00,0.000,-9.229,9.7712,3.2771,49.5488,1.1745,4.5268,2.3355,0.0000,7.9850,0.0000,14.6959,0.0000,0.0000,19.4830,0.2506,0.0000,0.0000,0.0000,0.0000,0.0000,0.0000,0.0000,-153.834,-122.660,22.345,2.982,11.432,0.372570,0.204983,0.248542,0.090410,-0.024666,0.090077,0.018083
880,1121.00,0.000,-9.242,10.0064,3.2783,49.5060,1.1928,4.5375,2.3529,0.0000,8.0333,0.0000,14.6528,0.0000,0.0000,19.4723,0.2522,0.0000,0.0000,0.0000,0.0000,0.0000,0.0000,0.0000,-157.436,-125.548,22.872,3.052,11.703,0.369825,0.205031,0.250130,0.090886,-0.024093,0.090015,0.018206
881,1120.00,0.000,-9.254,10.2391,3.2795,49.4626,1.2115,4.5486,2.3706,0.0000,8.0815,0.0000,14.6092,0.0000,0.0000,19.4621,0.2538,0.0000,0.0000,0.0000,0.0000,0.0000,0.0000,0.0000,-160.993,-128.402,23.394,3.122,11.971,0.367085,0.205057,0.251712,0.091376,-0.023513,0.089953,0.018330
882,1119.00,0.000,-9.267,10.4694,3.2807,49.4185,1.2306,4.5600,2.3885,0.0000,8.1294,0.0000,14.5650,0.0000,0.0000,19.4525,0.2555,0.0000,0.0000,0.0000,0.0000,0.0000,0.0000,0.0000,-164.508,-131.223,23.909,3.191,12.235,0.364351,0.205060,0.253289,0.091883,-0.022926,0.089888,0.018455
883,1118.00,0.000,-9.280,10.6973,3.2819,49.3736,1.2502,4.5717,2.4066,0.0000,8.1771,0.0000,14.5203,0.0000,0.0000,19.4433,0.2571,0.0000,0.0000,0.0000,0.0000,0.0000,0.0000,0.0000,-167.981,-134.011,24.418,3.259,12.496,0.361621,0.205040,0.254860,0.092405,-0.022329,0.089823,0.018581
884,1117.00,0.000,-9.292,10.9230,3.2832,49.3280,1.2701,4.5838,2.4250,0.0000,8.2245,0.0000,14.4751,0.0000,0.0000,19.4346,0.2588,0.0000,0.0000,0.0000,0.0000,0.0000,0.0000,0.0000,-171.413,-136.768,24.922,3.327,12.755,0.358896,0.204996,0.256426,0.092944,-0.021725,0.089756,0.018708
885,1116.00,0.000,-9.305,11.1465,3.2844,49.2816,1.2906,4.5962,2.4435,0.0000,8.2717,0.0000,14.4293,0.0000,0.0000,19.4265,0.2605,0.0000,0.0000,0.0000,0.0000,0.0000,0.0000,0.0000,-174.807,-139.494,25.420,3.394,13.010,0.356175,0.204928,0.257985,0.093501,-0.021111,0.089686,0.018836
886,1115.00,0.000,-9.318,11.3679,3.2856,49.2345,1.3115,4.6090,2.4623,0.0000,8.3187,0.0000,14.3829,0.0000,0.0000,19.4189,0.2622,0.0000,0.0000,0.0000,0.0000,0.0000,0.0000,0.0000,-178.163,-142.191,25.913,3.460,13.263,0.353459,0.204836,0.259539,0.094076,-0.020489,0.089615,0.018964
887,1114.00,0.000,-9.330,11.5873,3.2869,49.1865,1.3329,4.6222,2.4814,0.0000,8.3653,0.0000,14.3360,0.0000,0.0000,19.4118,0.2639,0.0000,0.0000,0.0000,0.0000,0.0000,0.0000,0.0000,-181.482,-144.860,26.401,3.525,13.514,0.350746,0.204719,0.261085,0.094670,-0.019856,0.089542,0.019094
888,1113.00,0.000,-9.343,15.4571,3.2833,49.7490,1.0421,4.2413,2.2974,0.0000,8.7871,0.0000,14.7281,0.0000,0.0000,18.9037,0.2512,0.0000,0.0000,0.0000,0.0000,0.0000,0.0000,0.0000,-241.914,-193.056,35.247,4.708,18.063,0.335538,0.226851,0.273930,0.081080,-0.022655,0.087097,0.018159
889,1112.00,0.000,-9.356,16.0376,3.2837,49.7916,1.0203,4.1990,2.2830,0.0000,8.8784,0.0000,14.7534,0.0000,0.0000,18.8236,0.2507,0.0000,0.0000,0.0000,0.0000,0.0000,0.0000,0.0000,-250.856,-200.213,36.561,4.884,18.741,0.331241,0.230034,0.276796,0.079764,-0.022558,0.086602,0.018122
890,1111.00,0.000,-9.368,16.5783,3.2841,49.8323,0.9999,4.1584,2.2686,0.0000,8.9666,0.0000,14.7787,0.0000,0.0000,18.7451,0.2502,0.0000,0.0000,0.0000,0.0000,0.0000,0.0000,0.0000,-259.171,-206.872,37.784,5.048,19.373,0.327022,0.233158,0.279563,0.078526,-0.022460,0.086105,0.018085
891,1110.00,0.000,-9.381,17.0848,3.2845,49.8714,0.9808,4.1194,2.2543,0.0000,9.0521,0.0000,14.8042,0.0000,0.0000,18.6680,0.2497,0.0000,0.0000,0.0000,0.0000,0.0000,0.0000,0.0000,-266.946,-213.102,38.928,5.202,19.965,0.322867,0.236234,0.282245,0.077360,-0.022360,0.085607,0.018047
892,1109.00,0.000,-9.394,17.5615,3.2849,49.9091,0.9629,4.0819,2.2400,0.0000,9.1352,0.0000,14.8298,0.0000,0.0000,18.5920,0.2491,0.0000,0.0000,0.0000,0.0000,0.0000,0.0000,0.0000,-274.251,-218.960,40.004,5.346,20.522,0.318769,0.239268,0.284849,0.076257,-0.022261,0.085109,0.018008
893,1108.00,0.000,-9.407,18.0121,3.2852,49.9454,0.9459,4.0457,2.2257,0.0000,9.2161,0.0000,14.8556,0.0000,0.0000,18.5171,0.2485,0.0000,0.0000,0.0000,0.0000,0.0000,0.0000,0.0000,-281.143,-224.490,41.019,5.483,21.048,0.314717,0.242268,0.287385,0.075211,-0.022163,0.084613,0.017969
894,1107.00,0.000,-9.420,18.4396,3.2856,49.9805,0.9299,4.0107,2.2114,0.0000,9.2950,0.0000,14.8816,0.0000,0.0000,18.4429,0.2480,0.0000,0.0000,0.0000,0.0000,0.0000,0.0000,0.0000,-287.673,-229.733,41.981,5.612,21.548,0.310705,0.245238,0.289860,0.074217,-0.022066,0.084119,0.017927
895,1106.00,0.000,-9.433,18.8467,3.2860,50.0145,0.9147,3.9769,2.1972,0.0000,9.3722,0.0000,14.9078,0.0000,0.0000,18.3695,0.2474,0.0000,0.0000,0.0000,0.0000,0.0000,0.0000,0.0000,-293.880,-234.720,42.896,5.735,22.024,0.306727,0.248184,0.292278,0.073272,-0.021973,0.083628,0.017884
896,1105.00,0.000,-9.445,19.2355,3.2864,50.0474,0.9002,3.9441,2.1830,0.0000,9.4477,0.0000,14.9341,0.0000,0.0000,18.2968,0.2467,0.0000,0.0000,0.0000,0.0000,0.0000,0.0000,0.0000,-299.800,-239.479,43.769,5.853,22.478,0.302778,0.251109,0.294645,0.072370,-0.021882,0.083141,0.017839
897,1104.00,0.000,-9.458,19.6079,3.2868,50.0795,0.8863,3.9124,2.1688,0.0000,9.5218,0.0000,14.9606,0.0000,0.0000,18.2246,0.2461,0.0000,0.0000,0.0000,0.0000,0.0000,0.0000,0.0000,-305.461,-244.034,44.605,5.966,22.913,0.298854,0.254016,0.296965,0.071509,-0.021795,0.082658,0.017793
898,1103.00,0.000,-9.471,19.9657,3.2871,50.1106,0.8731,3.8816,2.1546,0.0000,9.5945,0.0000,14.9874,0.0000,0.0000,18.1528,0.2454,0.0000,0.0000,0.0000,0.0000,0.0000,0.0000,0.0000,-310.891,-248.405,45.406,6.074,23.332,0.294951,0.256908,0.299242,0.070686,-0.021712,0.082180,0.017744
899,1102.00,0.000,-9.484,20.1428,3.2873,50.1219,0.8693,3.8652,2.1498,0.0000,9.6141,0.0000,14.9800,0.0000,0.0000,18.1538,0.2459,0.0000,0.0000,0.0000,0.0000,0.0000,0.0000,0.0000,-313.565,-250.597,45.790,6.127,23.535,0.294952,0.256782,0.299872,0.070274,-0.021509,0.081844,0.017784
899,1102.00,0.000,-9.484,0.3489,3.3226,51.6419,0.2614,2.7436,1.4229,0.0000,17.1639,0.0000,20.3839,0.0000,0.0000,6.2901,0.0922,0.0000,0.0000,0.0000,0.0000,0.0000,0.0000,0.0000,-5.268,-4.157,0.808,0.105,0.416,-0.366374,0.743304,0.532603,0.044102,-0.029514,0.069244,0.006636
900,1101.00,0.000,-9.497,20.2911,3.2875,50.1311,0.8667,3.8506,2.1456,0.0000,9.6274,0.0000,14.9696,0.0000,0.0000,18.1624,0.2466,0.0000,0.0000,0.0000,0.0000,0.0000,0.0000,0.0000,-315.798,-252.440,46.107,6.172,23.705,0.295371,0.256347,0.300308,0.069921,-0.021299,0.081522,0.017830
900,1101.00,0.000,-9.497,0.7122,3.3230,51.6455,0.2595,2.7305,1.4184,0.0000,17.2039,0.0000,20.3710,0.0000,0.0000,6.2789,0.0922,0.0000,0.0000,0.0000,0.0000,0.0000,0.0000,0.0000,-10.748,-8.483,1.648,0.214,0.850,-0.367707,0.743715,0.533915,0.043830,-0.029345,0.068955,0.006636
901,1100.00,0.000,-9.510,20.4282,3.2877,50.1400,0.8644,3.8365,2.1414,0.0000,9.6397,0.0000,14.9595,0.0000,0.0000,18.1714,0.2471,0.0000,0.0000,0.0000,0.0000,0.0000,0.0000,0.0000,-317.859,-254.147,46.399,6.213,23.861,0.295825,0.255895,0.300709,0.069589,-0.021093,0.081201,0.017873
901,1100.00,0.000,-9.510,1.0568,3.3235,51.6493,0.2578,2.7175,1.4138,0.0000,17.2428,0.0000,20.3592,0.0000,0.0000,6.2674,0.0922,0.0000,0.0000,0.0000,0.0000,0.0000,0.0000,0.0000,-15.942,-12.585,2.445,0.318,1.261,-0.369021,0.744141,0.535192,0.043568,-0.029180,0.068666,0.006634
902,1099.00,0.000,-9.523,20.5551,3.2879,50.1485,0.8624,3.8228,2.1370,0.0000,9.6509,0.0000,14.9496,0.0000,0.0000,18.1810,0.2477,0.0000,0.0000,0.0000,0.0000,0.0000,0.0000,0.0000,-319.762,-255.728,46.667,6.252,24.006,0.296313,0.255430,0.301077,0.069278,-0.020891,0.080880,0.017914
902,1099.00,0.000,-9.523,1.3844,3.3240,51.6533,0.2561,2.7047,1.4091,0.0000,17.2808,0.0000,20.3482,0.0000,0.0000,6.2557,0.0921,0.0000,0.0000,0.0000,0.0000,0.0000,0.0000,0.0000,-20.875,-16.483,3.201,0.416,1.651,-0.370320,0.744579,0.536436,0.043314,-0.029020,0.068379,0.006631
903,1098.00,0.000,-9.536,20.6727,3.2881,50.1568,0.8607,3.8096,2.1325,0.0000,9.6612,0.0000,14.9400,0.0000,0.0000,18.1910,0.2482,0.0000,0.0000,0.0000,0.0000,0.0000,0.0000,0.0000,-321.523,-257.197,46.913,6.287,24.140,0.296830,0.254951,0.301415,0.068986,-0.020694,0.080561,0.017952
903,1098.00,0.000,-9.536,1.6966,3.3244,51.6574,0.2544,2.6922,1.4043,0.0000,17.3179,0.0000,20.3381,0.0000,0.0000,6.2438,0.0921,0.0000,0.0000,0.0000,0.0000,0.0000,0.0000,0.0000,-25.573,-20.195,3.922,0.510,2.023,-0.371605,0.745029,0.537650,0.043070,-0.028864,0.068093,0.006627
904,1097.00,0.000,-9.549,20.7819,3.2883,50.1648,0.8592,3.7968,2.1280,0.0000,9.6706,0.0000,14.9306,0.0000,0.0000,18.2014,0.2487,0.0000,0.0000,0.0000,0.0000,0.0000,0.0000,0.0000,-323.152,-258.562,47.141,6.320,24.264,0.297375,0.254459,0.301724,0.068713,-0.020502,0.080243,0.017988
904,1097.00,0.000,-9.549,1.9947,3.3249,51.6615,0.2529,2.6798,1.3993,0.0000,17.3541,0.0000,20.3287,0.0000,0.0000,6.2316,0.0920,0.0000,0.0000,0.0000,0.0000,0.0000,0.0000,0.0000,-30.054,-23.739,4.609,0.600,2.379,-0.372875,0.745490,0.538836,0.042833,-0.028713,0.067808,0.006621
905,1096.00,0.000,-9.562,20.8832,3.2884,50.1725,0.8579,3.7843,2.1233,0.0000,9.6791,0.0000,14.9214,0.0000,0.0000,18.2123,0.2491,0.0000,0.0000,0.0000,0.0000,0.0000,0.0000,0.0000,-324.661,-259.831,47.350,6.351,24.378,0.297946,0.253956,0.302007,0.068457,-0.020314,0.079928,0.018021
905,1096.00,0.000,-9.562,2.2799,3.3253,51.6658,0.2514,2.6677,1.3943,0.0000,17.3896,0.0000,20.3201,0.0000,0.0000,6.2193,0.0919,0.0000,0.0000,0.0000,0.0000,0.0000,0.0000,0.0000,-34.339,-27.129,5.266,0.686,2.718,-0.374134,0.745962,0.539995,0.042605,-0.028567,0.067526,0.006614
906,1095.00,0.000,-9.575,20.9773,3.2886,50.1799,0.8569,3.7723,2.1186,0.0000,9.6869,0.0000,14.9124,0.0000,0.0000,18.2235,0.2495,0.0000,0.0000,0.0000,0.0000,0.0000,0.0000,0.0000,-326.059,-261.013,47.543,6.379,24.485,0.298540,0.253442,0.302264,0.068219,-0.020132,0.079615,0.018052
906,1095.00,0.000,-9.575,2.5533,3.3257,51.6702,0.2499,2.6558,1.3892,0.0000,17.4243,0.0000,20.3121,0.0000,0.0000,6.2068,0.0917,0.0000,0.0000,0.0000,0.0000,0.0000,0.0000,0.0000,-38.443,-30.378,5.895,0.768,3.044,-0.375381,0.746442,0.541129,0.042384,-0.028425,0.067245,0.006606
907,1094.00,0.000,-9.588,21.0646,3.2887,50.1871,0.8561,3.7607,2.1138,0.0000,9.6940,0.0000,14.9035,0.0000,0.0000,18.2350,0.2499,0.0000,0.0000,0.0000,0.0000,0.0000,0.0000,0.0000,-327.353,-262.112,47.720,6.405,24.583,0.299156,0.252918,0.302498,0.067997,-0.019953,0.079304,0.018080
907,1094.00,0.000,-9.588,2.8159,3.3261,51.6745,0.2485,2.6441,1.3840,0.0000,17.4584,0.0000,20.3047,0.0000,0.0000,6.1941,0.0916,0.0000,0.0000,0.0000,0.0000,0.0000,0.0000,0.0000,-42.381,-33.498,6.498,0.847,3.356,-0.376618,0.746932,0.542240,0.042171,-0.028288,0.066967,0.006597
908,1093.00,0.000,-9.601,21.1457,3.2889,50.1940,0.8555,3.7494,2.1089,0.0000,9.7003,0.0000,14.8948,0.0000,0.0000,18.2469,0.2503,0.0000,0.0000,0.0000,0.0000,0.0000,0.0000,0.0000,-328.551,-263.135,47.883,6.429,24.674,0.299792,0.252385,0.302710,0.067791,-0.019780,0.078996,0.018106
908,1093.00,0.000,-9.601,3.0686,3.3265,51.6790,0.2472,2.6326,1.3788,0.0000,17.4917,0.0000,20.2980,0.0000,0.0000,6.1813,0.0915,0.0000,0.0000,0.0000,0.0000,0.0000,0.0000,0.0000,-46.168,-36.498,7.078,0.922,3.657,-0.377846,0.747429,0.543329,0.041966,-0.028155,0.066692,0.006586
909,1092.00,0.000,-9.614,21.2209,3.2890,50.2006,0.8551,3.7385,2.1039,0.0000,9.7060,0.0000,14.8862,0.0000,0.0000,18.2591,0.2506,0.0000,0.0000,0.0000,0.0000,0.0000,0.0000,0.0000,-329.659,-264.087,48.033,6.452,24.759,0.300447,0.251842,0.302901,0.067600,-0.019611,0.078692,0.018129
909,1092.00,0.000,-9.614,3.3121,3.3269,51.6834,0.2459,2.6213,1.3735,0.0000,17.5245,0.0000,20.2917,0.0000,0.0000,6.1683,0.0913,0.0000,0.0000,0.0000,0.0000,0.0000,0.0000,0.0000,-49.814,-39.389,7.637,0.996,3.946,-0.379065,0.747934,0.544397,0.041767,-0.028027,0.066419,0.006574
910,1091.00,0.000,-9.627,21.2907,3.2892,50.2069,0.8548,3.7280,2.0990,0.0000,9.7111,0.0000,14.8778,0.0000,0.0000,18.2716,0.2509,0.0000,0.0000,0.0000,0.0000,0.0000,0.0000,0.0000,-330.684,-264.973,48.170,6.473,24.836,0.301119,0.251292,0.303071,0.067425,-0.019447,0.078390,0.018150
910,1091.00,0.000,-9.627,3.5472,3.3273,51.6879,0.2447,2.6103,1.3681,0.0000,17.5567,0.0000,20.2859,0.0000,0.0000,6.1552,0.0911,0.0000,0.0000,0.0000,0.0000,0.0000,0.0000,0.0000,-53.330,-42.178,8.175,1.066,4.226,-0.380275,0.748446,0.545445,0.041576,-0.027903,0.066149,0.006561
911,1090.00,0.000,-9.641,21.3553,3.2893,50.2130,0.8547,3.7178,2.0939,0.0000,9.7156,0.0000,14.8695,0.0000,0.0000,18.2844,0.2511,0.0000,0.0000,0.0000,0.0000,0.0000,0.0000,0.0000,-331.629,-265.795,48.295,6.492,24.908,0.301807,0.250733,0.303223,0.067263,-0.019287,0.078091,0.018169
911,1090.00,0.000,-9.641,3.7744,3.3276,51.6924,0.2435,2.5994,1.3628,0.0000,17.5883,0.0000,20.2806,0.0000,0.0000,6.1420,0.0909,0.0000,0.0000,0.0000,0.0000,0.0000,0.0000,0.0000,-56.727,-44.874,8.695,1.134,4.496,-0.381478,0.748965,0.546475,0.041392,-0.027783,0.065882,0.006547
912,1089.00,0.000,-9.654,21.4150,3.2895,50.2188,0.8549,3.7080,2.0889,0.0000,9.7195,0.0000,14.8613,0.0000,0.0000,18.2974,0.2513,0.0000,0.0000,0.0000,0.0000,0.0000,0.0000,0.0000,-332.499,-266.559,48.409,6.510,24.975,0.302509,0.250167,0.303358,0.067116,-0.019132,0.077796,0.018186
912,1089.00,0.000,-9.654,3.9944,3.3280,51.6969,0.2424,2.5888,1.3573,0.0000,17.6195,0.0000,20.2757,0.0000,0.0000,6.1287,0.0907,0.0000,0.0000,0.0000,0.0000,0.0000,0.0000,0.0000,-60.013,-47.484,9.198,1.200,4.757,-0.382675,0.749489,0.547488,0.041214,-0.027668,0.065619,0.006532
913,1088.00,0.000,-9.667,21.4702,3.2896,50.2243,0.8551,3.6985,2.0838,0.0000,9.7229,0.0000,14.8532,0.0000,0.0000,18.3107,0.2515,0.0000,0.0000,0.0000,0.0000,0.0000,0.0000,0.0000,-333.300,-267.267,48.513,6.527,25.036,0.303225,0.249594,0.303475,0.066982,-0.018981,0.077504,0.018201
913,1088.00,0.000,-9.667,4.2076,3.3284,51.7014,0.2413,2.5784,1.3519,0.0000,17.6501,0.0000,20.2712,0.0000,0.0000,6.1153,0.0904,0.0000,0.0000,0.0000,0.0000,0.0000,0.0000,0.0000,-63.196,-50.013,9.685,1.264,5.010,-0.383865,0.750020,0.548484,0.041043,-0.027556,0.065358,0.006516
914,1087.00,0.000,-9.680,21.5210,3.2897,50.2296,0.8555,3.6893,2.0786,0.0000,9.7258,0.0000,14.8451,0.0000,0.0000,18.3242,0.2517,0.0000,0.0000,0.0000,0.0000,0.0000,0.0000,0.0000,-334.034,-267.922,48.606,6.542,25.091,0.303954,0.249015,0.303576,0.066861,-0.018835,0.077215,0.018213
914,1087.00,0.000,-9.680,4.4146,3.3287,51.7059,0.2403,2.5681,1.3464,0.0000,17.6803,0.0000,20.2671,0.0000,0.0000,6.1018,0.0902,0.0000,0.0000,0.0000,0.0000,0.0000,0.0000,0.0000,-66.283,-52.468,10.157,1.326,5.256,-0.385049,0.750555,0.549465,0.040878,-0.027449,0.065100,0.006500
915,1086.00,0.000,-9.693,21.5677,3.2898,50.2347,0.8561,3.6805,2.0734,0.0000,9.7283,0.0000,14.8372,0.0000,0.0000,18.3380,0.2518,0.0000,0.0000,0.0000,0.0000,0.0000,0.0000,0.0000,-334.706,-268.527,48.691,6.556,25.143,0.304694,0.248430,0.303663,0.066753,-0.018693,0.076930,0.018224
915,1086.00,0.000,-9.693,4.6158,3.3291,51.7103,0.2392,2.5581,1.3409,0.0000,17.7101,0.0000,20.2633,0.0000,0.0000,6.0882,0.0900,0.0000,0.0000,0.0000,0.0000,0.0000,0.0000,0.0000,-69.281,-54.853,10.616,1.387,5.495,-0.386228,0.751096,0.550431,0.040719,-0.027346,0.064846,0.006482
916,1085.00,0.000,-9.707,21.6106,3.2900,50.2395,0.8568,3.6720,2.0683,0.0000,9.7302,0.0000,14.8293,0.0000,0.0000,18.3520,0.2519,0.0000,0.0000,0.0000,0.0000,0.0000,0.0000,0.0000,-335.317,-269.085,48.766,6.569,25.189,0.305445,0.247838,0.303735,0.066656,-0.018555,0.076648,0.018232
916,1085.00,0.000,-9.707,4.8116,3.3295,51.7147,0.2383,2.5482,1.3354,0.0000,17.7394,0.0000,20.2598,0.0000,0.0000,6.0745,0.0897,0.0000,0.0000,0.0000,0.0000,0.0000,0.0000,0.0000,-72.196,-57.173,11.062,1.445,5.727,-0.387402,0.751641,0.551383,0.040566,-0.027247,0.064595,0.006463
917,1084.00,0.000,-9.720,21.6497,3.2901,50.2440,0.8577,3.6638,2.0630,0.0000,9.7318,0.0000,14.8215,0.0000,0.0000,18.3661,0.2520,0.0000,0.0000,0.0000,0.0000,0.0000,0.0000,0.0000,-335.873,-269.598,48.834,6.580,25.231,0.306205,0.247242,0.303793,0.066572,-0.018421,0.076370,0.018239
917,1084.00,0.000,-9.720,5.0023,3.3298,51.7191,0.2373,2.5386,1.3298,0.0000,17.7684,0.0000,20.2566,0.0000,0.0000,6.0608,0.0894,0.0000,0.0000,0.0000,0.0000,0.0000,0.0000,0.0000,-75.033,-59.432,11.495,1.502,5.953,-0.388571,0.752190,0.552323,0.040418,-0.027151,0.064347,0.006444
918,1083.00,0.000,-9.733,21.6854,3.2902,50.2483,0.8587,3.6559,2.0578,0.0000,9.7330,0.0000,14.8138,0.0000,0.0000,18.3805,0.2521,0.0000,0.0000,0.0000,0.0000,0.0000,0.0000,0.0000,-336.375,-270.069,48.893,6.591,25.270,0.306975,0.246640,0.303839,0.066500,-0.018292,0.076095,0.018244
918,1083.00,0.000,-9.733,5.1882,3.3301,51.7235,0.2364,2.5291,1.3243,0.0000,17.7969,0.0000,20.2537,0.0000,0.0000,6.0470,0.0891,0.0000,0.0000,0.0000,0.0000,0.0000,0.0000,0.0000,-77.797,-61.635,11.917,1.558,6.174,-0.389736,0.752744,0.553250,0.040277,-0.027059,0.064102,0.006424
919,1082.00,0.000,-9.746,21.7177,3.2903,50.2524,0.8598,3.6483,2.0526,0.0000,9.7338,0.0000,14.8061,0.0000,0.0000,18.3950,0.2521,0.0000,0.0000,0.0000,0.0000,0.0000,0.0000,0.0000,-336.825,-270.499,48.944,6.600,25.304,0.307752,0.246033,0.303872,0.066438,-0.018166,0.075824,0.018247
919,1082.00,0.000,-9.746,5.3697,3.3305,51.7278,0.2355,2.5199,1.3187,0.0000,17.8252,0.0000,20.2510,0.0000,0.0000,6.0331,0.0888,0.0000,0.0000,0.0000,0.0000,0.0000,0.0000,0.0000,-80.493,-63.785,12.329,1.612,6.389,-0.390898,0.753301,0.554165,0.040140,-0.026971,0.063860,0.006403
920,1081.00,0.000,-9.760,21.7468,3.2905,50.2562,0.8610,3.6410,2.0473,0.0000,9.7342,0.0000,14.7984,0.0000,0.0000,18.4098,0.2521,0.0000,0.0000,0.0000,0.0000,0.0000,0.0000,0.0000,-337.228,-270.890,48.988,6.609,25.334,0.308537,0.245422,0.303894,0.066387,-0.018044,0.075556,0.018248
920,1081.00,0.000,-9.760,5.5470,3.3308,51.7320,0.2347,2.5108,1.3131,0.0000,17.8531,0.0000,20.2486,0.0000,0.0000,6.0192,0.0885,0.0000,0.0000,0.0000,0.0000,0.0000,0.0000,0.0000,-83.125,-65.885,12.731,1.665,6.599,-0.392056,0.753861,0.555069,0.040009,-0.026886,0.063622,0.006381
921,1080.00,0.000,-9.773,21.7729,3.2906,50.2598,0.8624,3.6339,2.0420,0.0000,9.7343,0.0000,14.7908,0.0000,0.0000,18.4247,0.2521,0.0000,0.0000,0.0000,0.0000,0.0000,0.0000,0.0000,-337.583,-271.244,49.026,6.617,25.362,0.309329,0.244806,0.303905,0.066347,-0.017926,0.075292,0.018248
921,1080.00,0.000,-9.773,5.7203,3.3312,51.7362,0.2339,2.5018,1.3075,0.0000,17.8807,0.0000,20.2464,0.0000,0.0000,6.0052,0.0882,0.0000,0.0000,0.0000,0.0000,0.0000,0.0000,0.0000,-85.696,-67.938,13.124,1.717,6.804,-0.393210,0.754424,0.555963,0.039882,-0.026805,0.063387,0.006359
922,1079.00,0.000,-9.786,21.7961,3.2907,50.2632,0.8639,3.6272,2.0368,0.0000,9.7340,0.0000,14.7833,0.0000,0.0000,18.4397,0.2521,0.0000,0.0000,0.0000,0.0000,0.0000,0.0000,0.0000,-337.895,-271.563,49.057,6.624,25.385,0.310127,0.244187,0.303906,0.066317,-0.017812,0.075031,0.018245
922,1079.00,0.000,-9.786,5.8900,3.3315,51.7404,0.2331,2.4931,1.3019,0.0000,17.9080,0.0000,20.2444,0.0000,0.0000,5.9912,0.0879,0.0000,0.0000,0.0000,0.0000,0.0000,0.0000,0.0000,-88.211,-69.947,13.507,1.768,7.005,-0.394362,0.754990,0.556847,0.039761,-0.026727,0.063155,0.006336
923,1078.00,0.000,-9.800,21.8166,3.2908,50.2663,0.8655,3.6207,2.0315,0.0000,9.7335,0.0000,14.7757,0.0000,0.0000,18.4549,0.2520,0.0000,0.0000,0.0000,0.0000,0.0000,0.0000,0.0000,-338.165,-271.849,49.081,6.630,25.406,0.310930,0.243564,0.303896,0.066296,-0.017701,0.074773,0.018242
923,1078.00,0.000,-9.800,6.0562,3.3318,51.7445,0.2323,2.4845,1.2964,0.0000,17.9351,0.0000,20.2425,0.0000,0.0000,5.9772,0.0876,0.0000,0.0000,0.0000,0.0000,0.0000,0.0000,0.0000,-90.672,-71.915,13.883,1.818,7.202,-0.395511,0.755559,0.557722,0.039644,-0.026652,0.062926,0.006312
924,1077.00,0.000,-9.813,21.8344,3.2909,50.2692,0.8672,3.6144,2.0262,0.0000,9.7326,0.0000,14.7682,0.0000,0.0000,18.4702,0.2519,0.0000,0.0000,0.0000,0.0000,0.0000,0.0000,0.0000,-338.395,-272.103,49.100,6.635,25.423,0.311738,0.242937,0.303878,0.066286,-0.017594,0.074518,0.018237
924,1077.00,0.000,-9.813,6.2190,3.3321,51.7486,0.2316,2.4761,1.2908,0.0000,17.9618,0.0000,20.2409,0.0000,0.0000,5.9631,0.0872,0.0000,0.0000,0.0000,0.0000,0.0000,0.0000,0.0000,-93.083,-73.843,14.250,1.866,7.394,-0.396658,0.756130,0.558589,0.039532,-0.026581,0.062700,0.006288
925,1076.00,0.000,-9.827,21.8498,3.2911,50.2720,0.8690,3.6084,2.0209,0.0000,9.7315,0.0000,14.7607,0.0000,0.0000,18.4857,0.2518,0.0000,0.0000,0.0000,0.0000,0.0000,0.0000,0.0000,-338.587,-272.326,49.113,6.639,25.438,0.312550,0.242307,0.303851,0.066284,-0.017489,0.074267,0.018230
925,1076.00,0.000,-9.827,6.3788,3.3325,51.7526,0.2308,2.4678,1.2852,0.0000,17.9884,0.0000,20.2394,0.0000,0.0000,5.9489,0.0869,0.0000,0.0000,0.0000,0.0000,0.0000,0.0000,0.0000,-95.445,-75.734,14.610,1.914,7.583,-0.397803,0.756704,0.559447,0.039424,-0.026512,0.062477,0.006264
926,1075.00,0.000,-9.840,21.8628,3.2912,50.2745,0.8709,3.6027,2.0156,0.0000,9.7302,0.0000,14.7532,0.0000,0.0000,18.5012,0.2517,0.0000,0.0000,0.0000,0.0000,0.0000,0.0000,0.0000,-338.743,-272.521,49.121,6.643,25.450,0.313367,0.241674,0.303816,0.066292,-0.017388,0.074019,0.018222
926,1075.00,0.000,-9.840,6.5356,3.3328,51.7565,0.2302,2.4597,1.2796,0.0000,18.0147,0.0000,20.2380,0.0000,0.0000,5.9348,0.0865,0.0000,0.0000,0.0000,0.0000,0.0000,0.0000,0.0000,-97.762,-77.590,14.963,1.961,7.769,-0.398946,0.757279,0.560298,0.039320,-0.026446,0.062257,0.006238
927,1074.00,0.000,-9.853,21.8735,3.2913,50.2768,0.8729,3.5972,2.0103,0.0000,9.7285,0.0000,14.7458,0.0000,0.0000,18.5169,0.2516,0.0000,0.0000,0.0000,0.0000,0.0000,0.0000,0.0000,-338.864,-272.687,49.123,6.646,25.459,0.314186,0.241038,0.303773,0.066308,-0.017291,0.073774,0.018212
927,1074.00,0.000,-9.853,6.6896,3.3331,51.7604,0.2295,2.4518,1.2740,0.0000,18.0408,0.0000,20.2367,0.0000,0.0000,5.9206,0.0862,0.0000,0.0000,0.0000,0.0000,0.0000,0.0000,0.0000,-100.036,-79.412,15.309,2.007,7.951,-0.400087,0.757856,0.561142,0.039220,-0.026383,0.062040,0.006213
928,1073.00,0.000,-9.867,21.8820,3.2914,50.2789,0.8750,3.5919,2.0051,0.0000,9.7267,0.0000,14.7383,0.0000,0.0000,18.5327,0.2514,0.0000,0.0000,0.0000,0.0000,0.0000,0.0000,0.0000,-338.952,-272.828,49.121,6.648,25.466,0.315009,0.240399,0.303723,0.066332,-0.017196,0.073532,0.018201
928,1073.00,0.000,-9.867,6.8409,3.3334,51.7643,0.2288,2.4440,1.2684,0.0000,18.0667,0.0000,20.2356,0.0000,0.0000,5.9064,0.0858,0.0000,0.0000,0.0000,0.0000,0.0000,0.0000,0.0000,-102.268,-81.202,15.649,2.052,8.129,-0.401227,0.758435,0.561979,0.039124,-0.026323,0.061826,0.006187
929,1072.00,0.000,-9.880,21.8885,3.2915,50.2808,0.8772,3.5869,1.9998,0.0000,9.7246,0.0000,14.7309,0.0000,0.0000,18.5486,0.2513,0.0000,0.0000,0.0000,0.0000,0.0000,0.0000,0.0000,-339.009,-272.943,49.114,6.650,25.470,0.315834,0.239758,0.303665,0.066365,-0.017103,0.073293,0.018189
929,1072.00,0.000,-9.880,6.9897,3.3337,51.7680,0.2282,2.4363,1.2629,0.0000,18.0924,0.0000,20.2346,0.0000,0.0000,5.8922,0.0854,0.0000,0.0000,0.0000,0.0000,0.0000,0.0000,0.0000,-104.462,-82.963,15.983,2.097,8.305,-0.402366,0.759015,0.562810,0.039032,-0.026265,0.061614,0.006160
930,1071.00,0.000,-9.894,21.8931,3.2916,50.2825,0.8795,3.5820,1.9945,0.0000,9.7224,0.0000,14.7235,0.0000,0.0000,18.5646,0.2511,0.0000,0.0000,0.0000,0.0000,0.0000,0.0000,0.0000,-339.035,-273.034,49.103,6.651,25.472,0.316660,0.239114,0.303602,0.066405,-0.017014,0.073056,0.018176
930,1071.00,0.000,-9.894,7.1360,3.3341,51.7717,0.2276,2.4288,1.2573,0.0000,18.1180,0.0000,20.2336,0.0000,0.0000,5.8780,0.0850,0.0000,0.0000,0.0000,0.0000,0.0000,0.0000,0.0000,-106.619,-84.694,16.311,2.140,8.478,-0.403503,0.759596,0.563635,0.038943,-0.026210,0.061406,0.006133
931,1070.00,0.000,-9.908,21.8957,3.2917,50.2840,0.8819,3.5774,1.9892,0.0000,9.7199,0.0000,14.7160,0.0000,0.0000,18.5807,0.2509,0.0000,0.0000,0.0000,0.0000,0.0000,0.0000,0.0000,-339.033,-273.102,49.087,6.652,25.472,0.317489,0.238468,0.303532,0.066453,-0.016927,0.072822,0.018162
931,1070.00,0.000,-9.908,7.2801,3.3344,51.7754,0.2270,2.4214,1.2518,0.0000,18.1434,0.0000,20.2327,0.0000,0.0000,5.8637,0.0847,0.0000,0.0000,0.0000,0.0000,0.0000,0.0000,0.0000,-108.740,-86.398,16.633,2.183,8.648,-0.404640,0.760179,0.564456,0.038858,-0.026157,0.061200,0.006106
932,1069.00,0.000,-9.921,21.8966,3.2918,50.2853,0.8843,3.5730,1.9840,0.0000,9.7173,0.0000,14.7086,0.0000,0.0000,18.5969,0.2506,0.0000,0.0000,0.0000,0.0000,0.0000,0.0000,0.0000,-339.004,-273.148,49.067,6.652,25.469,0.318319,0.237821,0.303457,0.066509,-0.016843,0.072591,0.018146
932,1069.00,0.000,-9.921,7.4220,3.3347,51.7789,0.2264,2.4141,1.2462,0.0000,18.1686,0.0000,20.2319,0.0000,0.0000,5.8495,0.0843,0.0000,0.0000,0.0000,0.0000,0.0000,0.0000,0.0000,-110.827,-88.076,16.951,2.226,8.816,-0.405775,0.760762,0.565271,0.038775,-0.026107,0.060996,0.006078
933,1068.00,0.000,-9.935,21.8957,3.2920,50.2865,0.8869,3.5687,1.9787,0.0000,9.7145,0.0000,14.7011,0.0000,0.0000,18.6131,0.2504,0.0000,0.0000,0.0000,0.0000,0.0000,0.0000,0.0000,-338.949,-273.173,49.044,6.651,25.465,0.319150,0.237171,0.303376,0.066571,-0.016761,0.072363,0.018130
933,1068.00,0.000,-9.935,7.5618,3.3350,51.7825,0.2258,2.4069,1.2407,0.0000,18.1937,0.0000,20.2312,0.0000,0.0000,5.8352,0.0839,0.0000,0.0000,0.0000,0.0000,0.0000,0.0000,0.0000,-112.881,-89.729,17.263,2.267,8.981,-0.406911,0.761346,0.566082,0.038697,-0.026059,0.060795,0.006050
934,1067.00,0.000,-9.948,21.8933,3.2921,50.2875,0.8895,3.5647,1.9734,0.0000,9.7116,0.0000,14.6937,0.0000,0.0000,18.6294,0.2502,0.0000,0.0000,0.0000,0.0000,0.0000,0.0000,0.0000,-338.869,-273.179,49.017,6.650,25.459,0.319981,0.236519,0.303291,0.066641,-0.016681,0.072137,0.018112
934,1067.00,0.000,-9.948,7.6995,3.3353,51.7859,0.2253,2.3999,1.2352,0.0000,18.2187,0.0000,20.2305,0.0000,0.0000,5.8210,0.0835,0.0000,0.0000,0.0000,0.0000,0.0000,0.0000,0.0000,-114.905,-91.358,17.570,2.308,9.143,-0.408046,0.761931,0.566889,0.038621,-0.026013,0.060596,0.006022
935,1066.00,0.000,-9.962,21.8893,3.2922,50.2883,0.8922,3.5609,1.9682,0.0000,9.7085,0.0000,14.6862,0.0000,0.0000,18.6458,0.2499,0.0000,0.0000,0.0000,0.0000,0.0000,0.0000,0.0000,-338.765,-273.165,48.986,6.649,25.451,0.320813,0.235866,0.303201,0.066717,-0.016603,0.071913,0.018094
935,1066.00,0.000,-9.962,7.8354,3.3356,51.7893,0.2248,2.3930,1.2297,0.0000,18.2436,0.0000,20.2299,0.0000,0.0000,5.8067,0.0831,0.0000,0.0000,0.0000,0.0000,0.0000,0.0000,0.0000,-116.898,-92.964,17.873,2.349,9.303,-0.409180,0.762516,0.567692,0.038547,-0.025969,0.060400,0.005993
936,1065.00,0.000,-9.976,21.8838,3.2923,50.2889,0.8950,3.5572,1.9630,0.0000,9.7053,0.0000,14.6788,0.0000,0.0000,18.6623,0.2496,0.0000,0.0000,0.0000,0.0000,0.0000,0.0000,0.0000,-338.639,-273.133,48.952,6.647,25.441,0.321644,0.235212,0.303106,0.066799,-0.016528,0.071691,0.018074
936,1065.00,0.000,-9.976,7.9694,3.3359,51.7926,0.2243,2.3862,1.2242,0.0000,18.2684,0.0000,20.2292,0.0000,0.0000,5.7924,0.0827,0.0000,0.0000,0.0000,0.0000,0.0000,0.0000,0.0000,-118.864,-94.548,18.171,2.389,9.461,-0.410315,0.763102,0.568492,0.038477,-0.025926,0.060206,0.005964
937,1064.00,0.000,-9.989,21.8770,3.2924,50.2893,0.8979,3.5537,1.9577,0.0000,9.7019,0.0000,14.6713,0.0000,0.0000,18.6788,0.2493,0.0000,0.0000,0.0000,0.0000,0.0000,0.0000,0.0000,-338.492,-273.084,48.916,6.645,25.430,0.322475,0.234556,0.303008,0.066888,-0.016454,0.071472,0.018054
937,1064.00,0.000,-9.989,8.1016,3.3362,51.7959,0.2238,2.3795,1.2187,0.0000,18.2930,0.0000,20.2287,0.0000,0.0000,5.7782,0.0823,0.0000,0.0000,0.0000,0.0000,0.0000,0.0000,0.0000,-120.801,-96.111,18.465,2.428,9.617,-0.411449,0.763688,0.569289,0.038409,-0.025886,0.060014,0.005935
938,1063.00,0.000,-10.003,21.8688,3.2925,50.2896,0.9009,3.5504,1.9525,0.0000,9.6984,0.0000,14.6638,0.0000,0.0000,18.6953,0.2490,0.0000,0.0000,0.0000,0.0000,0.0000,0.0000,0.0000,-338.324,-273.019,48.876,6.642,25.417,0.323306,0.233899,0.302906,0.066983,-0.016382,0.071255,0.018033
938,1063.00,0.000,-10.003,8.2321,3.3365,51.7991,0.2233,2.3729,1.2133,0.0000,18.3176,0.0000,20.2281,0.0000,0.0000,5.7639,0.0819,0.0000,0.0000,0.0000,0.0000,0.0000,0.0000,0.0000,-122.713,-97.654,18.754,2.467,9.771,-0.412584,0.764275,0.570083,0.038344,-0.025847,0.059824,0.005906
939,1062.00,0.000,-10.017,21.8593,3.2927,50.2898,0.9039,3.5472,1.9473,0.0000,9.6949,0.0000,14.6563,0.0000,0.0000,18.7119,0.2487,0.0000,0.0000,0.0000,0.0000,0.0000,0.0000,0.0000,-338.137,-272.938,48.833,6.639,25.403,0.324136,0.233240,0.302801,0.067084,-0.016312,0.071039,0.018011
939,1062.00,0.000,-10.017,8.3610,3.3369,51.8023,0.2228,2.3664,1.2078,0.0000,18.3422,0.0000,20.2275,0.0000,0.0000,5.7497,0.0814,0.0000,0.0000,0.0000,0.0000,0.0000,0.0000,0.0000,-124.599,-99.177,19.040,2.506,9.922,-0.413719,0.764861,0.570875,0.038281,-0.025810,0.059636,0.005876
940,1061.00,0.000,-10.030,21.8486,3.2928,50.2898,0.9070,3.5442,1.9421,0.0000,9.6912,0.0000,14.6487,0.0000,0.0000,18.7286,0.2484,0.0000,0.0000,0.0000,0.0000,0.0000,0.0000,0.0000,-337.931,-272.842,48.787,6.635,25.387,0.324964,0.232581,0.302692,0.067191,-0.016243,0.070826,0.017989
940,1061.00,0.000,-10.030,8.4884,3.3372,51.8053,0.2223,2.3599,1.2024,0.0000,18.3666,0.0000,20.2269,0.0000,0.0000,5.7354,0.0810,0.0000,0.0000,0.0000,0.0000,0.0000,0.0000,0.0000,-126.460,-100.681,19.322,2.544,10.072,-0.414854,0.765447,0.571665,0.038220,-0.025775,0.059450,0.005847
941,1060.00,0.000,-10.044,21.8368,3.2929,50.2896,0.9102,3.5413,1.9370,0.0000,9.6874,0.0000,14.6412,0.0000,0.0000,18.7453,0.2481,0.0000,0.0000,0.0000,0.0000,0.0000,0.0000,0.0000,-337.708,-272.731,48.739,6.632,25.370,0.325792,0.231921,0.302581,0.067303,-0.016176,0.070614,0.017965
941,1060.00,0.000,-10.044,8.6142,3.3375,51.8084,0.2219,2.3536,1.1970,0.0000,18.3911,0.0000,20.2264,0.0000,0.0000,5.7212,0.0806,0.0000,0.0000,0.0000,0.0000,0.0000,0.0000,0.0000,-128.298,-102.168,19.601,2.581,10.220,-0.415991,0.766033,0.572454,0.038162,-0.025741,0.059266,0.005817
942,1059.00,0.000,-10.058,21.8239,3.2930,50.2893,0.9134,3.5386,1.9318,0.0000,9.6836,0.0000,14.6336,0.0000,0.0000,18.7620,0.2478,0.0000,0.0000,0.0000,0.0000,0.0000,0.0000,0.0000,-337.469,-272.608,48.689,6.627,25.352,0.326617,0.231260,0.302468,0.067420,-0.016110,0.070404,0.017941
942,1059.00,0.000,-10.058,8.7385,3.3378,51.8113,0.2214,2.3474,1.1916,0.0000,18.4154,0.0000,20.2258,0.0000,0.0000,5.7069,0.0802,0.0000,0.0000,0.0000,0.0000,0.0000,0.0000,0.0000,-130.113,-103.637,19.875,2.618,10.367,-0.417127,0.766620,0.573241,0.038105,-0.025709,0.059084,0.005787
943,1058.00,0.000,-10.072,21.8099,3.2931,50.2888,0.9167,3.5360,1.9266,0.0000,9.6797,0.0000,14.6260,0.0000,0.0000,18.7788,0.2474,0.0000,0.0000,0.0000,0.0000,0.0000,0.0000,0.0000,-337.213,-272.471,48.636,6.623,25.332,0.327441,0.230598,0.302352,0.067542,-0.016046,0.070196,0.017917
943,1058.00,0.000,-10.072,8.8615,3.3381,51.8142,0.2210,2.3412,1.1862,0.0000,18.4397,0.0000,20.2252,0.0000,0.0000,5.6927,0.0798,0.0000,0.0000,0.0000,0.0000,0.0000,0.0000,0.0000,-131.907,-105.089,20.147,2.655,10.511,-0.418265,0.767205,0.574027,0.038050,-0.025677,0.058903,0.005757
944,1057.00,0.000,-10.085,21.7950,3.2932,50.2882,0.9201,3.5335,1.9215,0.0000,9.6757,0.0000,14.6184,0.0000,0.0000,18.7956,0.2471,0.0000,0.0000,0.0000,0.0000,0.0000,0.0000,0.0000,-336.942,-272.322,48.581,6.618,25.312,0.328263,0.229935,0.302233,0.067670,-0.015982,0.069989,0.017892
944,1057.00,0.000,-10.085,8.9831,3.3384,51.8171,0.2206,2.3351,1.1808,0.0000,18.4641,0.0000,20.2245,0.0000,0.0000,5.6785,0.0793,0.0000,0.0000,0.0000,0.0000,0.0000,0.0000,0.0000,-133.679,-106.524,20.415,2.691,10.654,-0.419403,0.767791,0.574812,0.037998,-0.025648,0.058724,0.005727
945,1056.00,0.000,-10.099,21.7791,3.2934,50.2874,0.9235,3.5312,1.9163,0.0000,9.6717,0.0000,14.6107,0.0000,0.0000,18.8124,0.2467,0.0000,0.0000,0.0000,0.0000,0.0000,0.0000,0.0000,-336.657,-272.161,48.524,6.613,25.290,0.329083,0.229272,0.302114,0.067802,-0.015920,0.069783,0.017866
945,1056.00,0.000,-10.099,9.1033,3.3387,51.8199,0.2202,2.3291,1.1754,0.0000,18.4883,0.0000,20.2239,0.0000,0.0000,5.6643,0.0789,0.0000,0.0000,0.0000,0.0000,0.0000,0.0000,0.0000,-135.430,-107.944,20.679,2.727,10.795,-0.420543,0.768376,0.575596,0.037946,-0.025619,0.058547,0.005696
946,1055.00,0.000,-10.113,21.7623,3.2935,50.2865,0.9271,3.5290,1.9112,0.0000,9.6676,0.0000,14.6030,0.0000,0.0000,18.8292,0.2463,0.0000,0.0000,0.0000,0.0000,0.0000,0.0000,0.0000,-336.359,-271.990,48.465,6.608,25.267,0.329900,0.228608,0.301992,0.067939,-0.015859,0.069579,0.017840
946,1055.00,0.000,-10.113,9.2224,3.3390,51.8226,0.2198,2.3232,1.1701,0.0000,18.5126,0.0000,20.2232,0.0000,0.0000,5.6502,0.0785,0.0000,0.0000,0.0000,0.0000,0.0000,0.0000,0.0000,-137.162,-109.349,20.941,2.762,10.935,-0.421684,0.768960,0.576381,0.037897,-0.025591,0.058371,0.005666
947,1054.00,0.000,-10.127,21.7447,3.2936,50.2855,0.9306,3.5270,1.9061,0.0000,9.6634,0.0000,14.5953,0.0000,0.0000,18.8461,0.2460,0.0000,0.0000,0.0000,0.0000,0.0000,0.0000,0.0000,-336.047,-271.807,48.404,6.602,25.244,0.330715,0.227944,0.301869,0.068081,-0.015798,0.069376,0.017813
947,1054.00,0.000,-10.127,9.3401,3.3393,51.8252,0.2194,2.3173,1.1648,0.0000,18.5369,0.0000,20.2224,0.0000,0.0000,5.6360,0.0781,0.0000,0.0000,0.0000,0.0000,0.0000,0.0000,0.0000,-138.874,-110.739,21.200,2.797,11.073,-0.422826,0.769544,0.577165,0.037849,-0.025565,0.058197,0.005635
948,1053.00,0.000,-10.141,21.7263,3.2937,50.2843,0.9343,3.5250,1.9010,0.0000,9.6592,0.0000,14.5876,0.0000,0.0000,18.8630,0.2456,0.0000,0.0000,0.0000,0.0000,0.0000,0.0000,0.0000,-335.724,-271.615,48.342,6.596,25.219,0.331527,0.227280,0.301745,0.068227,-0.015739,0.069174,0.017786
948,1053.00,0.000,-10.141,9.4567,3.3396,51.8278,0.2190,2.3115,1.1594,0.0000,18.5611,0.0000,20.2216,0.0000,0.0000,5.6219,0.0776,0.0000,0.0000,0.0000,0.0000,0.0000,0.0000,0.0000,-140.567,-112.114,21.455,2.832,11.210,-0.423969,0.770127,0.577950,0.037802,-0.025539,0.058024,0.005605
949,1052.00,0.000,-10.155,21.7071,3.2938,50.2831,0.9380,3.5231,1.8959,0.0000,9.6550,0.0000,14.5798,0.0000,0.0000,18.8799,0.2452,0.0000,0.0000,0.0000,0.0000,0.0000,0.0000,0.0000,-335.388,-271.413,48.278,6.590,25.193,0.332336,0.226615,0.301620,0.068377,-0.015680,0.068973,0.017759
949,1052.00,0.000,-10.155,9.5721,3.3400,51.8304,0.2186,2.3057,1.1541,0.0000,18.5854,0.0000,20.2208,0.0000,0.0000,5.6077,0.0772,0.0000,0.0000,0.0000,0.0000,0.0000,0.0000,0.0000,-142.243,-113.476,21.708,2.866,11.345,-0.425114,0.770709,0.578735,0.037757,-0.025514,0.057852,0.005574
950,1051.00,0.000,-10.169,21.6872,3.2940,50.2817,0.9417,3.5214,1.8908,0.0000,9.6508,0.0000,14.5720,0.0000,0.0000,18.8968,0.2448,0.0000,0.0000,0.0000,0.0000,0.0000,0.0000,0.0000,-335.042,-271.202,48.212,6.584,25.167,0.333142,0.225950,0.301494,0.068531,-0.015622,0.068773,0.017731
950,1051.00,0.000,-10.169,9.6864,3.3403,51.8329,0.2182,2.3000,1.1488,0.0000,18.6097,0.0000,20.2199,0.0000,0.0000,5.5937,0.0768,0.0000,0.0000,0.0000,0.0000,0.0000,0.0000,0.0000,-143.900,-114.824,21.958,2.900,11.479,-0.426260,0.771291,0.579521,0.037713,-0.025490,0.057682,0.005544
951,1050.00,0.000,-10.183,21.6667,3.2941,50.2801,0.9455,3.5198,1.8858,0.0000,9.6465,0.0000,14.5641,0.0000,0.0000,18.9137,0.2444,0.0000,0.0000,0.0000,0.0000,0.0000,0.0000,0.0000,-334.685,-270.983,48.144,6.577,25.140,0.333945,0.225285,0.301368,0.068690,-0.015564,0.068574,0.017703
951,1050.00,0.000,-10.183,9.7996,3.3406,51.8353,0.2179,2.2943,1.1436,0.0000,18.6340,0.0000,20.2189,0.0000,0.0000,5.5796,0.0764,0.0000,0.0000,0.0000,0.0000,0.0000,0.0000,0.0000,-145.540,-116.159,22.205,2.933,11.612,-0.427408,0.771872,0.580308,0.037670,-0.025467,0.057513,0.005513
952,1049.00,0.000,-10.197,21.6454,3.2942,50.2785,0.9494,3.5182,1.8807,0.0000,9.6423,0.0000,14.5563,0.0000,0.0000,18.9306,0.2440,0.0000,0.0000,0.0000,0.0000,0.0000,0.0000,0.0000,-334.318,-270.755,48.076,6.571,25.112,0.334745,0.224619,0.301241,0.068852,-0.015507,0.068376,0.017674
952,1049.00,0.000,-10.197,9.9117,3.3409,51.8377,0.2175,2.2887,1.1383,0.0000,18.6584,0.0000,20.2179,0.0000,0.0000,5.5655,0.0759,0.0000,0.0000,0.0000,0.0000,0.0000,0.0000,0.0000,-147.164,-117.481,22.450,2.967,11.744,-0.428558,0.772452,0.581096,0.037628,-0.025445,0.057344,0.005483
953,1048.00,0.000,-10.211,21.6236,3.2944,50.2767,0.9534,3.5168,1.8756,0.0000,9.6380,0.0000,14.5483,0.0000,0.0000,18.9476,0.2436,0.0000,0.0000,0.0000,0.0000,0.0000,0.0000,0.0000,-333.942,-270.520,48.006,6.564,25.083,0.335541,0.223954,0.301113,0.069018,-0.015450,0.068179,0.017645
953,1048.00,0.000,-10.211,10.0228,3.3412,51.8400,0.2172,2.2832,1.1331,0.0000,18.6828,0.0000,20.2168,0.0000,0.0000,5.5515,0.0755,0.0000,0.0000,0.0000,0.0000,0.0000,0.0000,0.0000,-148.770,-118.791,22.692,3.000,11.874,-0.429709,0.773031,0.581885,0.037587,-0.025423,0.057177,0.005452
954,1047.00,0.000,-10.225,21.6012,3.2945,50.2748,0.9574,3.5154,1.8706,0.0000,9.6337,0.0000,14.5404,0.0000,0.0000,18.9645,0.2432,0.0000,0.0000,0.0000,0.0000,0.0000,0.0000,0.0000,-333.558,-270.277,47.934,6.557,25.054,0.336334,0.223288,0.300986,0.069187,-0.015394,0.067982,0.017616
954,1047.00,0.000,-10.225,10.1329,3.3415,51.8423,0.2168,2.2777,1.1278,0.0000,18.7072,0.0000,20.2156,0.0000,0.0000,5.5375,0.0751,0.0000,0.0000,0.0000,0.0000,0.0000,0.0000,0.0000,-150.361,-120.088,22.932,3.032,12.002,-0.430862,0.773609,0.582676,0.037547,-0.025402,0.057011,0.005421
955,1046.00,0.000,-10.239,21.5783,3.2946,50.2728,0.9614,3.5141,1.8656,0.0000,9.6294,0.0000,14.5324,0.0000,0.0000,18.9814,0.2428,0.0000,0.0000,0.0000,0.0000,0.0000,0.0000,0.0000,-333.165,-270.028,47.862,6.550,25.024,0.337123,0.222623,0.300858,0.069360,-0.015338,0.067786,0.017587
955,1046.00,0.000,-10.239,10.2419,3.3419,51.8445,0.2165,2.2722,1.1226,0.0000,18.7316,0.0000,20.2144,0.0000,0.0000,5.5235,0.0747,0.0000,0.0000,0.0000,0.0000,0.0000,0.0000,0.0000,-151.936,-121.373,23.169,3.065,12.130,-0.432018,0.774186,0.583468,0.037508,-0.025381,0.056846,0.005391
956,1045.00,0.000,-10.253,21.5548,3.2947,50.2707,0.9655,3.5130,1.8606,0.0000,9.6251,0.0000,14.5244,0.0000,0.0000,18.9984,0.2424,0.0000,0.0000,0.0000,0.0000,0.0000,0.0000,0.0000,-332.764,-269.772,47.788,6.542,24.993,0.337909,0.221958,0.300731,0.069536,-0.015282,0.067590,0.017557
956,1045.00,0.000,-10.253,10.3500,3.3422,51.8467,0.2161,2.2668,1.1174,0.0000,18.7562,0.0000,20.2130,0.0000,0.0000,5.5095,0.0742,0.0000,0.0000,0.0000,0.0000,0.0000,0.0000,0.0000,-153.496,-122.646,23.404,3.097,12.257,-0.433175,0.774762,0.584263,0.037469,-0.025361,0.056682,0.005360
957,1044.00,0.000,-10.267,21.5309,3.2949,50.2685,0.9697,3.5119,1.8556,0.0000,9.6208,0.0000,14.5163,0.0000,0.0000,19.0153,0.2420,0.0000,0.0000,0.0000,0.0000,0.0000,0.0000,0.0000,-332.355,-269.509,47.714,6.535,24.962,0.338690,0.221293,0.300604,0.069716,-0.015226,0.067395,0.017528
957,1044.00,0.000,-10.267,10.4572,3.3425,51.8488,0.2158,2.2614,1.1122,0.0000,18.7807,0.0000,20.2116,0.0000,0.0000,5.4956,0.0738,0.0000,0.0000,0.0000,0.0000,0.0000,0.0000,0.0000,-155.040,-123.908,23.636,3.129,12.382,-0.434334,0.775336,0.585059,0.037432,-0.025341,0.056518,0.005330
958,1043.00,0.000,-10.281,21.5065,3.2950,50.2661,0.9739,3.5108,1.8506,0.0000,9.6165,0.0000,14.5082,0.0000,0.0000,19.0322,0.2416,0.0000,0.0000,0.0000,0.0000,0.0000,0.0000,0.0000,-331.940,-269.241,47.638,6.527,24.931,0.339468,0.220628,0.300477,0.069899,-0.015170,0.067201,0.017498
958,1043.00,0.000,-10.281,10.5634,3.3428,51.8509,0.2155,2.2560,1.1071,0.0000,18.8053,0.0000,20.2101,0.0000,0.0000,5.4817,0.0734,0.0000,0.0000,0.0000,0.0000,0.0000,0.0000,0.0000,-156.570,-125.159,23.866,3.160,12.506,-0.435496,0.775910,0.585858,0.037395,-0.025322,0.056355,0.005300
959,1042.00,0.000,-10.295,21.4817,3.2951,50.2637,0.9782,3.5099,1.8456,0.0000,9.6123,0.0000,14.5000,0.0000,0.0000,19.0491,0.2411,0.0000,0.0000,0.0000,0.0000,0.0000,0.0000,0.0000,-331.518,-268.968,47.562,6.519,24.899,0.340242,0.219963,0.300351,0.070085,-0.015115,0.067006,0.017468
959,1042.00,0.000,-10.295,10.6687,3.3431,51.8529,0.2152,2.2507,1.1019,0.0000,18.8300,0.0000,20.2085,0.0000,0.0000,5.4678,0.0730,0.0000,0.0000,0.0000,0.0000,0.0000,0.0000,0.0000,-158.085,-126.398,24.094,3.191,12.629,-0.436659,0.776482,0.586658,0.037358,-0.025303,0.056193,0.005269
960,1041.00,0.000,-10.309,21.4565,3.2953,50.2612,0.9825,3.5090,1.8407,0.0000,9.6080,0.0000,14.4919,0.0000,0.0000,19.0660,0.2407,0.0000,0.0000,0.0000,0.0000,0.0000,0.0000,0.0000,-331.090,-268.689,47.484,6.511,24.866,0.341012,0.219298,0.300225,0.070273,-0.015059,0.066812,0.017438
960,1041.00,0.000,-10.309,10.7730,3.3435,51.8549,0.2148,2.2454,1.0968,0.0000,18.8548,0.0000,20.2069,0.0000,0.0000,5.4540,0.0725,0.0000,0.0000,0.0000,0.0000,0.0000,0.0000,0.0000,-159.585,-127.626,24.319,3.222,12.751,-0.437825,0.777054,0.587462,0.037322,-0.025284,0.056032,0.005239
961,1040.00,0.000,-10.323,21.4164,3.2955,50.2572,0.9887,3.5066,1.8346,0.0000,9.6087,0.0000,14.4805,0.0000,0.0000,19.0836,0.2402,0.0000,0.0000,0.0000,0.0000,0.0000,0.0000,0.0000,-330.421,-268.213,47.373,6.499,24.816,0.341658,0.218591,0.300262,0.070500,-0.014936,0.066520,0.017406
961,1040.00,0.000,-10.323,10.9495,3.3439,51.8560,0.2147,2.2380,1.0906,0.0000,18.8889,0.0000,20.1995,0.0000,0.0000,5.4403,0.0721,0.0000,0.0000,0.0000,0.0000,0.0000,0.0000,0.0000,-162.142,-129.698,24.706,3.274,12.958,-0.439242,0.777613,0.588581,0.037265,-0.025231,0.055808,0.005206
962,1039.00,0.000,-10.337,21.3707,3.2957,50.2526,0.9955,3.5035,1.8280,0.0000,9.6116,0.0000,14.4678,0.0000,0.0000,19.1013,0.2398,0.0000,0.0000,0.0000,0.0000,0.0000,0.0000,0.0000,-329.660,-267.661,47.250,6.484,24.758,0.342249,0.217869,0.300368,0.070738,-0.014787,0.066190,0.017373
962,1039.00,0.000,-10.337,11.1483,3.3444,51.8567,0.2147,2.2298,1.0840,0.0000,18.9269,0.0000,20.1897,0.0000,0.0000,5.4267,0.0716,0.0000,0.0000,0.0000,0.0000,0.0000,0.0000,0.0000,-165.021,-132.029,25.144,3.333,13.190,-0.440763,0.778165,0.589832,0.037198,-0.025164,0.055560,0.005172
963,1038.00,0.000,-10.352,21.3257,3.2960,50.2480,1.0023,3.5005,1.8216,0.0000,9.6144,0.0000,14.4551,0.0000,0.0000,19.1188,0.2393,0.0000,0.0000,0.0000,0.0000,0.0000,0.0000,0.0000,-328.911,-267.119,47.128,6.470,24.702,0.342835,0.217153,0.300474,0.070973,-0.014639,0.065864,0.017341
963,1038.00,0.000,-10.352,11.3378,3.3448,51.8574,0.2147,2.2217,1.0775,0.0000,18.9647,0.0000,20.1799,0.0000,0.0000,5.4131,0.0711,0.0000,0.0000,0.0000,0.0000,0.0000,0.0000,0.0000,-167.761,-134.249,25.559,3.390,13.412,-0.442281,0.778715,0.591079,0.037130,-0.025097,0.055314,0.005139
964,1037.00,0.000,-10.366,21.2815,3.2962,50.2435,1.0089,3.4976,1.8152,0.0000,9.6171,0.0000,14.4426,0.0000,0.0000,19.1362,0.2389,0.0000,0.0000,0.0000,0.0000,0.0000,0.0000,0.0000,-328.174,-266.586,47.008,6.456,24.647,0.343418,0.216441,0.300579,0.071204,-0.014493,0.065541,0.017310
964,1037.00,0.000,-10.366,11.5189,3.3453,51.8581,0.2146,2.2136,1.0710,0.0000,19.0024,0.0000,20.1700,0.0000,0.0000,5.3996,0.0707,0.0000,0.0000,0.0000,0.0000,0.0000,0.0000,0.0000,-170.375,-136.369,25.956,3.443,13.624,-0.443794,0.779263,0.592322,0.037062,-0.025031,0.055072,0.005106
965,1036.00,0.000,-10.380,21.2380,3.2964,50.2391,1.0155,3.4946,1.8089,0.0000,9.6199,0.0000,14.4301,0.0000,0.0000,19.1535,0.2385,0.0000,0.0000,0.0000,0.0000,0.0000,0.0000,0.0000,-327.447,-266.061,46.890,6.443,24.592,0.343998,0.215733,0.300682,0.071433,-0.014348,0.065222,0.017280
965,1036.00,0.000,-10.380,11.6922,3.3458,51.8587,0.2145,2.2056,1.0647,0.0000,19.0400,0.0000,20.1602,0.0000,0.0000,5.3861,0.0702,0.0000,0.0000,0.0000,0.0000,0.0000,0.0000,0.0000,-172.872,-138.396,26.334,3.495,13.826,-0.445302,0.779808,0.593561,0.036993,-0.024966,0.054832,0.005074
966,1035.00,0.000,-10.394,21.1951,3.2967,50.2347,1.0220,3.4917,1.8026,0.0000,9.6225,0.0000,14.4177,0.0000,0.0000,19.1706,0.2380,0.0000,0.0000,0.0000,0.0000,0.0000,0.0000,0.0000,-326.731,-265.545,46.773,6.429,24.538,0.344575,0.215030,0.300783,0.071660,-0.014205,0.064906,0.017250
966,1035.00,0.000,-10.394,11.8585,3.3463,51.8593,0.2144,2.1976,1.0584,0.0000,19.0774,0.0000,20.1504,0.0000,0.0000,5.3727,0.0698,0.0000,0.0000,0.0000,0.0000,0.0000,0.0000,0.0000,-175.263,-140.340,26.697,3.544,14.020,-0.446805,0.780352,0.594795,0.036923,-0.024902,0.054594,0.005042
967,1034.00,0.000,-10.409,21.1529,3.2969,50.2304,1.0285,3.4889,1.7964,0.0000,9.6251,0.0000,14.4054,0.0000,0.0000,19.1877,0.2376,0.0000,0.0000,0.0000,0.0000,0.0000,0.0000,0.0000,-326.026,-265.038,46.658,6.416,24.485,0.345151,0.214331,0.300882,0.071885,-0.014063,0.064593,0.017222
967,1034.00,0.000,-10.409,12.0183,3.3467,51.8600,0.2143,2.1897,1.0522,0.0000,19.1147,0.0000,20.1406,0.0000,0.0000,5.3593,0.0693,0.0000,0.0000,0.0000,0.0000,0.0000,0.0000,0.0000,-177.556,-142.205,27.044,3.591,14.206,-0.448302,0.780893,0.596023,0.036854,-0.024838,0.054359,0.005011
968,1033.00,0.000,-10.423,21.1113,3.2971,50.2261,1.0349,3.4861,1.7903,0.0000,9.6276,0.0000,14.3931,0.0000,0.0000,19.2047,0.2372,0.0000,0.0000,0.0000,0.0000,0.0000,0.0000,0.0000,-325.332,-264.538,46.544,6.403,24.433,0.345725,0.213635,0.300978,0.072107,-0.013922,0.064282,0.017195
968,1033.00,0.000,-10.423,12.1720,3.3472,51.8606,0.2141,2.1819,1.0460,0.0000,19.1517,0.0000,20.1309,0.0000,0.0000,5.3460,0.0689,0.0000,0.0000,0.0000,0.0000,0.0000,0.0000,0.0000,-179.759,-144.000,27.378,3.636,14.386,-0.449794,0.781434,0.597245,0.036784,-0.024775,0.054126,0.004980
969,1032.00,0.000,-10.437,21.0704,3.2973,50.2218,1.0413,3.4833,1.7842,0.0000,9.6301,0.0000,14.3810,0.0000,0.0000,19.2215,0.2369,0.0000,0.0000,0.0000,0.0000,0.0000,0.0000,0.0000,-324.647,-264.047,46.432,6.390,24.382,0.346298,0.212943,0.301071,0.072328,-0.013783,0.063975,0.017169
969,1032.00,0.000,-10.437,12.3202,3.3477,51.8612,0.2140,2.1741,1.0399,0.0000,19.1886,0.0000,20.1212,0.0000,0.0000,5.3327,0.0685,0.0000,0.0000,0.0000,0.0000,0.0000,0.0000,0.0000,-181.878,-145.728,27.698,3.680,14.558,-0.451279,0.781972,0.598462,0.036713,-0.024713,0.053895,0.004950
970,1031.00,0.000,-10.452,21.0301,3.2976,50.2176,1.0476,3.4806,1.7782,0.0000,9.6324,0.0000,14.3689,0.0000,0.0000,19.2383,0.2365,0.0000,0.0000,0.0000,0.0000,0.0000,0.0000,0.0000,-323.973,-263.563,46.321,6.377,24.331,0.346870,0.212254,0.301160,0.072548,-0.013645,0.063670,0.017143
970,1031.00,0.000,-10.452,12.4633,3.3481,51.8618,0.2138,2.1663,1.0338,0.0000,19.2252,0.0000,20.1116,0.0000,0.0000,5.3194,0.0680,0.0000,0.0000,0.0000,0.0000,0.0000,0.0000,0.0000,-183.920,-147.394,28.007,3.722,14.724,-0.452759,0.782509,0.599671,0.036643,-0.024651,0.053666,0.004920
971,1030.00,0.000,-10.466,20.9905,3.2978,50.2134,1.0538,3.4779,1.7722,0.0000,9.6346,0.0000,14.3569,0.0000,0.0000,19.2549,0.2361,0.0000,0.0000,0.0000,0.0000,0.0000,0.0000,0.0000,-323.308,-263.087,46.212,6.365,24.281,0.347441,0.211568,0.301247,0.072767,-0.013508,0.063368,0.017118
971,1030.00,0.000,-10.466,12.6015,3.3486,51.8624,0.2136,2.1587,1.0278,0.0000,19.2617,0.0000,20.1021,0.0000,0.0000,5.3061,0.0676,0.0000,0.0000,0.0000,0.0000,0.0000,0.0000,0.0000,-185.889,-149.004,28.305,3.763,14.885,-0.454232,0.783045,0.600875,0.036572,-0.024590,0.053440,0.004891
972,1029.00,0.000,-10.481,20.9643,3.2979,50.2109,1.0583,3.4771,1.7676,0.0000,9.6305,0.0000,14.3487,0.0000,0.0000,19.2707,0.2361,0.0000,0.0000,0.0000,0.0000,0.0000,0.0000,0.0000,-322.868,-262.795,46.133,6.357,24.248,0.348162,0.210923,0.301126,0.072945,-0.013431,0.063161,0.017114
972,1029.00,0.000,-10.481,12.6790,3.3489,51.8644,0.2132,2.1532,1.0229,0.0000,19.2867,0.0000,20.0997,0.0000,0.0000,5.2926,0.0673,0.0000,0.0000,0.0000,0.0000,0.0000,0.0000,0.0000,-186.977,-149.909,28.467,3.786,14.974,-0.455392,0.783595,0.601690,0.036522,-0.024561,0.053276,0.004869
