Index,T (C),P (kbars),log(10) f O2,mass (gm),rho (gm/cc),wt% SiO2,wt% TiO2,wt% Al2O3,wt% Fe2O3,wt% Cr2O3,wt% FeO,wt% MnO,wt% MgO,wt% NiO,wt% CoO,wt% CaO,wt% Na2O,wt% K2O,wt% P2O5,wt% H2O,wt% CO2,wt% SO3,wt% Cl2O-1,wt% F2O-1,G (kJ),H (kJ),S (J/K),V (cc),Cp (J/K),       albite,    anorthite,     sanidine
820,1181.00,0.000,-8.518,0.5331,2.6575,49.7862,0.0000,32.1743,0.0000,0.0000,0.0000,0.0000,0.0000,0.0000,0.0000,14.9272,2.9601,0.1521,0.0000,0.0000,0.0000,0.0000,0.0000,0.0000,-9.257,-7.365,1.301,0.201,0.656,0.261748,0.729403,0.008850
821,1180.00,0.000,-8.530,1.2116,2.6572,49.8389,0.0000,32.1383,0.0000,0.0000,0.0000,0.0000,0.0000,0.0000,0.0000,14.8852,2.9829,0.1547,0.0000,0.0000,0.0000,0.0000,0.0000,0.0000,-21.038,-16.741,2.957,0.456,1.492,0.263736,0.727264,0.008999
822,1179.00,0.000,-8.542,1.8799,2.6568,49.8913,0.0000,32.1024,0.0000,0.0000,0.0000,0.0000,0.0000,0.0000,0.0000,14.8433,3.0056,0.1573,0.0000,0.0000,0.0000,0.0000,0.0000,0.0000,-32.636,-25.975,4.587,0.708,2.315,0.265714,0.725136,0.009151
823,1178.00,0.000,-8.553,2.5382,2.6564,49.9435,0.0000,32.0666,0.0000,0.0000,0.0000,0.0000,0.0000,0.0000,0.0000,14.8017,3.0282,0.1600,0.0000,0.0000,0.0000,0.0000,0.0000,0.0000,-44.058,-35.072,6.192,0.955,3.125,0.267679,0.723017,0.009304
824,1177.00,0.000,-8.565,3.1866,2.6561,49.9954,0.0000,32.0311,0.0000,0.0000,0.0000,0.0000,0.0000,0.0000,0.0000,14.7602,3.0507,0.1627,0.0000,0.0000,0.0000,0.0000,0.0000,0.0000,-55.306,-44.035,7.772,1.200,3.923,0.269632,0.720910,0.009458
825,1176.00,0.000,-8.576,3.8255,2.6557,50.0471,0.0000,31.9956,0.0000,0.0000,0.0000,0.0000,0.0000,0.0000,0.0000,14.7189,3.0730,0.1654,0.0000,0.0000,0.0000,0.0000,0.0000,0.0000,-66.385,-52.866,9.329,1.440,4.709,0.271573,0.718812,0.009615
826,1175.00,0.000,-8.588,4.4551,2.6554,50.0985,0.0000,31.9604,0.0000,0.0000,0.0000,0.0000,0.0000,0.0000,0.0000,14.6778,3.0951,0.1681,0.0000,0.0000,0.0000,0.0000,0.0000,0.0000,-77.299,-61.569,10.862,1.678,5.483,0.273501,0.716726,0.009773
827,1174.00,0.000,-8.600,5.0754,2.6550,50.1497,0.0000,31.9253,0.0000,0.0000,0.0000,0.0000,0.0000,0.0000,0.0000,14.6370,3.1172,0.1709,0.0000,0.0000,0.0000,0.0000,0.0000,0.0000,-88.050,-70.146,12.372,1.912,6.247,0.275417,0.714650,0.009932
828,1173.00,0.000,-8.611,5.6869,2.6547,50.2006,0.0000,31.8904,0.0000,0.0000,0.0000,0.0000,0.0000,0.0000,0.0000,14.5963,3.1391,0.1737,0.0000,0.0000,0.0000,0.0000,0.0000,0.0000,-98.643,-78.600,13.860,2.142,6.999,0.277321,0.712585,0.010094
829,1172.00,0.000,-8.623,6.2895,2.6543,50.2512,0.0000,31.8557,0.0000,0.0000,0.0000,0.0000,0.0000,0.0000,0.0000,14.5558,3.1608,0.1765,0.0000,0.0000,0.0000,0.0000,0.0000,0.0000,-109.081,-86.933,15.326,2.370,7.740,0.279211,0.710532,0.010257
830,1171.00,0.000,-8.635,6.8836,2.6540,50.3015,0.0000,31.8211,0.0000,0.0000,0.0000,0.0000,0.0000,0.0000,0.0000,14.5156,3.1824,0.1793,0.0000,0.0000,0.0000,0.0000,0.0000,0.0000,-119.367,-95.149,16.770,2.594,8.470,0.281089,0.708490,0.010421
831,1170.00,0.000,-8.647,7.4693,2.6536,50.3516,0.0000,31.7868,0.0000,0.0000,0.0000,0.0000,0.0000,0.0000,0.0000,14.4756,3.2039,0.1822,0.0000,0.0000,0.0000,0.0000,0.0000,0.0000,-129.505,-103.249,18.193,2.815,9.190,0.282954,0.706459,0.010588
832,1169.00,0.000,-8.658,8.0467,2.6533,50.4014,0.0000,31.7526,0.0000,0.0000,0.0000,0.0000,0.0000,0.0000,0.0000,14.4357,3.2252,0.1851,0.0000,0.0000,0.0000,0.0000,0.0000,0.0000,-139.497,-111.236,19.596,3.033,9.900,0.284805,0.704439,0.010756
833,1168.00,0.000,-8.670,8.6161,2.6530,50.4509,0.0000,31.7186,0.0000,0.0000,0.0000,0.0000,0.0000,0.0000,0.0000,14.3961,3.2463,0.1881,0.0000,0.0000,0.0000,0.0000,0.0000,0.0000,-149.346,-119.113,20.978,3.248,10.600,0.286643,0.702431,0.010926
834,1167.00,0.000,-8.682,9.1775,2.6526,50.5001,0.0000,31.6848,0.0000,0.0000,0.0000,0.0000,0.0000,0.0000,0.0000,14.3568,3.2674,0.1910,0.0000,0.0000,0.0000,0.0000,0.0000,0.0000,-159.055,-126.881,22.341,3.460,11.289,0.288468,0.700435,0.011097
835,1166.00,0.000,-8.694,9.7312,2.6523,50.5490,0.0000,31.6511,0.0000,0.0000,0.0000,0.0000,0.0000,0.0000,0.0000,14.3176,3.2882,0.1940,0.0000,0.0000,0.0000,0.0000,0.0000,0.0000,-168.627,-134.542,23.684,3.669,11.970,0.290280,0.698450,0.011270
836,1165.00,0.000,-8.705,10.2773,2.6520,50.5976,0.0000,31.6177,0.0000,0.0000,0.0000,0.0000,0.0000,0.0000,0.0000,14.2787,3.3089,0.1971,0.0000,0.0000,0.0000,0.0000,0.0000,0.0000,-178.064,-142.099,25.008,3.875,12.640,0.292077,0.696478,0.011445
837,1164.00,0.000,-8.717,10.8160,2.6516,50.6460,0.0000,31.5844,0.0000,0.0000,0.0000,0.0000,0.0000,0.0000,0.0000,14.2399,3.3295,0.2001,0.0000,0.0000,0.0000,0.0000,0.0000,0.0000,-187.369,-149.554,26.313,4.079,13.302,0.293862,0.694517,0.011621
838,1163.00,0.000,-8.729,11.3473,2.6513,50.6940,0.0000,31.5514,0.0000,0.0000,0.0000,0.0000,0.0000,0.0000,0.0000,14.2014,3.3499,0.2032,0.0000,0.0000,0.0000,0.0000,0.0000,0.0000,-196.545,-156.908,27.600,4.280,13.954,0.295633,0.692568,0.011800
839,1162.00,0.000,-8.741,11.8714,2.6510,50.7418,0.0000,31.5185,0.0000,0.0000,0.0000,0.0000,0.0000,0.0000,0.0000,14.1632,3.3702,0.2063,0.0000,0.0000,0.0000,0.0000,0.0000,0.0000,-205.593,-164.163,28.868,4.478,14.599,0.297390,0.690631,0.011979
840,1161.00,0.000,-8.753,12.3885,2.6507,50.7893,0.0000,31.4858,0.0000,0.0000,0.0000,0.0000,0.0000,0.0000,0.0000,14.1252,3.3903,0.2095,0.0000,0.0000,0.0000,0.0000,0.0000,0.0000,-214.517,-171.322,30.119,4.674,15.234,0.299133,0.688706,0.012161
841,1160.00,0.000,-8.765,12.8986,2.6503,50.8364,0.0000,31.4533,0.0000,0.0000,0.0000,0.0000,0.0000,0.0000,0.0000,14.0873,3.4102,0.2127,0.0000,0.0000,0.0000,0.0000,0.0000,0.0000,-223.319,-178.385,31.353,4.867,15.860,0.300863,0.686793,0.012344
842,1159.00,0.000,-8.777,13.4020,2.6500,50.8833,0.0000,31.4211,0.0000,0.0000,0.0000,0.0000,0.0000,0.0000,0.0000,14.0498,3.4300,0.2159,0.0000,0.0000,0.0000,0.0000,0.0000,0.0000,-232.000,-185.355,32.569,5.057,16.478,0.302578,0.684893,0.012529
843,1158.00,0.000,-8.789,13.8987,2.6497,50.9299,0.0000,31.3890,0.0000,0.0000,0.0000,0.0000,0.0000,0.0000,0.0000,14.0124,3.4496,0.2191,0.0000,0.0000,0.0000,0.0000,0.0000,0.0000,-240.562,-192.234,33.769,5.245,17.087,0.304280,0.683004,0.012716
844,1157.00,0.000,-8.801,14.3887,2.6494,50.9761,0.0000,31.3571,0.0000,0.0000,0.0000,0.0000,0.0000,0.0000,0.0000,13.9753,3.4691,0.2224,0.0000,0.0000,0.0000,0.0000,0.0000,0.0000,-249.009,-199.022,34.952,5.431,17.689,0.305968,0.681128,0.012904
845,1156.00,0.000,-8.812,14.8724,2.6491,51.0221,0.0000,31.3253,0.0000,0.0000,0.0000,0.0000,0.0000,0.0000,0.0000,13.9384,3.4884,0.2257,0.0000,0.0000,0.0000,0.0000,0.0000,0.0000,-257.341,-205.722,36.119,5.614,18.282,0.307642,0.679264,0.013094
846,1155.00,0.000,-8.824,15.3497,2.6488,51.0678,0.0000,31.2938,0.0000,0.0000,0.0000,0.0000,0.0000,0.0000,0.0000,13.9018,3.5076,0.2290,0.0000,0.0000,0.0000,0.0000,0.0000,0.0000,-265.562,-212.334,37.270,5.795,18.867,0.309303,0.677412,0.013286
847,1154.00,0.000,-8.836,15.8208,2.6485,51.1132,0.0000,31.2625,0.0000,0.0000,0.0000,0.0000,0.0000,0.0000,0.0000,13.8653,3.5266,0.2324,0.0000,0.0000,0.0000,0.0000,0.0000,0.0000,-273.672,-218.861,38.405,5.973,19.445,0.310949,0.675572,0.013479
848,1153.00,0.000,-8.848,16.2857,2.6482,51.1582,0.0000,31.2314,0.0000,0.0000,0.0000,0.0000,0.0000,0.0000,0.0000,13.8292,3.5455,0.2357,0.0000,0.0000,0.0000,0.0000,0.0000,0.0000,-281.673,-225.304,39.525,6.150,20.014,0.312582,0.673744,0.013674
849,1152.00,0.000,-8.860,16.7446,2.6479,51.2030,0.0000,31.2005,0.0000,0.0000,0.0000,0.0000,0.0000,0.0000,0.0000,13.7932,3.5642,0.2391,0.0000,0.0000,0.0000,0.0000,0.0000,0.0000,-289.568,-231.664,40.630,6.324,20.577,0.314201,0.671929,0.013870
850,1151.00,0.000,-8.873,17.1976,2.6476,51.2475,0.0000,31.1698,0.0000,0.0000,0.0000,0.0000,0.0000,0.0000,0.0000,13.7575,3.5827,0.2426,0.0000,0.0000,0.0000,0.0000,0.0000,0.0000,-297.359,-237.943,41.720,6.496,21.132,0.315806,0.670126,0.014069
851,1150.00,0.000,-8.885,17.6448,2.6473,51.2916,0.0000,31.1392,0.0000,0.0000,0.0000,0.0000,0.0000,0.0000,0.0000,13.7220,3.6011,0.2461,0.0000,0.0000,0.0000,0.0000,0.0000,0.0000,-305.046,-244.142,42.795,6.665,21.680,0.317397,0.668334,0.014269
852,1149.00,0.000,-8.897,18.0862,2.6470,51.3355,0.0000,31.1089,0.0000,0.0000,0.0000,0.0000,0.0000,0.0000,0.0000,13.6867,3.6193,0.2496,0.0000,0.0000,0.0000,0.0000,0.0000,0.0000,-312.631,-250.262,43.855,6.833,22.220,0.318974,0.666555,0.014470
853,1148.00,0.000,-8.909,18.5220,2.6467,51.3791,0.0000,31.0787,0.0000,0.0000,0.0000,0.0000,0.0000,0.0000,0.0000,13.6517,3.6374,0.2531,0.0000,0.0000,0.0000,0.0000,0.0000,0.0000,-320.117,-256.305,44.902,6.998,22.754,0.320538,0.664789,0.014674
854,1147.00,0.000,-8.921,18.9522,2.6465,51.4223,0.0000,31.0488,0.0000,0.0000,0.0000,0.0000,0.0000,0.0000,0.0000,13.6169,3.6553,0.2566,0.0000,0.0000,0.0000,0.0000,0.0000,0.0000,-327.505,-262.271,45.934,7.161,23.281,0.322088,0.663034,0.014879
855,1146.00,0.000,-8.933,19.3770,2.6462,51.4653,0.0000,31.0190,0.0000,0.0000,0.0000,0.0000,0.0000,0.0000,0.0000,13.5823,3.6731,0.2602,0.0000,0.0000,0.0000,0.0000,0.0000,0.0000,-334.796,-268.163,46.953,7.323,23.800,0.323624,0.661291,0.015085
856,1145.00,0.000,-8.945,19.7964,2.6459,51.5080,0.0000,30.9895,0.0000,0.0000,0.0000,0.0000,0.0000,0.0000,0.0000,13.5480,3.6907,0.2639,0.0000,0.0000,0.0000,0.0000,0.0000,0.0000,-341.991,-273.980,47.958,7.482,24.314,0.325147,0.659560,0.015293
857,1144.00,0.000,-8.957,20.2105,2.6456,51.5504,0.0000,30.9601,0.0000,0.0000,0.0000,0.0000,0.0000,0.0000,0.0000,13.5138,3.7082,0.2675,0.0000,0.0000,0.0000,0.0000,0.0000,0.0000,-349.093,-279.725,48.949,7.639,24.820,0.326656,0.657841,0.015503
858,1143.00,0.000,-8.969,20.6193,2.6453,51.5925,0.0000,30.9310,0.0000,0.0000,0.0000,0.0000,0.0000,0.0000,0.0000,13.4800,3.7255,0.2712,0.0000,0.0000,0.0000,0.0000,0.0000,0.0000,-356.103,-285.398,49.928,7.795,25.320,0.328151,0.656134,0.015715
859,1142.00,0.000,-8.982,21.0231,2.6451,51.6343,0.0000,30.9020,0.0000,0.0000,0.0000,0.0000,0.0000,0.0000,0.0000,13.4463,3.7426,0.2749,0.0000,0.0000,0.0000,0.0000,0.0000,0.0000,-363.023,-291.001,50.893,7.948,25.814,0.329633,0.654439,0.015928
860,1141.00,0.000,-8.994,21.4217,2.6448,51.6758,0.0000,30.8732,0.0000,0.0000,0.0000,0.0000,0.0000,0.0000,0.0000,13.4129,3.7596,0.2786,0.0000,0.0000,0.0000,0.0000,0.0000,0.0000,-369.852,-296.534,51.846,8.100,26.302,0.331102,0.652755,0.016142
861,1140.00,0.000,-9.006,21.8155,2.6445,51.7170,0.0000,30.8446,0.0000,0.0000,0.0000,0.0000,0.0000,0.0000,0.0000,13.3796,3.7765,0.2824,0.0000,0.0000,0.0000,0.0000,0.0000,0.0000,-376.594,-301.999,52.786,8.249,26.783,0.332557,0.651084,0.016359
862,1139.00,0.000,-9.018,22.2043,2.6443,51.7579,0.0000,30.8162,0.0000,0.0000,0.0000,0.0000,0.0000,0.0000,0.0000,13.3467,3.7932,0.2861,0.0000,0.0000,0.0000,0.0000,0.0000,0.0000,-383.249,-307.397,53.714,8.397,27.258,0.334000,0.649424,0.016577
863,1138.00,0.000,-9.031,22.5882,2.6440,51.7985,0.0000,30.7879,0.0000,0.0000,0.0000,0.0000,0.0000,0.0000,0.0000,13.3139,3.8097,0.2899,0.0000,0.0000,0.0000,0.0000,0.0000,0.0000,-389.819,-312.728,54.630,8.543,27.727,0.335429,0.647775,0.016796
864,1137.00,0.000,-9.043,22.9674,2.6437,51.8389,0.0000,30.7599,0.0000,0.0000,0.0000,0.0000,0.0000,0.0000,0.0000,13.2813,3.8261,0.2938,0.0000,0.0000,0.0000,0.0000,0.0000,0.0000,-396.305,-317.994,55.533,8.687,28.190,0.336845,0.646138,0.017017
865,1136.00,0.000,-9.055,23.4161,2.6400,52.3107,0.0000,30.4365,0.0000,0.0000,0.0000,0.0000,0.0000,0.0000,0.0000,12.9045,4.0298,0.3184,0.0000,0.0000,0.0000,0.0000,0.0000,0.0000,-403.975,-324.113,56.674,8.870,28.745,0.354416,0.627157,0.018426
866,1135.00,0.000,-9.068,23.7968,2.6396,52.3746,0.0000,30.3923,0.0000,0.0000,0.0000,0.0000,0.0000,0.0000,0.0000,12.8531,4.0562,0.3238,0.0000,0.0000,0.0000,0.0000,0.0000,0.0000,-410.480,-329.391,57.585,9.015,29.210,0.356688,0.624576,0.018736
867,1134.00,0.000,-9.080,24.1737,2.6392,52.4383,0.0000,30.3482,0.0000,0.0000,0.0000,0.0000,0.0000,0.0000,0.0000,12.8018,4.0825,0.3293,0.0000,0.0000,0.0000,0.0000,0.0000,0.0000,-416.919,-334.619,58.487,9.160,29.671,0.358948,0.622001,0.019050
868,1133.00,0.000,-9.092,24.5471,2.6387,52.5018,0.0000,30.3041,0.0000,0.0000,0.0000,0.0000,0.0000,0.0000,0.0000,12.7506,4.1086,0.3349,0.0000,0.0000,0.0000,0.0000,0.0000,0.0000,-423.295,-339.798,59.379,9.303,30.127,0.361197,0.619435,0.019368
869,1132.00,0.000,-9.105,24.9171,2.6383,52.5651,0.0000,30.2602,0.0000,0.0000,0.0000,0.0000,0.0000,0.0000,0.0000,12.6996,4.1346,0.3405,0.0000,0.0000,0.0000,0.0000,0.0000,0.0000,-429.608,-344.930,60.263,9.444,30.579,0.363434,0.616875,0.019691
870,1131.00,0.000,-9.117,25.2836,2.6378,52.6283,0.0000,30.2164,0.0000,0.0000,0.0000,0.0000,0.0000,0.0000,0.0000,12.6487,4.1604,0.3462,0.0000,0.0000,0.0000,0.0000,0.0000,0.0000,-435.861,-350.014,61.138,9.585,31.027,0.365659,0.614323,0.020017
871,1130.00,0.000,-9.129,25.6468,2.6374,52.6913,0.0000,30.1727,0.0000,0.0000,0.0000,0.0000,0.0000,0.0000,0.0000,12.5980,4.1861,0.3519,0.0000,0.0000,0.0000,0.0000,0.0000,0.0000,-442.055,-355.052,62.005,9.724,31.470,0.367872,0.611779,0.020349
872,1129.00,0.000,-9.142,26.0067,2.6369,52.7540,0.0000,30.1291,0.0000,0.0000,0.0000,0.0000,0.0000,0.0000,0.0000,12.5474,4.2117,0.3578,0.0000,0.0000,0.0000,0.0000,0.0000,0.0000,-448.190,-360.046,62.864,9.862,31.909,0.370073,0.609242,0.020684
873,1128.00,0.000,-9.154,26.3634,2.6365,52.8166,0.0000,30.0856,0.0000,0.0000,0.0000,0.0000,0.0000,0.0000,0.0000,12.4969,4.2372,0.3637,0.0000,0.0000,0.0000,0.0000,0.0000,0.0000,-454.268,-364.995,63.714,9.999,32.345,0.372262,0.606713,0.021024
874,1127.00,0.000,-9.167,26.7170,2.6361,52.8790,0.0000,30.0422,0.0000,0.0000,0.0000,0.0000,0.0000,0.0000,0.0000,12.4465,4.2625,0.3697,0.0000,0.0000,0.0000,0.0000,0.0000,0.0000,-460.290,-369.902,64.556,10.135,32.776,0.374440,0.604192,0.021369
875,1126.00,0.000,-9.179,27.0676,2.6356,52.9412,0.0000,29.9989,0.0000,0.0000,0.0000,0.0000,0.0000,0.0000,0.0000,12.3963,4.2877,0.3758,0.0000,0.0000,0.0000,0.0000,0.0000,0.0000,-466.257,-374.766,65.391,10.270,33.204,0.376604,0.601678,0.021718
876,1125.00,0.000,-9.192,27.4151,2.6352,53.0032,0.0000,29.9558,0.0000,0.0000,0.0000,0.0000,0.0000,0.0000,0.0000,12.3462,4.3128,0.3820,0.0000,0.0000,0.0000,0.0000,0.0000,0.0000,-472.171,-379.588,66.218,10.403,33.628,0.378757,0.599171,0.022072
877,1124.00,0.000,-9.204,27.7596,2.6348,53.0651,0.0000,29.9127,0.0000,0.0000,0.0000,0.0000,0.0000,0.0000,0.0000,12.2963,4.3377,0.3882,0.0000,0.0000,0.0000,0.0000,0.0000,0.0000,-478.031,-384.370,67.037,10.536,34.048,0.380898,0.596673,0.022430
878,1123.00,0.000,-9.217,28.1013,2.6344,53.1267,0.0000,29.8698,0.0000,0.0000,0.0000,0.0000,0.0000,0.0000,0.0000,12.2465,4.3625,0.3946,0.0000,0.0000,0.0000,0.0000,0.0000,0.0000,-483.840,-389.112,67.849,10.667,34.464,0.383026,0.594182,0.022793
879,1122.00,0.000,-9.229,28.4401,2.6339,53.1881,0.0000,29.8270,0.0000,0.0000,0.0000,0.0000,0.0000,0.0000,0.0000,12.1968,4.3871,0.4010,0.0000,0.0000,0.0000,0.0000,0.0000,0.0000,-489.597,-393.815,68.654,10.798,34.877,0.385141,0.591699,0.023160
880,1121.00,0.000,-9.242,28.7761,2.6335,53.2494,0.0000,29.7843,0.0000,0.0000,0.0000,0.0000,0.0000,0.0000,0.0000,12.1473,4.4116,0.4075,0.0000,0.0000,0.0000,0.0000,0.0000,0.0000,-495.304,-398.479,69.451,10.927,35.286,0.387245,0.589223,0.023532
881,1120.00,0.000,-9.254,29.1093,2.6331,53.3104,0.0000,29.7417,0.0000,0.0000,0.0000,0.0000,0.0000,0.0000,0.0000,12.0979,4.4360,0.4140,0.0000,0.0000,0.0000,0.0000,0.0000,0.0000,-500.961,-403.105,70.241,11.055,35.692,0.389335,0.586756,0.023909
882,1119.00,0.000,-9.267,29.4398,2.6327,53.3713,0.0000,29.6992,0.0000,0.0000,0.0000,0.0000,0.0000,0.0000,0.0000,12.0487,4.4602,0.4207,0.0000,0.0000,0.0000,0.0000,0.0000,0.0000,-506.570,-407.693,71.025,11.183,36.095,0.391414,0.584296,0.024290
883,1118.00,0.000,-9.280,29.7676,2.6322,53.4319,0.0000,29.6568,0.0000,0.0000,0.0000,0.0000,0.0000,0.0000,0.0000,11.9996,4.4843,0.4274,0.0000,0.0000,0.0000,0.0000,0.0000,0.0000,-512.131,-412.244,71.801,11.309,36.494,0.393480,0.581844,0.024677
884,1117.00,0.000,-9.292,30.0928,2.6318,53.4924,0.0000,29.6146,0.0000,0.0000,0.0000,0.0000,0.0000,0.0000,0.0000,11.9506,4.5082,0.4343,0.0000,0.0000,0.0000,0.0000,0.0000,0.0000,-517.644,-416.759,72.571,11.434,36.890,0.395533,0.579400,0.025067
885,1116.00,0.000,-9.305,30.4153,2.6314,53.5526,0.0000,29.5724,0.0000,0.0000,0.0000,0.0000,0.0000,0.0000,0.0000,11.9018,4.5320,0.4412,0.0000,0.0000,0.0000,0.0000,0.0000,0.0000,-523.110,-421.238,73.334,11.559,37.282,0.397573,0.576964,0.025463
886,1115.00,0.000,-9.318,30.7353,2.6310,53.6127,0.0000,29.5304,0.0000,0.0000,0.0000,0.0000,0.0000,0.0000,0.0000,11.8531,4.5557,0.4482,0.0000,0.0000,0.0000,0.0000,0.0000,0.0000,-528.529,-425.681,74.090,11.682,37.672,0.399601,0.574536,0.025863
887,1114.00,0.000,-9.330,31.0527,2.6306,53.6725,0.0000,29.4885,0.0000,0.0000,0.0000,0.0000,0.0000,0.0000,0.0000,11.8046,4.5792,0.4552,0.0000,0.0000,0.0000,0.0000,0.0000,0.0000,-533.903,-430.088,74.840,11.805,38.058,0.401616,0.572116,0.026268
888,1113.00,0.000,-9.343,33.3595,2.6283,53.9667,0.0000,29.2832,0.0000,0.0000,0.0000,0.0000,0.0000,0.0000,0.0000,11.5665,4.6965,0.4871,0.0000,0.0000,0.0000,0.0000,0.0000,0.0000,-573.440,-461.946,80.434,12.693,40.885,0.411663,0.560248,0.028089
889,1112.00,0.000,-9.356,33.9249,2.6276,54.0602,0.0000,29.2175,0.0000,0.0000,0.0000,0.0000,0.0000,0.0000,0.0000,11.4905,4.7327,0.4990,0.0000,0.0000,0.0000,0.0000,0.0000,0.0000,-583.060,-469.771,81.788,12.911,41.576,0.414763,0.556465,0.028772
890,1111.00,0.000,-9.368,34.4716,2.6269,54.1519,0.0000,29.1530,0.0000,0.0000,0.0000,0.0000,0.0000,0.0000,0.0000,11.4160,4.7680,0.5112,0.0000,0.0000,0.0000,0.0000,0.0000,0.0000,-592.354,-477.337,83.096,13.122,42.243,0.417777,0.552756,0.029467
891,1110.00,0.000,-9.381,35.0006,2.6263,54.2416,0.0000,29.0898,0.0000,0.0000,0.0000,0.0000,0.0000,0.0000,0.0000,11.3429,4.8022,0.5235,0.0000,0.0000,0.0000,0.0000,0.0000,0.0000,-601.341,-484.658,84.360,13.327,42.888,0.420702,0.549123,0.030175
892,1109.00,0.000,-9.394,35.5129,2.6256,54.3293,0.0000,29.0279,0.0000,0.0000,0.0000,0.0000,0.0000,0.0000,0.0000,11.2713,4.8353,0.5361,0.0000,0.0000,0.0000,0.0000,0.0000,0.0000,-610.037,-491.748,85.583,13.526,43.512,0.423537,0.545568,0.030895
893,1108.00,0.000,-9.407,36.0093,2.6250,54.4150,0.0000,28.9673,0.0000,0.0000,0.0000,0.0000,0.0000,0.0000,0.0000,11.2013,4.8675,0.5489,0.0000,0.0000,0.0000,0.0000,0.0000,0.0000,-618.456,-498.618,86.767,13.718,44.117,0.426281,0.542093,0.031626
894,1107.00,0.000,-9.420,36.4906,2.6244,54.4987,0.0000,28.9080,0.0000,0.0000,0.0000,0.0000,0.0000,0.0000,0.0000,11.1329,4.8985,0.5618,0.0000,0.0000,0.0000,0.0000,0.0000,0.0000,-626.614,-505.280,87.914,13.904,44.703,0.428934,0.538698,0.032368
895,1106.00,0.000,-9.433,36.9577,2.6238,54.5803,0.0000,28.8501,0.0000,0.0000,0.0000,0.0000,0.0000,0.0000,0.0000,11.0661,4.9285,0.5750,0.0000,0.0000,0.0000,0.0000,0.0000,0.0000,-634.523,-511.744,89.025,14.086,45.272,0.431497,0.535382,0.033121
896,1105.00,0.000,-9.445,37.4110,2.6232,54.6599,0.0000,28.7935,0.0000,0.0000,0.0000,0.0000,0.0000,0.0000,0.0000,11.0008,4.9575,0.5883,0.0000,0.0000,0.0000,0.0000,0.0000,0.0000,-642.194,-518.018,90.103,14.262,45.824,0.433969,0.532147,0.033884
897,1104.00,0.000,-9.458,37.8513,2.6227,54.7375,0.0000,28.7382,0.0000,0.0000,0.0000,0.0000,0.0000,0.0000,0.0000,10.9371,4.9854,0.6018,0.0000,0.0000,0.0000,0.0000,0.0000,0.0000,-649.637,-524.112,91.148,14.432,46.359,0.436352,0.528991,0.034657
898,1103.00,0.000,-9.471,38.2791,2.6221,54.8130,0.0000,28.6842,0.0000,0.0000,0.0000,0.0000,0.0000,0.0000,0.0000,10.8749,5.0123,0.6155,0.0000,0.0000,0.0000,0.0000,0.0000,0.0000,-656.862,-530.033,92.162,14.599,46.879,0.438646,0.525913,0.035441
899,1102.00,0.000,-9.484,38.7251,2.6215,54.8903,0.0000,28.6286,0.0000,0.0000,0.0000,0.0000,0.0000,0.0000,0.0000,10.8110,5.0385,0.6316,0.0000,0.0000,0.0000,0.0000,0.0000,0.0000,-664.393,-536.202,93.220,14.772,47.421,0.440885,0.522752,0.036363
900,1101.00,0.000,-9.497,39.1594,2.6210,54.9658,0.0000,28.5740,0.0000,0.0000,0.0000,0.0000,0.0000,0.0000,0.0000,10.7483,5.0638,0.6481,0.0000,0.0000,0.0000,0.0000,0.0000,0.0000,-671.720,-542.208,94.249,14.941,47.949,0.443038,0.519657,0.037305
901,1100.00,0.000,-9.510,39.5798,2.6204,55.0393,0.0000,28.5208,0.0000,0.0000,0.0000,0.0000,0.0000,0.0000,0.0000,10.6873,5.0880,0.6647,0.0000,0.0000,0.0000,0.0000,0.0000,0.0000,-678.805,-548.022,95.243,15.104,48.459,0.445102,0.516643,0.038255
902,1099.00,0.000,-9.523,39.9870,2.6199,55.1107,0.0000,28.4689,0.0000,0.0000,0.0000,0.0000,0.0000,0.0000,0.0000,10.6278,5.1112,0.6814,0.0000,0.0000,0.0000,0.0000,0.0000,0.0000,-685.660,-553.653,96.204,15.263,48.953,0.447079,0.513708,0.039213
903,1098.00,0.000,-9.536,40.3816,2.6194,55.1802,0.0000,28.4183,0.0000,0.0000,0.0000,0.0000,0.0000,0.0000,0.0000,10.5699,5.1334,0.6982,0.0000,0.0000,0.0000,0.0000,0.0000,0.0000,-692.298,-559.111,97.135,15.416,49.431,0.448970,0.510851,0.040178
904,1097.00,0.000,-9.549,40.7644,2.6189,55.2477,0.0000,28.3690,0.0000,0.0000,0.0000,0.0000,0.0000,0.0000,0.0000,10.5135,5.1546,0.7152,0.0000,0.0000,0.0000,0.0000,0.0000,0.0000,-698.729,-564.405,98.036,15.565,49.895,0.450777,0.508071,0.041152
905,1096.00,0.000,-9.562,41.1359,2.6184,55.3133,0.0000,28.3210,0.0000,0.0000,0.0000,0.0000,0.0000,0.0000,0.0000,10.4585,5.1748,0.7323,0.0000,0.0000,0.0000,0.0000,0.0000,0.0000,-704.964,-569.543,98.909,15.710,50.344,0.452502,0.505366,0.042132
906,1095.00,0.000,-9.575,41.4966,2.6180,55.3770,0.0000,28.2742,0.0000,0.0000,0.0000,0.0000,0.0000,0.0000,0.0000,10.4051,5.1941,0.7496,0.0000,0.0000,0.0000,0.0000,0.0000,0.0000,-711.012,-574.532,99.755,15.851,50.781,0.454146,0.502734,0.043120
907,1094.00,0.000,-9.588,41.8470,2.6175,55.4388,0.0000,28.2287,0.0000,0.0000,0.0000,0.0000,0.0000,0.0000,0.0000,10.3530,5.2125,0.7669,0.0000,0.0000,0.0000,0.0000,0.0000,0.0000,-716.880,-579.379,100.575,15.987,51.204,0.455711,0.500174,0.044115
908,1093.00,0.000,-9.601,42.1876,2.6171,55.4989,0.0000,28.1843,0.0000,0.0000,0.0000,0.0000,0.0000,0.0000,0.0000,10.3024,5.2300,0.7844,0.0000,0.0000,0.0000,0.0000,0.0000,0.0000,-722.577,-584.090,101.370,16.120,51.615,0.457198,0.497685,0.045117
909,1092.00,0.000,-9.614,42.5187,2.6167,55.5572,0.0000,28.1411,0.0000,0.0000,0.0000,0.0000,0.0000,0.0000,0.0000,10.2532,5.2466,0.8020,0.0000,0.0000,0.0000,0.0000,0.0000,0.0000,-728.109,-588.670,102.142,16.249,52.015,0.458610,0.495265,0.046125
910,1091.00,0.000,-9.627,42.8407,2.6163,55.6137,0.0000,28.0990,0.0000,0.0000,0.0000,0.0000,0.0000,0.0000,0.0000,10.2053,5.2623,0.8197,0.0000,0.0000,0.0000,0.0000,0.0000,0.0000,-733.484,-593.124,102.892,16.375,52.403,0.459948,0.492912,0.047140
911,1090.00,0.000,-9.641,43.1539,2.6159,55.6686,0.0000,28.0580,0.0000,0.0000,0.0000,0.0000,0.0000,0.0000,0.0000,10.1587,5.2772,0.8376,0.0000,0.0000,0.0000,0.0000,0.0000,0.0000,-738.706,-597.458,103.619,16.497,52.781,0.461214,0.490626,0.048161
912,1089.00,0.000,-9.654,43.4588,2.6155,55.7218,0.0000,28.0182,0.0000,0.0000,0.0000,0.0000,0.0000,0.0000,0.0000,10.1134,5.2912,0.8555,0.0000,0.0000,0.0000,0.0000,0.0000,0.0000,-743.783,-601.676,104.325,16.616,53.148,0.462409,0.488404,0.049187
913,1088.00,0.000,-9.667,43.7556,2.6151,55.7733,0.0000,27.9794,0.0000,0.0000,0.0000,0.0000,0.0000,0.0000,0.0000,10.0693,5.3044,0.8735,0.0000,0.0000,0.0000,0.0000,0.0000,0.0000,-748.719,-605.783,105.012,16.732,53.505,0.463536,0.486245,0.050219
914,1087.00,0.000,-9.680,44.0446,2.6147,55.8233,0.0000,27.9417,0.0000,0.0000,0.0000,0.0000,0.0000,0.0000,0.0000,10.0265,5.3169,0.8916,0.0000,0.0000,0.0000,0.0000,0.0000,0.0000,-753.520,-609.782,105.678,16.845,53.852,0.464595,0.484148,0.051257
915,1086.00,0.000,-9.693,44.3262,2.6144,55.8718,0.0000,27.9049,0.0000,0.0000,0.0000,0.0000,0.0000,0.0000,0.0000,9.9849,5.3286,0.9098,0.0000,0.0000,0.0000,0.0000,0.0000,0.0000,-758.191,-613.678,106.326,16.955,54.190,0.465590,0.482111,0.052299
916,1085.00,0.000,-9.707,44.6005,2.6141,55.9187,0.0000,27.8692,0.0000,0.0000,0.0000,0.0000,0.0000,0.0000,0.0000,9.9445,5.3395,0.9280,0.0000,0.0000,0.0000,0.0000,0.0000,0.0000,-762.736,-617.474,106.955,17.062,54.519,0.466521,0.480133,0.053346
917,1084.00,0.000,-9.720,44.8678,2.6137,55.9642,0.0000,27.8345,0.0000,0.0000,0.0000,0.0000,0.0000,0.0000,0.0000,9.9052,5.3498,0.9464,0.0000,0.0000,0.0000,0.0000,0.0000,0.0000,-767.159,-621.174,107.567,17.166,54.839,0.467390,0.478213,0.054397
918,1083.00,0.000,-9.733,45.1284,2.6134,56.0082,0.0000,27.8007,0.0000,0.0000,0.0000,0.0000,0.0000,0.0000,0.0000,9.8671,5.3593,0.9648,0.0000,0.0000,0.0000,0.0000,0.0000,0.0000,-771.466,-624.782,108.162,17.268,55.151,0.468199,0.476348,0.055453
919,1082.00,0.000,-9.746,45.3825,2.6131,56.0509,0.0000,27.7678,0.0000,0.0000,0.0000,0.0000,0.0000,0.0000,0.0000,9.8300,5.3681,0.9832,0.0000,0.0000,0.0000,0.0000,0.0000,0.0000,-775.660,-628.299,108.741,17.367,55.455,0.468951,0.474537,0.056512
920,1081.00,0.000,-9.760,45.6303,2.6128,56.0921,0.0000,27.7358,0.0000,0.0000,0.0000,0.0000,0.0000,0.0000,0.0000,9.7940,5.3763,1.0018,0.0000,0.0000,0.0000,0.0000,0.0000,0.0000,-779.745,-631.731,109.304,17.464,55.751,0.469646,0.472780,0.057574
921,1080.00,0.000,-9.773,45.8721,2.6125,56.1321,0.0000,27.7047,0.0000,0.0000,0.0000,0.0000,0.0000,0.0000,0.0000,9.7590,5.3838,1.0203,0.0000,0.0000,0.0000,0.0000,0.0000,0.0000,-783.725,-635.079,109.851,17.558,56.040,0.470287,0.471074,0.058640
922,1079.00,0.000,-9.786,46.1080,2.6123,56.1708,0.0000,27.6745,0.0000,0.0000,0.0000,0.0000,0.0000,0.0000,0.0000,9.7251,5.3907,1.0390,0.0000,0.0000,0.0000,0.0000,0.0000,0.0000,-787.603,-638.347,110.384,17.651,56.321,0.470875,0.469418,0.059708
923,1078.00,0.000,-9.800,46.3384,2.6120,56.2082,0.0000,27.6451,0.0000,0.0000,0.0000,0.0000,0.0000,0.0000,0.0000,9.6921,5.3971,1.0576,0.0000,0.0000,0.0000,0.0000,0.0000,0.0000,-791.384,-641.537,110.903,17.741,56.596,0.471411,0.467810,0.060778
924,1077.00,0.000,-9.813,46.5632,2.6117,56.2444,0.0000,27.6165,0.0000,0.0000,0.0000,0.0000,0.0000,0.0000,0.0000,9.6600,5.4028,1.0763,0.0000,0.0000,0.0000,0.0000,0.0000,0.0000,-795.070,-644.653,111.408,17.828,56.863,0.471899,0.466250,0.061851
925,1076.00,0.000,-9.827,46.7829,2.6115,56.2795,0.0000,27.5887,0.0000,0.0000,0.0000,0.0000,0.0000,0.0000,0.0000,9.6289,5.4080,1.0950,0.0000,0.0000,0.0000,0.0000,0.0000,0.0000,-798.665,-647.696,111.900,17.914,57.125,0.472339,0.464736,0.062925
926,1075.00,0.000,-9.840,46.9975,2.6112,56.3134,0.0000,27.5616,0.0000,0.0000,0.0000,0.0000,0.0000,0.0000,0.0000,9.5986,5.4126,1.1138,0.0000,0.0000,0.0000,0.0000,0.0000,0.0000,-802.172,-650.669,112.378,17.998,57.379,0.472733,0.463266,0.064001
927,1074.00,0.000,-9.853,47.2071,2.6110,56.3462,0.0000,27.5353,0.0000,0.0000,0.0000,0.0000,0.0000,0.0000,0.0000,9.5693,5.4167,1.1325,0.0000,0.0000,0.0000,0.0000,0.0000,0.0000,-805.594,-653.576,112.845,18.080,57.628,0.473082,0.461839,0.065078
928,1073.00,0.000,-9.867,47.4121,2.6108,56.3779,0.0000,27.5097,0.0000,0.0000,0.0000,0.0000,0.0000,0.0000,0.0000,9.5407,5.4203,1.1513,0.0000,0.0000,0.0000,0.0000,0.0000,0.0000,-808.935,-656.417,113.299,18.160,57.871,0.473390,0.460454,0.066156
929,1072.00,0.000,-9.880,47.6125,2.6106,56.4086,0.0000,27.4848,0.0000,0.0000,0.0000,0.0000,0.0000,0.0000,0.0000,9.5130,5.4234,1.1701,0.0000,0.0000,0.0000,0.0000,0.0000,0.0000,-812.196,-659.196,113.742,18.238,58.108,0.473656,0.459110,0.067235
930,1071.00,0.000,-9.894,47.8086,2.6104,56.4384,0.0000,27.4605,0.0000,0.0000,0.0000,0.0000,0.0000,0.0000,0.0000,9.4861,5.4261,1.1889,0.0000,0.0000,0.0000,0.0000,0.0000,0.0000,-815.381,-661.914,114.174,18.315,58.340,0.473882,0.457804,0.068314
931,1070.00,0.000,-9.908,48.0004,2.6102,56.4671,0.0000,27.4369,0.0000,0.0000,0.0000,0.0000,0.0000,0.0000,0.0000,9.4599,5.4283,1.2077,0.0000,0.0000,0.0000,0.0000,0.0000,0.0000,-818.493,-664.575,114.595,18.390,58.567,0.474071,0.456537,0.069393
932,1069.00,0.000,-9.921,48.1881,2.6100,56.4949,0.0000,27.4140,0.0000,0.0000,0.0000,0.0000,0.0000,0.0000,0.0000,9.4345,5.4301,1.2265,0.0000,0.0000,0.0000,0.0000,0.0000,0.0000,-821.534,-667.179,115.006,18.463,58.788,0.474223,0.455306,0.070471
933,1068.00,0.000,-9.935,48.3718,2.6098,56.5218,0.0000,27.3916,0.0000,0.0000,0.0000,0.0000,0.0000,0.0000,0.0000,9.4098,5.4315,1.2453,0.0000,0.0000,0.0000,0.0000,0.0000,0.0000,-824.506,-669.729,115.406,18.535,59.005,0.474340,0.454110,0.071549
934,1067.00,0.000,-9.948,48.5518,2.6096,56.5478,0.0000,27.3699,0.0000,0.0000,0.0000,0.0000,0.0000,0.0000,0.0000,9.3858,5.4325,1.2640,0.0000,0.0000,0.0000,0.0000,0.0000,0.0000,-827.412,-672.226,115.797,18.605,59.216,0.474424,0.452949,0.072627
935,1066.00,0.000,-9.962,48.7281,2.6094,56.5730,0.0000,27.3487,0.0000,0.0000,0.0000,0.0000,0.0000,0.0000,0.0000,9.3624,5.4331,1.2827,0.0000,0.0000,0.0000,0.0000,0.0000,0.0000,-830.254,-674.673,116.179,18.674,59.424,0.474476,0.451821,0.073703
936,1065.00,0.000,-9.976,48.9008,2.6093,56.5974,0.0000,27.3281,0.0000,0.0000,0.0000,0.0000,0.0000,0.0000,0.0000,9.3397,5.4333,1.3014,0.0000,0.0000,0.0000,0.0000,0.0000,0.0000,-833.035,-677.072,116.551,18.741,59.626,0.474497,0.450725,0.074777
937,1064.00,0.000,-9.989,49.0701,2.6091,56.6210,0.0000,27.3080,0.0000,0.0000,0.0000,0.0000,0.0000,0.0000,0.0000,9.3177,5.4332,1.3201,0.0000,0.0000,0.0000,0.0000,0.0000,0.0000,-835.757,-679.423,116.915,18.807,59.825,0.474489,0.449661,0.075851
938,1063.00,0.000,-10.003,49.2361,2.6089,56.6438,0.0000,27.2884,0.0000,0.0000,0.0000,0.0000,0.0000,0.0000,0.0000,9.2962,5.4328,1.3388,0.0000,0.0000,0.0000,0.0000,0.0000,0.0000,-838.421,-681.730,117.271,18.872,60.019,0.474453,0.448626,0.076922
939,1062.00,0.000,-10.017,49.3989,2.6088,56.6659,0.0000,27.2694,0.0000,0.0000,0.0000,0.0000,0.0000,0.0000,0.0000,9.2753,5.4321,1.3574,0.0000,0.0000,0.0000,0.0000,0.0000,0.0000,-841.029,-683.992,117.618,18.936,60.210,0.474390,0.447620,0.077991
940,1061.00,0.000,-10.030,49.5586,2.6086,56.6873,0.0000,27.2508,0.0000,0.0000,0.0000,0.0000,0.0000,0.0000,0.0000,9.2550,5.4310,1.3759,0.0000,0.0000,0.0000,0.0000,0.0000,0.0000,-843.585,-686.212,117.957,18.998,60.396,0.474301,0.446642,0.079057
941,1060.00,0.000,-10.044,49.7153,2.6085,56.7080,0.0000,27.2327,0.0000,0.0000,0.0000,0.0000,0.0000,0.0000,0.0000,9.2352,5.4297,1.3944,0.0000,0.0000,0.0000,0.0000,0.0000,0.0000,-846.088,-688.391,118.289,19.059,60.579,0.474188,0.445691,0.080121
942,1059.00,0.000,-10.058,49.8691,2.6084,56.7280,0.0000,27.2150,0.0000,0.0000,0.0000,0.0000,0.0000,0.0000,0.0000,9.2160,5.4281,1.4129,0.0000,0.0000,0.0000,0.0000,0.0000,0.0000,-848.541,-690.530,118.613,19.119,60.759,0.474052,0.444766,0.081182
943,1058.00,0.000,-10.072,50.0202,2.6082,56.7474,0.0000,27.1978,0.0000,0.0000,0.0000,0.0000,0.0000,0.0000,0.0000,9.1973,5.4262,1.4313,0.0000,0.0000,0.0000,0.0000,0.0000,0.0000,-850.946,-692.631,118.930,19.178,60.934,0.473894,0.443867,0.082239
944,1057.00,0.000,-10.085,50.1685,2.6081,56.7662,0.0000,27.1811,0.0000,0.0000,0.0000,0.0000,0.0000,0.0000,0.0000,9.1790,5.4241,1.4496,0.0000,0.0000,0.0000,0.0000,0.0000,0.0000,-853.303,-694.695,119.241,19.235,61.107,0.473715,0.442992,0.083293
945,1056.00,0.000,-10.099,50.3141,2.6080,56.7844,0.0000,27.1647,0.0000,0.0000,0.0000,0.0000,0.0000,0.0000,0.0000,9.1613,5.4218,1.4678,0.0000,0.0000,0.0000,0.0000,0.0000,0.0000,-855.616,-696.724,119.544,19.292,61.276,0.473516,0.442141,0.084343
946,1055.00,0.000,-10.113,50.4573,2.6079,56.8021,0.0000,27.1487,0.0000,0.0000,0.0000,0.0000,0.0000,0.0000,0.0000,9.1440,5.4192,1.4860,0.0000,0.0000,0.0000,0.0000,0.0000,0.0000,-857.884,-698.717,119.841,19.348,61.442,0.473299,0.441313,0.085388
947,1054.00,0.000,-10.127,50.5979,2.6078,56.8191,0.0000,27.1332,0.0000,0.0000,0.0000,0.0000,0.0000,0.0000,0.0000,9.1272,5.4164,1.5041,0.0000,0.0000,0.0000,0.0000,0.0000,0.0000,-860.109,-700.676,120.132,19.403,61.605,0.473064,0.440507,0.086429
948,1053.00,0.000,-10.141,50.7362,2.6077,56.8357,0.0000,27.1180,0.0000,0.0000,0.0000,0.0000,0.0000,0.0000,0.0000,9.1108,5.4135,1.5221,0.0000,0.0000,0.0000,0.0000,0.0000,0.0000,-862.293,-702.603,120.416,19.457,61.765,0.472811,0.439723,0.087466
949,1052.00,0.000,-10.155,50.8721,2.6076,56.8517,0.0000,27.1031,0.0000,0.0000,0.0000,0.0000,0.0000,0.0000,0.0000,9.0948,5.4103,1.5400,0.0000,0.0000,0.0000,0.0000,0.0000,0.0000,-864.436,-704.497,120.695,19.509,61.922,0.472544,0.438959,0.088497
950,1051.00,0.000,-10.169,51.0057,2.6075,56.8672,0.0000,27.0887,0.0000,0.0000,0.0000,0.0000,0.0000,0.0000,0.0000,9.0793,5.4070,1.5579,0.0000,0.0000,0.0000,0.0000,0.0000,0.0000,-866.540,-706.361,120.968,19.561,62.077,0.472261,0.438216,0.089523
951,1050.00,0.000,-10.183,51.1371,2.6074,56.8823,0.0000,27.0746,0.0000,0.0000,0.0000,0.0000,0.0000,0.0000,0.0000,9.0641,5.4035,1.5756,0.0000,0.0000,0.0000,0.0000,0.0000,0.0000,-868.606,-708.194,121.234,19.613,62.228,0.471964,0.437493,0.090543
952,1049.00,0.000,-10.197,51.2663,2.6073,56.8968,0.0000,27.0608,0.0000,0.0000,0.0000,0.0000,0.0000,0.0000,0.0000,9.0493,5.3998,1.5932,0.0000,0.0000,0.0000,0.0000,0.0000,0.0000,-870.634,-709.998,121.496,19.663,62.377,0.471654,0.436788,0.091558
953,1048.00,0.000,-10.211,51.3934,2.6072,56.9109,0.0000,27.0474,0.0000,0.0000,0.0000,0.0000,0.0000,0.0000,0.0000,9.0350,5.3960,1.6107,0.0000,0.0000,0.0000,0.0000,0.0000,0.0000,-872.625,-711.773,121.752,19.712,62.523,0.471332,0.436102,0.092566
954,1047.00,0.000,-10.225,51.5184,2.6071,56.9246,0.0000,27.0342,0.0000,0.0000,0.0000,0.0000,0.0000,0.0000,0.0000,9.0209,5.3921,1.6281,0.0000,0.0000,0.0000,0.0000,0.0000,0.0000,-874.581,-713.519,122.002,19.761,62.667,0.470999,0.435435,0.093567
955,1046.00,0.000,-10.239,51.6414,2.6070,56.9379,0.0000,27.0214,0.0000,0.0000,0.0000,0.0000,0.0000,0.0000,0.0000,9.0073,5.3881,1.6454,0.0000,0.0000,0.0000,0.0000,0.0000,0.0000,-876.502,-715.239,122.248,19.809,62.808,0.470654,0.434785,0.094561
956,1045.00,0.000,-10.253,51.7624,2.6069,56.9507,0.0000,27.0089,0.0000,0.0000,0.0000,0.0000,0.0000,0.0000,0.0000,8.9940,5.3839,1.6625,0.0000,0.0000,0.0000,0.0000,0.0000,0.0000,-878.389,-716.931,122.488,19.856,62.947,0.470300,0.434152,0.095548
957,1044.00,0.000,-10.267,51.8815,2.6069,56.9631,0.0000,26.9967,0.0000,0.0000,0.0000,0.0000,0.0000,0.0000,0.0000,8.9810,5.3796,1.6795,0.0000,0.0000,0.0000,0.0000,0.0000,0.0000,-880.242,-718.596,122.724,19.902,63.083,0.469937,0.433535,0.096527
958,1043.00,0.000,-10.281,51.9986,2.6068,56.9752,0.0000,26.9848,0.0000,0.0000,0.0000,0.0000,0.0000,0.0000,0.0000,8.9684,5.3753,1.6964,0.0000,0.0000,0.0000,0.0000,0.0000,0.0000,-882.062,-720.236,122.954,19.947,63.217,0.469566,0.432935,0.097499
959,1042.00,0.000,-10.295,52.1138,2.6067,56.9868,0.0000,26.9732,0.0000,0.0000,0.0000,0.0000,0.0000,0.0000,0.0000,8.9561,5.3708,1.7131,0.0000,0.0000,0.0000,0.0000,0.0000,0.0000,-883.849,-721.849,123.180,19.992,63.348,0.469187,0.432351,0.098462
960,1041.00,0.000,-10.309,52.2272,2.6067,56.9981,0.0000,26.9619,0.0000,0.0000,0.0000,0.0000,0.0000,0.0000,0.0000,8.9441,5.3663,1.7297,0.0000,0.0000,0.0000,0.0000,0.0000,0.0000,-885.605,-723.438,123.401,20.036,63.477,0.468802,0.431782,0.099416
961,1040.00,0.000,-10.323,52.2363,2.6068,56.9897,0.0000,26.9677,0.0000,0.0000,0.0000,0.0000,0.0000,0.0000,0.0000,8.9509,5.3627,1.7290,0.0000,0.0000,0.0000,0.0000,0.0000,0.0000,-885.637,-723.632,123.371,20.038,63.482,0.468501,0.432117,0.099382
961,1040.00,0.000,-10.323,0.1902,2.5076,64.5696,0.0000,19.8697,0.0000,0.0000,0.0000,0.0000,0.0000,0.0000,0.0000,1.3263,3.6458,10.5886,0.0000,0.0000,0.0000,0.0000,0.0000,0.0000,-3.140,-2.552,0.448,0.076,0.227,0.321354,0.064601,0.614045
962,1039.00,0.000,-10.337,52.2025,2.6070,56.9733,0.0000,26.9805,0.0000,0.0000,0.0000,0.0000,0.0000,0.0000,0.0000,8.9652,5.3597,1.7213,0.0000,0.0000,0.0000,0.0000,0.0000,0.0000,-884.963,-723.255,123.239,20.024,63.435,0.468247,0.432817,0.098936
962,1039.00,0.000,-10.337,0.4462,2.5075,64.5738,0.0000,19.8634,0.0000,0.0000,0.0000,0.0000,0.0000,0.0000,0.0000,1.3201,3.6387,10.6040,0.0000,0.0000,0.0000,0.0000,0.0000,0.0000,-7.364,-5.987,1.050,0.178,0.533,0.320737,0.064301,0.614962
963,1038.00,0.000,-10.352,52.1699,2.6072,56.9574,0.0000,26.9929,0.0000,0.0000,0.0000,0.0000,0.0000,0.0000,0.0000,8.9792,5.3569,1.7136,0.0000,0.0000,0.0000,0.0000,0.0000,0.0000,-884.306,-722.891,123.110,20.010,63.390,0.468005,0.433499,0.098496
963,1038.00,0.000,-10.352,0.6861,2.5075,64.5781,0.0000,19.8571,0.0000,0.0000,0.0000,0.0000,0.0000,0.0000,0.0000,1.3139,3.6317,10.6192,0.0000,0.0000,0.0000,0.0000,0.0000,0.0000,-11.322,-9.206,1.614,0.274,0.819,0.320131,0.064003,0.615866
964,1037.00,0.000,-10.366,52.1383,2.6074,56.9419,0.0000,27.0051,0.0000,0.0000,0.0000,0.0000,0.0000,0.0000,0.0000,8.9929,5.3542,1.7060,0.0000,0.0000,0.0000,0.0000,0.0000,0.0000,-883.667,-722.541,122.983,19.996,63.345,0.467774,0.434164,0.098062
964,1037.00,0.000,-10.366,0.9114,2.5075,64.5823,0.0000,19.8509,0.0000,0.0000,0.0000,0.0000,0.0000,0.0000,0.0000,1.3078,3.6248,10.6342,0.0000,0.0000,0.0000,0.0000,0.0000,0.0000,-15.038,-12.231,2.143,0.363,1.088,0.319535,0.063708,0.616757
965,1036.00,0.000,-10.380,52.1076,2.6077,56.9267,0.0000,27.0170,0.0000,0.0000,0.0000,0.0000,0.0000,0.0000,0.0000,9.0062,5.3516,1.6985,0.0000,0.0000,0.0000,0.0000,0.0000,0.0000,-883.044,-722.204,122.858,19.983,63.302,0.467553,0.434814,0.097634
965,1036.00,0.000,-10.380,1.1235,2.5075,64.5865,0.0000,19.8448,0.0000,0.0000,0.0000,0.0000,0.0000,0.0000,0.0000,1.3018,3.6180,10.6490,0.0000,0.0000,0.0000,0.0000,0.0000,0.0000,-18.534,-15.078,2.640,0.448,1.341,0.318947,0.063415,0.617638
966,1035.00,0.000,-10.394,52.0778,2.6079,56.9119,0.0000,27.0286,0.0000,0.0000,0.0000,0.0000,0.0000,0.0000,0.0000,9.0193,5.3491,1.6912,0.0000,0.0000,0.0000,0.0000,0.0000,0.0000,-882.435,-721.878,122.736,19.970,63.260,0.467341,0.435448,0.097211
966,1035.00,0.000,-10.394,1.3236,2.5075,64.5906,0.0000,19.8387,0.0000,0.0000,0.0000,0.0000,0.0000,0.0000,0.0000,1.2958,3.6113,10.6636,0.0000,0.0000,0.0000,0.0000,0.0000,0.0000,-21.829,-17.762,3.109,0.528,1.580,0.318369,0.063125,0.618507
967,1034.00,0.000,-10.409,52.0488,2.6081,56.8975,0.0000,27.0400,0.0000,0.0000,0.0000,0.0000,0.0000,0.0000,0.0000,9.0320,5.3467,1.6839,0.0000,0.0000,0.0000,0.0000,0.0000,0.0000,-881.840,-721.563,122.616,19.957,63.219,0.467138,0.436068,0.096793
967,1034.00,0.000,-10.409,1.5125,2.5074,64.5948,0.0000,19.8326,0.0000,0.0000,0.0000,0.0000,0.0000,0.0000,0.0000,1.2898,3.6047,10.6781,0.0000,0.0000,0.0000,0.0000,0.0000,0.0000,-24.941,-20.299,3.551,0.603,1.805,0.317798,0.062836,0.619366
968,1033.00,0.000,-10.423,52.0205,2.6083,56.8834,0.0000,27.0511,0.0000,0.0000,0.0000,0.0000,0.0000,0.0000,0.0000,9.0445,5.3444,1.6767,0.0000,0.0000,0.0000,0.0000,0.0000,0.0000,-881.258,-721.258,122.497,19.945,63.179,0.466944,0.436675,0.096381
968,1033.00,0.000,-10.423,1.6913,2.5074,64.5989,0.0000,19.8266,0.0000,0.0000,0.0000,0.0000,0.0000,0.0000,0.0000,1.2839,3.5982,10.6923,0.0000,0.0000,0.0000,0.0000,0.0000,0.0000,-27.884,-22.700,3.969,0.675,2.018,0.317235,0.062550,0.620214
969,1032.00,0.000,-10.437,51.9930,2.6084,56.8696,0.0000,27.0620,0.0000,0.0000,0.0000,0.0000,0.0000,0.0000,0.0000,9.0566,5.3422,1.6696,0.0000,0.0000,0.0000,0.0000,0.0000,0.0000,-880.688,-720.963,122.381,19.933,63.140,0.466759,0.437268,0.095973
969,1032.00,0.000,-10.437,1.8607,2.5074,64.6030,0.0000,19.8207,0.0000,0.0000,0.0000,0.0000,0.0000,0.0000,0.0000,1.2780,3.5918,10.7064,0.0000,0.0000,0.0000,0.0000,0.0000,0.0000,-30.672,-24.975,4.365,0.742,2.220,0.316680,0.062267,0.621053
970,1031.00,0.000,-10.452,51.9662,2.6086,56.8561,0.0000,27.0726,0.0000,0.0000,0.0000,0.0000,0.0000,0.0000,0.0000,9.0686,5.3401,1.6625,0.0000,0.0000,0.0000,0.0000,0.0000,0.0000,-880.130,-720.677,122.266,19.921,63.101,0.466581,0.437849,0.095569
970,1031.00,0.000,-10.452,2.0215,2.5074,64.6071,0.0000,19.8148,0.0000,0.0000,0.0000,0.0000,0.0000,0.0000,0.0000,1.2722,3.5855,10.7204,0.0000,0.0000,0.0000,0.0000,0.0000,0.0000,-33.317,-27.135,4.740,0.806,2.412,0.316132,0.061985,0.621883
971,1030.00,0.000,-10.466,51.9400,2.6088,56.8429,0.0000,27.0831,0.0000,0.0000,0.0000,0.0000,0.0000,0.0000,0.0000,9.0803,5.3381,1.6556,0.0000,0.0000,0.0000,0.0000,0.0000,0.0000,-879.582,-720.399,122.153,19.909,63.063,0.466411,0.438418,0.095170
971,1030.00,0.000,-10.466,2.1744,2.5074,64.6112,0.0000,19.8089,0.0000,0.0000,0.0000,0.0000,0.0000,0.0000,0.0000,1.2664,3.5792,10.7342,0.0000,0.0000,0.0000,0.0000,0.0000,0.0000,-35.829,-29.188,5.096,0.867,2.594,0.315590,0.061705,0.622705
972,1029.00,0.000,-10.481,51.9135,2.6090,56.8336,0.0000,27.0908,0.0000,0.0000,0.0000,0.0000,0.0000,0.0000,0.0000,9.0888,5.3375,1.6493,0.0000,0.0000,0.0000,0.0000,0.0000,0.0000,-879.029,-720.114,122.040,19.898,63.026,0.466357,0.438832,0.094811
972,1029.00,0.000,-10.481,2.2686,2.5074,64.6154,0.0000,19.8034,0.0000,0.0000,0.0000,0.0000,0.0000,0.0000,0.0000,1.2609,3.5740,10.7463,0.0000,0.0000,0.0000,0.0000,0.0000,0.0000,-37.375,-30.454,5.315,0.905,2.706,0.315139,0.061437,0.623425
