Index,T (C),P (kbars),log(10) f O2,mass (gm),rho (gm/cc),wt% SiO2,wt% TiO2,wt% Al2O3,wt% Fe2O3,wt% Cr2O3,wt% FeO,wt% MnO,wt% MgO,wt% NiO,wt% CoO,wt% CaO,wt% Na2O,wt% K2O,wt% P2O5,wt% H2O,wt% CO2,wt% SO3,wt% Cl2O-1,wt% F2O-1,G (kJ),H (kJ),S (J/K),V (cc),Cp (J/K),    tephroite,     fayalite,   co-olivine,   ni-olivine, monticellite,   forsterite
820,1181.00,0.000,-8.518,0.1666,3.3019,39.2789,0.0000,0.0000,0.0000,0.0000,17.5347,0.4461,42.2637,0.0000,0.0000,0.4765,0.0000,0.0000,0.0000,0.0000,0.0000,0.0000,0.0000,0.0000,-2.593,-2.010,0.401,0.050,0.205,0.004810,0.186667,0.000000,0.000000,0.012998,0.795525
821,1180.00,0.000,-8.530,0.4069,3.3037,39.2556,0.0000,0.0000,0.0000,0.0000,17.6533,0.4509,42.1626,0.0000,0.0000,0.4776,0.0000,0.0000,0.0000,0.0000,0.0000,0.0000,0.0000,0.0000,-6.325,-4.904,0.978,0.123,0.501,0.004864,0.188040,0.000000,0.000000,0.013035,0.794061
822,1179.00,0.000,-8.542,0.6435,3.3056,39.2324,0.0000,0.0000,0.0000,0.0000,17.7719,0.4556,42.0614,0.0000,0.0000,0.4787,0.0000,0.0000,0.0000,0.0000,0.0000,0.0000,0.0000,0.0000,-9.993,-7.747,1.546,0.195,0.792,0.004918,0.189415,0.000000,0.000000,0.013073,0.792594
823,1178.00,0.000,-8.553,0.8765,3.3074,39.2091,0.0000,0.0000,0.0000,0.0000,17.8906,0.4603,41.9601,0.0000,0.0000,0.4798,0.0000,0.0000,0.0000,0.0000,0.0000,0.0000,0.0000,0.0000,-13.596,-10.541,2.105,0.265,1.078,0.004972,0.190794,0.000000,0.000000,0.013111,0.791123
824,1177.00,0.000,-8.565,1.1060,3.3092,39.1859,0.0000,0.0000,0.0000,0.0000,18.0094,0.4650,41.8587,0.0000,0.0000,0.4809,0.0000,0.0000,0.0000,0.0000,0.0000,0.0000,0.0000,0.0000,-17.139,-13.288,2.655,0.334,1.359,0.005026,0.192175,0.000000,0.000000,0.013150,0.789649
825,1176.00,0.000,-8.576,1.3322,3.3110,39.1626,0.0000,0.0000,0.0000,0.0000,18.1283,0.4697,41.7573,0.0000,0.0000,0.4821,0.0000,0.0000,0.0000,0.0000,0.0000,0.0000,0.0000,0.0000,-20.620,-15.988,3.196,0.402,1.636,0.005080,0.193559,0.000000,0.000000,0.013189,0.788173
826,1175.00,0.000,-8.588,1.5550,3.3128,39.1393,0.0000,0.0000,0.0000,0.0000,18.2473,0.4744,41.6558,0.0000,0.0000,0.4833,0.0000,0.0000,0.0000,0.0000,0.0000,0.0000,0.0000,0.0000,-24.044,-18.644,3.729,0.469,1.909,0.005133,0.194945,0.000000,0.000000,0.013229,0.786693
827,1174.00,0.000,-8.600,1.7747,3.3146,39.1159,0.0000,0.0000,0.0000,0.0000,18.3663,0.4790,41.5542,0.0000,0.0000,0.4845,0.0000,0.0000,0.0000,0.0000,0.0000,0.0000,0.0000,0.0000,-27.410,-21.255,4.254,0.535,2.177,0.005186,0.196334,0.000000,0.000000,0.013270,0.785210
828,1173.00,0.000,-8.611,1.9912,3.3165,39.0926,0.0000,0.0000,0.0000,0.0000,18.4855,0.4836,41.4526,0.0000,0.0000,0.4857,0.0000,0.0000,0.0000,0.0000,0.0000,0.0000,0.0000,0.0000,-30.721,-23.823,4.770,0.600,2.441,0.005239,0.197725,0.000000,0.000000,0.013312,0.783724
829,1172.00,0.000,-8.623,2.2047,3.3183,39.0693,0.0000,0.0000,0.0000,0.0000,18.6047,0.4882,41.3509,0.0000,0.0000,0.4869,0.0000,0.0000,0.0000,0.0000,0.0000,0.0000,0.0000,0.0000,-33.977,-26.349,5.278,0.664,2.701,0.005292,0.199119,0.000000,0.000000,0.013354,0.782235
830,1171.00,0.000,-8.635,2.4152,3.3201,39.0459,0.0000,0.0000,0.0000,0.0000,18.7239,0.4928,41.2492,0.0000,0.0000,0.4882,0.0000,0.0000,0.0000,0.0000,0.0000,0.0000,0.0000,0.0000,-37.180,-28.834,5.779,0.727,2.957,0.005345,0.200515,0.000000,0.000000,0.013396,0.780743
831,1170.00,0.000,-8.647,2.6228,3.3219,39.0225,0.0000,0.0000,0.0000,0.0000,18.8432,0.4974,41.1474,0.0000,0.0000,0.4895,0.0000,0.0000,0.0000,0.0000,0.0000,0.0000,0.0000,0.0000,-40.332,-31.280,6.273,0.790,3.210,0.005398,0.201914,0.000000,0.000000,0.013440,0.779249
832,1169.00,0.000,-8.658,2.8276,3.3238,38.9992,0.0000,0.0000,0.0000,0.0000,18.9626,0.5019,41.0455,0.0000,0.0000,0.4908,0.0000,0.0000,0.0000,0.0000,0.0000,0.0000,0.0000,0.0000,-43.434,-33.687,6.759,0.851,3.458,0.005450,0.203315,0.000000,0.000000,0.013484,0.777751
833,1168.00,0.000,-8.670,3.0297,3.3256,38.9758,0.0000,0.0000,0.0000,0.0000,19.0820,0.5064,40.9437,0.0000,0.0000,0.4922,0.0000,0.0000,0.0000,0.0000,0.0000,0.0000,0.0000,0.0000,-46.487,-36.056,7.238,0.911,3.703,0.005502,0.204718,0.000000,0.000000,0.013529,0.776251
834,1167.00,0.000,-8.682,3.2291,3.3275,38.9524,0.0000,0.0000,0.0000,0.0000,19.2015,0.5108,40.8418,0.0000,0.0000,0.4935,0.0000,0.0000,0.0000,0.0000,0.0000,0.0000,0.0000,0.0000,-49.491,-38.388,7.710,0.970,3.944,0.005554,0.206123,0.000000,0.000000,0.013575,0.774748
835,1166.00,0.000,-8.694,3.4259,3.3293,38.9290,0.0000,0.0000,0.0000,0.0000,19.3210,0.5153,40.7398,0.0000,0.0000,0.4949,0.0000,0.0000,0.0000,0.0000,0.0000,0.0000,0.0000,0.0000,-52.450,-40.684,8.175,1.029,4.182,0.005606,0.207531,0.000000,0.000000,0.013621,0.773243
836,1165.00,0.000,-8.705,3.6201,3.3311,38.9056,0.0000,0.0000,0.0000,0.0000,19.4405,0.5197,40.6378,0.0000,0.0000,0.4963,0.0000,0.0000,0.0000,0.0000,0.0000,0.0000,0.0000,0.0000,-55.362,-42.945,8.634,1.087,4.417,0.005657,0.208940,0.000000,0.000000,0.013668,0.771734
837,1164.00,0.000,-8.717,3.8119,3.3330,38.8822,0.0000,0.0000,0.0000,0.0000,19.5601,0.5241,40.5358,0.0000,0.0000,0.4978,0.0000,0.0000,0.0000,0.0000,0.0000,0.0000,0.0000,0.0000,-58.231,-45.172,9.087,1.144,4.648,0.005708,0.210352,0.000000,0.000000,0.013716,0.770224
838,1163.00,0.000,-8.729,4.0012,3.3348,38.8588,0.0000,0.0000,0.0000,0.0000,19.6797,0.5284,40.4338,0.0000,0.0000,0.4992,0.0000,0.0000,0.0000,0.0000,0.0000,0.0000,0.0000,0.0000,-61.055,-47.365,9.533,1.200,4.876,0.005759,0.211765,0.000000,0.000000,0.013765,0.768711
839,1162.00,0.000,-8.741,4.1882,3.3367,38.8354,0.0000,0.0000,0.0000,0.0000,19.7993,0.5327,40.3318,0.0000,0.0000,0.5007,0.0000,0.0000,0.0000,0.0000,0.0000,0.0000,0.0000,0.0000,-63.838,-49.526,9.973,1.255,5.100,0.005810,0.213181,0.000000,0.000000,0.013814,0.767195
840,1161.00,0.000,-8.753,4.3729,3.3385,38.8120,0.0000,0.0000,0.0000,0.0000,19.9189,0.5370,40.2298,0.0000,0.0000,0.5022,0.0000,0.0000,0.0000,0.0000,0.0000,0.0000,0.0000,0.0000,-66.579,-51.654,10.407,1.310,5.322,0.005860,0.214598,0.000000,0.000000,0.013864,0.765678
841,1160.00,0.000,-8.765,4.5554,3.3404,38.7886,0.0000,0.0000,0.0000,0.0000,20.0386,0.5413,40.1278,0.0000,0.0000,0.5038,0.0000,0.0000,0.0000,0.0000,0.0000,0.0000,0.0000,0.0000,-69.280,-53.752,10.835,1.364,5.541,0.005910,0.216017,0.000000,0.000000,0.013915,0.764158
842,1159.00,0.000,-8.777,4.7356,3.3422,38.7652,0.0000,0.0000,0.0000,0.0000,20.1582,0.5455,40.0258,0.0000,0.0000,0.5053,0.0000,0.0000,0.0000,0.0000,0.0000,0.0000,0.0000,0.0000,-71.941,-55.819,11.257,1.417,5.757,0.005960,0.217438,0.000000,0.000000,0.013967,0.762636
843,1158.00,0.000,-8.789,4.9137,3.3441,38.7418,0.0000,0.0000,0.0000,0.0000,20.2778,0.5497,39.9237,0.0000,0.0000,0.5069,0.0000,0.0000,0.0000,0.0000,0.0000,0.0000,0.0000,0.0000,-74.564,-57.857,11.674,1.469,5.970,0.006009,0.218860,0.000000,0.000000,0.014019,0.761112
844,1157.00,0.000,-8.801,5.0898,3.3459,38.7184,0.0000,0.0000,0.0000,0.0000,20.3974,0.5539,39.8218,0.0000,0.0000,0.5085,0.0000,0.0000,0.0000,0.0000,0.0000,0.0000,0.0000,0.0000,-77.150,-59.865,12.086,1.521,6.180,0.006058,0.220284,0.000000,0.000000,0.014072,0.759586
845,1156.00,0.000,-8.812,5.2638,3.3478,38.6951,0.0000,0.0000,0.0000,0.0000,20.5170,0.5580,39.7198,0.0000,0.0000,0.5102,0.0000,0.0000,0.0000,0.0000,0.0000,0.0000,0.0000,0.0000,-79.698,-61.845,12.492,1.572,6.387,0.006107,0.221710,0.000000,0.000000,0.014126,0.758058
846,1155.00,0.000,-8.824,5.4358,3.3496,38.6717,0.0000,0.0000,0.0000,0.0000,20.6366,0.5620,39.6178,0.0000,0.0000,0.5118,0.0000,0.0000,0.0000,0.0000,0.0000,0.0000,0.0000,0.0000,-82.211,-63.797,12.893,1.623,6.592,0.006155,0.223137,0.000000,0.000000,0.014181,0.756528
847,1154.00,0.000,-8.836,5.6059,3.3515,38.6483,0.0000,0.0000,0.0000,0.0000,20.7561,0.5661,39.5159,0.0000,0.0000,0.5135,0.0000,0.0000,0.0000,0.0000,0.0000,0.0000,0.0000,0.0000,-84.689,-65.723,13.289,1.673,6.794,0.006203,0.224565,0.000000,0.000000,0.014236,0.754996
848,1153.00,0.000,-8.848,5.7740,3.3533,38.6250,0.0000,0.0000,0.0000,0.0000,20.8756,0.5701,39.4141,0.0000,0.0000,0.5152,0.0000,0.0000,0.0000,0.0000,0.0000,0.0000,0.0000,0.0000,-87.132,-67.622,13.680,1.722,6.993,0.006251,0.225994,0.000000,0.000000,0.014292,0.753463
849,1152.00,0.000,-8.860,5.9404,3.3552,38.6016,0.0000,0.0000,0.0000,0.0000,20.9951,0.5741,39.3122,0.0000,0.0000,0.5170,0.0000,0.0000,0.0000,0.0000,0.0000,0.0000,0.0000,0.0000,-89.542,-69.495,14.067,1.771,7.190,0.006298,0.227424,0.000000,0.000000,0.014350,0.751928
850,1151.00,0.000,-8.873,6.1049,3.3570,38.5783,0.0000,0.0000,0.0000,0.0000,21.1144,0.5780,39.2105,0.0000,0.0000,0.5188,0.0000,0.0000,0.0000,0.0000,0.0000,0.0000,0.0000,0.0000,-91.919,-71.342,14.448,1.819,7.385,0.006345,0.228856,0.000000,0.000000,0.014407,0.750392
851,1150.00,0.000,-8.885,6.2676,3.3589,38.5550,0.0000,0.0000,0.0000,0.0000,21.2338,0.5819,39.1088,0.0000,0.0000,0.5206,0.0000,0.0000,0.0000,0.0000,0.0000,0.0000,0.0000,0.0000,-94.263,-73.165,14.825,1.866,7.577,0.006391,0.230288,0.000000,0.000000,0.014466,0.748854
852,1149.00,0.000,-8.897,6.4286,3.3607,38.5317,0.0000,0.0000,0.0000,0.0000,21.3530,0.5857,39.0071,0.0000,0.0000,0.5224,0.0000,0.0000,0.0000,0.0000,0.0000,0.0000,0.0000,0.0000,-96.577,-74.964,15.197,1.913,7.767,0.006438,0.231722,0.000000,0.000000,0.014526,0.747315
853,1148.00,0.000,-8.909,6.5880,3.3626,38.5085,0.0000,0.0000,0.0000,0.0000,21.4722,0.5895,38.9056,0.0000,0.0000,0.5242,0.0000,0.0000,0.0000,0.0000,0.0000,0.0000,0.0000,0.0000,-98.860,-76.739,15.565,1.959,7.955,0.006483,0.233156,0.000000,0.000000,0.014586,0.745775
854,1147.00,0.000,-8.921,6.7457,3.3644,38.4852,0.0000,0.0000,0.0000,0.0000,21.5913,0.5933,38.8041,0.0000,0.0000,0.5261,0.0000,0.0000,0.0000,0.0000,0.0000,0.0000,0.0000,0.0000,-101.113,-78.491,15.929,2.005,8.140,0.006529,0.234591,0.000000,0.000000,0.014647,0.744233
855,1146.00,0.000,-8.933,6.9017,3.3663,38.4620,0.0000,0.0000,0.0000,0.0000,21.7103,0.5970,38.7027,0.0000,0.0000,0.5280,0.0000,0.0000,0.0000,0.0000,0.0000,0.0000,0.0000,0.0000,-103.336,-80.221,16.288,2.050,8.324,0.006574,0.236026,0.000000,0.000000,0.014709,0.742691
856,1145.00,0.000,-8.945,7.0562,3.3681,38.4388,0.0000,0.0000,0.0000,0.0000,21.8292,0.6007,38.6013,0.0000,0.0000,0.5300,0.0000,0.0000,0.0000,0.0000,0.0000,0.0000,0.0000,0.0000,-105.531,-81.928,16.644,2.095,8.505,0.006618,0.237463,0.000000,0.000000,0.014772,0.741148
857,1144.00,0.000,-8.957,7.2092,3.3700,38.4156,0.0000,0.0000,0.0000,0.0000,21.9480,0.6043,38.5001,0.0000,0.0000,0.5319,0.0000,0.0000,0.0000,0.0000,0.0000,0.0000,0.0000,0.0000,-107.698,-83.614,16.995,2.139,8.684,0.006662,0.238899,0.000000,0.000000,0.014835,0.739603
858,1143.00,0.000,-8.969,7.3606,3.3719,38.3924,0.0000,0.0000,0.0000,0.0000,22.0667,0.6079,38.3990,0.0000,0.0000,0.5339,0.0000,0.0000,0.0000,0.0000,0.0000,0.0000,0.0000,0.0000,-109.837,-85.278,17.342,2.183,8.861,0.006706,0.240336,0.000000,0.000000,0.014900,0.738059
859,1142.00,0.000,-8.982,7.5106,3.3737,38.3693,0.0000,0.0000,0.0000,0.0000,22.1853,0.6115,38.2980,0.0000,0.0000,0.5359,0.0000,0.0000,0.0000,0.0000,0.0000,0.0000,0.0000,0.0000,-111.950,-86.922,17.686,2.226,9.036,0.006749,0.241773,0.000000,0.000000,0.014965,0.736513
860,1141.00,0.000,-8.994,7.6591,3.3756,38.3462,0.0000,0.0000,0.0000,0.0000,22.3038,0.6150,38.1971,0.0000,0.0000,0.5380,0.0000,0.0000,0.0000,0.0000,0.0000,0.0000,0.0000,0.0000,-114.036,-88.546,18.025,2.269,9.209,0.006792,0.243210,0.000000,0.000000,0.015031,0.734967
861,1140.00,0.000,-9.006,7.8062,3.3774,38.3232,0.0000,0.0000,0.0000,0.0000,22.4221,0.6184,38.0963,0.0000,0.0000,0.5400,0.0000,0.0000,0.0000,0.0000,0.0000,0.0000,0.0000,0.0000,-116.096,-90.149,18.361,2.311,9.380,0.006834,0.244647,0.000000,0.000000,0.015098,0.733420
862,1139.00,0.000,-9.018,7.9520,3.3793,38.3001,0.0000,0.0000,0.0000,0.0000,22.5402,0.6218,37.9957,0.0000,0.0000,0.5421,0.0000,0.0000,0.0000,0.0000,0.0000,0.0000,0.0000,0.0000,-118.131,-91.733,18.693,2.353,9.550,0.006876,0.246084,0.000000,0.000000,0.015166,0.731874
863,1138.00,0.000,-9.031,8.0964,3.3811,38.2771,0.0000,0.0000,0.0000,0.0000,22.6582,0.6252,37.8952,0.0000,0.0000,0.5443,0.0000,0.0000,0.0000,0.0000,0.0000,0.0000,0.0000,0.0000,-120.142,-93.299,19.022,2.395,9.717,0.006917,0.247521,0.000000,0.000000,0.015235,0.730327
864,1137.00,0.000,-9.043,8.2394,3.3830,38.2541,0.0000,0.0000,0.0000,0.0000,22.7761,0.6285,37.7948,0.0000,0.0000,0.5464,0.0000,0.0000,0.0000,0.0000,0.0000,0.0000,0.0000,0.0000,-122.128,-94.845,19.347,2.436,9.883,0.006958,0.248958,0.000000,0.000000,0.015304,0.728779
865,1136.00,0.000,-9.055,7.3354,3.4007,38.0365,0.0000,0.0000,0.0000,0.0000,23.9028,0.7000,36.8710,0.0000,0.0000,0.4897,0.0000,0.0000,0.0000,0.0000,0.0000,0.0000,0.0000,0.0000,-107.699,-83.485,17.183,2.157,8.756,0.007794,0.262769,0.000000,0.000000,0.013794,0.715644
866,1135.00,0.000,-9.068,7.4299,3.4035,38.0017,0.0000,0.0000,0.0000,0.0000,24.0820,0.7072,36.7204,0.0000,0.0000,0.4887,0.0000,0.0000,0.0000,0.0000,0.0000,0.0000,0.0000,0.0000,-108.908,-84.416,17.393,2.183,8.861,0.007881,0.264981,0.000000,0.000000,0.013778,0.713360
867,1134.00,0.000,-9.080,7.5243,3.4064,37.9668,0.0000,0.0000,0.0000,0.0000,24.2619,0.7144,36.5692,0.0000,0.0000,0.4877,0.0000,0.0000,0.0000,0.0000,0.0000,0.0000,0.0000,0.0000,-110.109,-85.341,17.602,2.209,8.966,0.007969,0.267207,0.000000,0.000000,0.013762,0.711063
868,1133.00,0.000,-9.092,7.6185,3.4093,37.9317,0.0000,0.0000,0.0000,0.0000,24.4426,0.7215,36.4175,0.0000,0.0000,0.4867,0.0000,0.0000,0.0000,0.0000,0.0000,0.0000,0.0000,0.0000,-111.303,-86.260,17.810,2.235,9.070,0.008056,0.269445,0.000000,0.000000,0.013747,0.708752
869,1132.00,0.000,-9.105,7.7127,3.4121,37.8965,0.0000,0.0000,0.0000,0.0000,24.6239,0.7286,36.2652,0.0000,0.0000,0.4857,0.0000,0.0000,0.0000,0.0000,0.0000,0.0000,0.0000,0.0000,-112.491,-87.173,18.018,2.260,9.174,0.008143,0.271697,0.000000,0.000000,0.013732,0.706429
870,1131.00,0.000,-9.117,7.8068,3.4150,37.8612,0.0000,0.0000,0.0000,0.0000,24.8061,0.7357,36.1123,0.0000,0.0000,0.4848,0.0000,0.0000,0.0000,0.0000,0.0000,0.0000,0.0000,0.0000,-113.672,-88.082,18.225,2.286,9.278,0.008230,0.273961,0.000000,0.000000,0.013718,0.704091
871,1130.00,0.000,-9.129,7.9009,3.4179,37.8257,0.0000,0.0000,0.0000,0.0000,24.9889,0.7428,35.9588,0.0000,0.0000,0.4838,0.0000,0.0000,0.0000,0.0000,0.0000,0.0000,0.0000,0.0000,-114.849,-88.987,18.432,2.312,9.381,0.008316,0.276240,0.000000,0.000000,0.013704,0.701740
872,1129.00,0.000,-9.142,7.9951,3.4209,37.7901,0.0000,0.0000,0.0000,0.0000,25.1725,0.7498,35.8047,0.0000,0.0000,0.4829,0.0000,0.0000,0.0000,0.0000,0.0000,0.0000,0.0000,0.0000,-116.021,-89.887,18.638,2.337,9.485,0.008403,0.278531,0.000000,0.000000,0.013690,0.699375
873,1128.00,0.000,-9.154,8.0893,3.4238,37.7544,0.0000,0.0000,0.0000,0.0000,25.3568,0.7568,35.6501,0.0000,0.0000,0.4820,0.0000,0.0000,0.0000,0.0000,0.0000,0.0000,0.0000,0.0000,-117.188,-90.784,18.845,2.363,9.588,0.008489,0.280836,0.000000,0.000000,0.013677,0.696997
874,1127.00,0.000,-9.167,8.1837,3.4267,37.7185,0.0000,0.0000,0.0000,0.0000,25.5418,0.7638,35.4948,0.0000,0.0000,0.4811,0.0000,0.0000,0.0000,0.0000,0.0000,0.0000,0.0000,0.0000,-118.352,-91.678,19.051,2.388,9.691,0.008575,0.283154,0.000000,0.000000,0.013665,0.694606
875,1126.00,0.000,-9.179,8.2782,3.4297,37.6825,0.0000,0.0000,0.0000,0.0000,25.7276,0.7707,35.3390,0.0000,0.0000,0.4802,0.0000,0.0000,0.0000,0.0000,0.0000,0.0000,0.0000,0.0000,-119.513,-92.569,19.257,2.414,9.794,0.008661,0.285486,0.000000,0.000000,0.013652,0.692200
876,1125.00,0.000,-9.192,8.3729,3.4327,37.6464,0.0000,0.0000,0.0000,0.0000,25.9141,0.7775,35.1827,0.0000,0.0000,0.4793,0.0000,0.0000,0.0000,0.0000,0.0000,0.0000,0.0000,0.0000,-120.671,-93.458,19.464,2.439,9.897,0.008747,0.287832,0.000000,0.000000,0.013640,0.689781
877,1124.00,0.000,-9.204,8.4678,3.4357,37.6101,0.0000,0.0000,0.0000,0.0000,26.1013,0.7844,35.0258,0.0000,0.0000,0.4784,0.0000,0.0000,0.0000,0.0000,0.0000,0.0000,0.0000,0.0000,-121.827,-94.345,19.671,2.465,10.001,0.008832,0.290191,0.000000,0.000000,0.013628,0.687348
878,1123.00,0.000,-9.217,8.5630,3.4387,37.5737,0.0000,0.0000,0.0000,0.0000,26.2893,0.7911,34.8683,0.0000,0.0000,0.4775,0.0000,0.0000,0.0000,0.0000,0.0000,0.0000,0.0000,0.0000,-122.982,-95.230,19.878,2.490,10.104,0.008917,0.292564,0.000000,0.000000,0.013617,0.684902
879,1122.00,0.000,-9.229,8.6586,3.4417,37.5372,0.0000,0.0000,0.0000,0.0000,26.4780,0.7979,34.7102,0.0000,0.0000,0.4767,0.0000,0.0000,0.0000,0.0000,0.0000,0.0000,0.0000,0.0000,-124.136,-96.115,20.085,2.516,10.207,0.009002,0.294950,0.000000,0.000000,0.013606,0.682442
880,1121.00,0.000,-9.242,8.7545,3.4448,37.5006,0.0000,0.0000,0.0000,0.0000,26.6674,0.8045,34.5516,0.0000,0.0000,0.4758,0.0000,0.0000,0.0000,0.0000,0.0000,0.0000,0.0000,0.0000,-125.290,-96.998,20.293,2.541,10.311,0.009086,0.297350,0.000000,0.000000,0.013595,0.679969
881,1120.00,0.000,-9.254,8.8508,3.4478,37.4638,0.0000,0.0000,0.0000,0.0000,26.8575,0.8111,34.3925,0.0000,0.0000,0.4750,0.0000,0.0000,0.0000,0.0000,0.0000,0.0000,0.0000,0.0000,-126.443,-97.882,20.501,2.567,10.415,0.009169,0.299764,0.000000,0.000000,0.013585,0.677482
882,1119.00,0.000,-9.267,8.9475,3.4509,37.4269,0.0000,0.0000,0.0000,0.0000,27.0484,0.8177,34.2328,0.0000,0.0000,0.4742,0.0000,0.0000,0.0000,0.0000,0.0000,0.0000,0.0000,0.0000,-127.597,-98.766,20.710,2.593,10.519,0.009252,0.302192,0.000000,0.000000,0.013574,0.674982
883,1118.00,0.000,-9.280,9.0447,3.4540,37.3899,0.0000,0.0000,0.0000,0.0000,27.2399,0.8242,34.0726,0.0000,0.0000,0.4734,0.0000,0.0000,0.0000,0.0000,0.0000,0.0000,0.0000,0.0000,-128.753,-99.650,20.920,2.619,10.623,0.009335,0.304633,0.000000,0.000000,0.013564,0.672468
884,1117.00,0.000,-9.292,9.1424,3.4571,37.3528,0.0000,0.0000,0.0000,0.0000,27.4321,0.8306,33.9119,0.0000,0.0000,0.4726,0.0000,0.0000,0.0000,0.0000,0.0000,0.0000,0.0000,0.0000,-129.909,-100.535,21.130,2.645,10.728,0.009417,0.307088,0.000000,0.000000,0.013555,0.669941
885,1116.00,0.000,-9.305,9.2406,3.4602,37.3156,0.0000,0.0000,0.0000,0.0000,27.6250,0.8370,33.7507,0.0000,0.0000,0.4717,0.0000,0.0000,0.0000,0.0000,0.0000,0.0000,0.0000,0.0000,-131.068,-101.421,21.342,2.671,10.833,0.009499,0.309556,0.000000,0.000000,0.013545,0.667400
886,1115.00,0.000,-9.318,9.3395,3.4633,37.2782,0.0000,0.0000,0.0000,0.0000,27.8187,0.8432,33.5890,0.0000,0.0000,0.4709,0.0000,0.0000,0.0000,0.0000,0.0000,0.0000,0.0000,0.0000,-132.230,-102.309,21.554,2.697,10.939,0.009580,0.312038,0.000000,0.000000,0.013536,0.664847
887,1114.00,0.000,-9.330,9.4389,3.4664,37.2407,0.0000,0.0000,0.0000,0.0000,28.0129,0.8495,33.4267,0.0000,0.0000,0.4702,0.0000,0.0000,0.0000,0.0000,0.0000,0.0000,0.0000,0.0000,-133.394,-103.199,21.768,2.723,11.045,0.009660,0.314533,0.000000,0.000000,0.013526,0.662280
888,1113.00,0.000,-9.343,8.7687,3.4722,37.1662,0.0000,0.0000,0.0000,0.0000,28.2186,1.0475,33.1024,0.0000,0.0000,0.4653,0.0000,0.0000,0.0000,0.0000,0.0000,0.0000,0.0000,0.0000,-123.526,-95.519,20.205,2.525,10.241,0.011936,0.317478,0.000000,0.000000,0.013414,0.657173
889,1112.00,0.000,-9.356,8.7379,3.4751,37.1322,0.0000,0.0000,0.0000,0.0000,28.3674,1.0817,32.9550,0.0000,0.0000,0.4636,0.0000,0.0000,0.0000,0.0000,0.0000,0.0000,0.0000,0.0000,-122.891,-95.021,20.121,2.514,10.196,0.012338,0.319444,0.000000,0.000000,0.013378,0.654841
890,1111.00,0.000,-9.368,8.7050,3.4778,37.1000,0.0000,0.0000,0.0000,0.0000,28.5072,1.1155,32.8154,0.0000,0.0000,0.4619,0.0000,0.0000,0.0000,0.0000,0.0000,0.0000,0.0000,0.0000,-122.238,-94.511,20.032,2.503,10.150,0.012733,0.321297,0.000000,0.000000,0.013341,0.652629
891,1110.00,0.000,-9.381,8.6699,3.4804,37.0694,0.0000,0.0000,0.0000,0.0000,28.6389,1.1488,32.6827,0.0000,0.0000,0.4602,0.0000,0.0000,0.0000,0.0000,0.0000,0.0000,0.0000,0.0000,-121.564,-93.986,19.938,2.491,10.101,0.013124,0.323049,0.000000,0.000000,0.013302,0.650526
892,1109.00,0.000,-9.394,8.6326,3.4828,37.0402,0.0000,0.0000,0.0000,0.0000,28.7634,1.1817,32.5563,0.0000,0.0000,0.4585,0.0000,0.0000,0.0000,0.0000,0.0000,0.0000,0.0000,0.0000,-120.868,-93.445,19.840,2.479,10.049,0.013511,0.324708,0.000000,0.000000,0.013262,0.648520
893,1108.00,0.000,-9.407,8.5930,3.4852,37.0123,0.0000,0.0000,0.0000,0.0000,28.8811,1.2143,32.4356,0.0000,0.0000,0.4567,0.0000,0.0000,0.0000,0.0000,0.0000,0.0000,0.0000,0.0000,-120.148,-92.888,19.737,2.466,9.996,0.013894,0.326283,0.000000,0.000000,0.013221,0.646603
894,1107.00,0.000,-9.420,8.5511,3.4875,36.9856,0.0000,0.0000,0.0000,0.0000,28.9927,1.2466,32.3201,0.0000,0.0000,0.4549,0.0000,0.0000,0.0000,0.0000,0.0000,0.0000,0.0000,0.0000,-119.404,-92.313,19.629,2.452,9.940,0.014274,0.327780,0.000000,0.000000,0.013179,0.644767
895,1106.00,0.000,-9.433,8.5069,3.4897,36.9600,0.0000,0.0000,0.0000,0.0000,29.0987,1.2788,32.2094,0.0000,0.0000,0.4531,0.0000,0.0000,0.0000,0.0000,0.0000,0.0000,0.0000,0.0000,-118.635,-91.720,19.516,2.438,9.882,0.014653,0.329205,0.000000,0.000000,0.013136,0.643006
896,1105.00,0.000,-9.445,8.4605,3.4918,36.9355,0.0000,0.0000,0.0000,0.0000,29.1993,1.3109,32.1030,0.0000,0.0000,0.4513,0.0000,0.0000,0.0000,0.0000,0.0000,0.0000,0.0000,0.0000,-117.842,-91.109,19.398,2.423,9.821,0.015031,0.330564,0.000000,0.000000,0.013093,0.641313
897,1104.00,0.000,-9.458,8.4118,3.4938,36.9118,0.0000,0.0000,0.0000,0.0000,29.2951,1.3429,32.0007,0.0000,0.0000,0.4495,0.0000,0.0000,0.0000,0.0000,0.0000,0.0000,0.0000,0.0000,-117.025,-90.480,19.275,2.408,9.758,0.015407,0.331861,0.000000,0.000000,0.013049,0.639683
898,1103.00,0.000,-9.471,8.3610,3.4958,36.8890,0.0000,0.0000,0.0000,0.0000,29.3863,1.3749,31.9021,0.0000,0.0000,0.4477,0.0000,0.0000,0.0000,0.0000,0.0000,0.0000,0.0000,0.0000,-116.183,-89.833,19.148,2.392,9.693,0.015784,0.333099,0.000000,0.000000,0.013004,0.638112
899,1102.00,0.000,-9.484,8.1966,3.4977,36.8664,0.0000,0.0000,0.0000,0.0000,29.4616,1.4214,31.8035,0.0000,0.0000,0.4470,0.0000,0.0000,0.0000,0.0000,0.0000,0.0000,0.0000,0.0000,-113.772,-87.972,18.762,2.343,9.497,0.016329,0.334158,0.000000,0.000000,0.012990,0.636523
900,1101.00,0.000,-9.497,8.0309,3.4995,36.8443,0.0000,0.0000,0.0000,0.0000,29.5327,1.4695,31.7072,0.0000,0.0000,0.4463,0.0000,0.0000,0.0000,0.0000,0.0000,0.0000,0.0000,0.0000,-111.349,-86.103,18.372,2.295,9.299,0.016891,0.335165,0.000000,0.000000,0.012978,0.634966
901,1100.00,0.000,-9.510,7.8741,3.5014,36.8227,0.0000,0.0000,0.0000,0.0000,29.6008,1.5176,31.6132,0.0000,0.0000,0.4456,0.0000,0.0000,0.0000,0.0000,0.0000,0.0000,0.0000,0.0000,-109.058,-84.336,18.004,2.249,9.112,0.017455,0.336135,0.000000,0.000000,0.012965,0.633446
902,1099.00,0.000,-9.523,7.7254,3.5031,36.8017,0.0000,0.0000,0.0000,0.0000,29.6662,1.5659,31.5214,0.0000,0.0000,0.4448,0.0000,0.0000,0.0000,0.0000,0.0000,0.0000,0.0000,0.0000,-106.886,-82.661,17.655,2.205,8.934,0.018020,0.337070,0.000000,0.000000,0.012950,0.631960
903,1098.00,0.000,-9.536,7.5840,3.5049,36.7811,0.0000,0.0000,0.0000,0.0000,29.7291,1.6142,31.4316,0.0000,0.0000,0.4440,0.0000,0.0000,0.0000,0.0000,0.0000,0.0000,0.0000,0.0000,-104.822,-81.071,17.323,2.164,8.766,0.018586,0.337974,0.000000,0.000000,0.012935,0.630505
904,1097.00,0.000,-9.549,7.4494,3.5066,36.7609,0.0000,0.0000,0.0000,0.0000,29.7896,1.6627,31.3436,0.0000,0.0000,0.4432,0.0000,0.0000,0.0000,0.0000,0.0000,0.0000,0.0000,0.0000,-102.857,-79.556,17.006,2.124,8.605,0.019155,0.338848,0.000000,0.000000,0.012918,0.629078
905,1096.00,0.000,-9.562,7.3209,3.5083,36.7411,0.0000,0.0000,0.0000,0.0000,29.8479,1.7113,31.2573,0.0000,0.0000,0.4424,0.0000,0.0000,0.0000,0.0000,0.0000,0.0000,0.0000,0.0000,-100.982,-78.112,16.704,2.087,8.452,0.019725,0.339695,0.000000,0.000000,0.012901,0.627679
906,1095.00,0.000,-9.575,7.1980,3.5099,36.7217,0.0000,0.0000,0.0000,0.0000,29.9042,1.7600,31.1726,0.0000,0.0000,0.4415,0.0000,0.0000,0.0000,0.0000,0.0000,0.0000,0.0000,0.0000,-99.189,-76.731,16.415,2.051,8.305,0.020298,0.340514,0.000000,0.000000,0.012883,0.626305
907,1094.00,0.000,-9.588,7.0802,3.5116,36.7026,0.0000,0.0000,0.0000,0.0000,29.9584,1.8089,31.0894,0.0000,0.0000,0.4407,0.0000,0.0000,0.0000,0.0000,0.0000,0.0000,0.0000,0.0000,-97.472,-75.408,16.138,2.016,8.165,0.020872,0.341310,0.000000,0.000000,0.012864,0.624954
908,1093.00,0.000,-9.601,6.9671,3.5132,36.6838,0.0000,0.0000,0.0000,0.0000,30.0108,1.8579,31.0077,0.0000,0.0000,0.4398,0.0000,0.0000,0.0000,0.0000,0.0000,0.0000,0.0000,0.0000,-95.824,-74.140,15.872,1.983,8.030,0.021449,0.342081,0.000000,0.000000,0.012844,0.623625
909,1092.00,0.000,-9.614,6.8584,3.5147,36.6653,0.0000,0.0000,0.0000,0.0000,30.0615,1.9072,30.9272,0.0000,0.0000,0.4389,0.0000,0.0000,0.0000,0.0000,0.0000,0.0000,0.0000,0.0000,-94.240,-72.921,15.617,1.951,7.900,0.022029,0.342831,0.000000,0.000000,0.012824,0.622316
910,1091.00,0.000,-9.627,6.7538,3.5163,36.6472,0.0000,0.0000,0.0000,0.0000,30.1104,1.9566,30.8479,0.0000,0.0000,0.4379,0.0000,0.0000,0.0000,0.0000,0.0000,0.0000,0.0000,0.0000,-92.716,-71.748,15.371,1.921,7.776,0.022610,0.343560,0.000000,0.000000,0.012803,0.621026
911,1090.00,0.000,-9.641,6.6528,3.5178,36.6292,0.0000,0.0000,0.0000,0.0000,30.1579,2.0061,30.7698,0.0000,0.0000,0.4370,0.0000,0.0000,0.0000,0.0000,0.0000,0.0000,0.0000,0.0000,-91.247,-70.618,15.133,1.891,7.655,0.023195,0.344270,0.000000,0.000000,0.012781,0.619754
912,1089.00,0.000,-9.654,6.5554,3.5194,36.6116,0.0000,0.0000,0.0000,0.0000,30.2038,2.0559,30.6927,0.0000,0.0000,0.4360,0.0000,0.0000,0.0000,0.0000,0.0000,0.0000,0.0000,0.0000,-89.829,-69.527,14.904,1.863,7.539,0.023782,0.344960,0.000000,0.000000,0.012759,0.618499
913,1088.00,0.000,-9.667,6.4612,3.5209,36.5941,0.0000,0.0000,0.0000,0.0000,30.2483,2.1059,30.6166,0.0000,0.0000,0.4350,0.0000,0.0000,0.0000,0.0000,0.0000,0.0000,0.0000,0.0000,-88.459,-68.473,14.683,1.835,7.427,0.024371,0.345634,0.000000,0.000000,0.012737,0.617258
914,1087.00,0.000,-9.680,6.3700,3.5223,36.5769,0.0000,0.0000,0.0000,0.0000,30.2915,2.1561,30.5415,0.0000,0.0000,0.4340,0.0000,0.0000,0.0000,0.0000,0.0000,0.0000,0.0000,0.0000,-87.133,-67.454,14.468,1.808,7.319,0.024964,0.346290,0.000000,0.000000,0.012714,0.616032
915,1086.00,0.000,-9.693,6.2816,3.5238,36.5599,0.0000,0.0000,0.0000,0.0000,30.3335,2.2065,30.4672,0.0000,0.0000,0.4330,0.0000,0.0000,0.0000,0.0000,0.0000,0.0000,0.0000,0.0000,-85.849,-66.467,14.260,1.783,7.213,0.025559,0.346931,0.000000,0.000000,0.012690,0.614820
916,1085.00,0.000,-9.707,6.1959,3.5253,36.5430,0.0000,0.0000,0.0000,0.0000,30.3742,2.2571,30.3937,0.0000,0.0000,0.4320,0.0000,0.0000,0.0000,0.0000,0.0000,0.0000,0.0000,0.0000,-84.603,-65.510,14.059,1.758,7.111,0.026157,0.347557,0.000000,0.000000,0.012666,0.613619
917,1084.00,0.000,-9.720,6.1127,3.5267,36.5263,0.0000,0.0000,0.0000,0.0000,30.4138,2.3079,30.3210,0.0000,0.0000,0.4310,0.0000,0.0000,0.0000,0.0000,0.0000,0.0000,0.0000,0.0000,-83.395,-64.581,13.863,1.733,7.012,0.026759,0.348169,0.000000,0.000000,0.012642,0.612430
918,1083.00,0.000,-9.733,6.0318,3.5281,36.5098,0.0000,0.0000,0.0000,0.0000,30.4523,2.3590,30.2490,0.0000,0.0000,0.4299,0.0000,0.0000,0.0000,0.0000,0.0000,0.0000,0.0000,0.0000,-82.221,-63.679,13.673,1.710,6.916,0.027363,0.348768,0.000000,0.000000,0.012617,0.611252
919,1082.00,0.000,-9.746,5.9531,3.5295,36.4935,0.0000,0.0000,0.0000,0.0000,30.4898,2.4103,30.1776,0.0000,0.0000,0.4289,0.0000,0.0000,0.0000,0.0000,0.0000,0.0000,0.0000,0.0000,-81.080,-62.802,13.488,1.687,6.822,0.027971,0.349354,0.000000,0.000000,0.012592,0.610083
920,1081.00,0.000,-9.760,5.8766,3.5309,36.4772,0.0000,0.0000,0.0000,0.0000,30.5264,2.4618,30.1068,0.0000,0.0000,0.4278,0.0000,0.0000,0.0000,0.0000,0.0000,0.0000,0.0000,0.0000,-79.970,-61.949,13.308,1.664,6.731,0.028582,0.349928,0.000000,0.000000,0.012567,0.608923
921,1080.00,0.000,-9.773,5.8020,3.5323,36.4611,0.0000,0.0000,0.0000,0.0000,30.5620,2.5136,30.0365,0.0000,0.0000,0.4268,0.0000,0.0000,0.0000,0.0000,0.0000,0.0000,0.0000,0.0000,-78.889,-61.119,13.133,1.643,6.643,0.029196,0.350491,0.000000,0.000000,0.012541,0.607771
922,1079.00,0.000,-9.786,5.7293,3.5337,36.4451,0.0000,0.0000,0.0000,0.0000,30.5967,2.5656,29.9668,0.0000,0.0000,0.4257,0.0000,0.0000,0.0000,0.0000,0.0000,0.0000,0.0000,0.0000,-77.836,-60.310,12.962,1.621,6.556,0.029813,0.351044,0.000000,0.000000,0.012515,0.606627
923,1078.00,0.000,-9.800,5.6584,3.5351,36.4293,0.0000,0.0000,0.0000,0.0000,30.6307,2.6179,29.8975,0.0000,0.0000,0.4246,0.0000,0.0000,0.0000,0.0000,0.0000,0.0000,0.0000,0.0000,-76.809,-59.521,12.795,1.601,6.472,0.030435,0.351586,0.000000,0.000000,0.012489,0.605490
924,1077.00,0.000,-9.813,5.5891,3.5365,36.4135,0.0000,0.0000,0.0000,0.0000,30.6638,2.6705,29.8286,0.0000,0.0000,0.4236,0.0000,0.0000,0.0000,0.0000,0.0000,0.0000,0.0000,0.0000,-75.807,-58.751,12.632,1.580,6.390,0.031059,0.352120,0.000000,0.000000,0.012463,0.604358
925,1076.00,0.000,-9.827,5.5216,3.5378,36.3978,0.0000,0.0000,0.0000,0.0000,30.6963,2.7234,29.7601,0.0000,0.0000,0.4225,0.0000,0.0000,0.0000,0.0000,0.0000,0.0000,0.0000,0.0000,-74.829,-58.000,12.473,1.561,6.309,0.031687,0.352644,0.000000,0.000000,0.012436,0.603232
926,1075.00,0.000,-9.840,5.4555,3.5392,36.3822,0.0000,0.0000,0.0000,0.0000,30.7280,2.7765,29.6920,0.0000,0.0000,0.4214,0.0000,0.0000,0.0000,0.0000,0.0000,0.0000,0.0000,0.0000,-73.873,-57.267,12.318,1.541,6.231,0.032319,0.353160,0.000000,0.000000,0.012410,0.602111
927,1074.00,0.000,-9.853,5.3910,3.5405,36.3666,0.0000,0.0000,0.0000,0.0000,30.7591,2.8299,29.6241,0.0000,0.0000,0.4203,0.0000,0.0000,0.0000,0.0000,0.0000,0.0000,0.0000,0.0000,-72.940,-56.550,12.166,1.523,6.154,0.032955,0.353668,0.000000,0.000000,0.012383,0.600994
928,1073.00,0.000,-9.867,5.3278,3.5419,36.3511,0.0000,0.0000,0.0000,0.0000,30.7895,2.8836,29.5565,0.0000,0.0000,0.4192,0.0000,0.0000,0.0000,0.0000,0.0000,0.0000,0.0000,0.0000,-72.027,-55.849,12.018,1.504,6.079,0.033594,0.354170,0.000000,0.000000,0.012356,0.599880
929,1072.00,0.000,-9.880,5.2660,3.5432,36.3357,0.0000,0.0000,0.0000,0.0000,30.8194,2.9376,29.4892,0.0000,0.0000,0.4181,0.0000,0.0000,0.0000,0.0000,0.0000,0.0000,0.0000,0.0000,-71.134,-55.164,11.873,1.486,6.006,0.034238,0.354664,0.000000,0.000000,0.012328,0.598770
930,1071.00,0.000,-9.894,5.2055,3.5446,36.3203,0.0000,0.0000,0.0000,0.0000,30.8488,2.9918,29.4220,0.0000,0.0000,0.4170,0.0000,0.0000,0.0000,0.0000,0.0000,0.0000,0.0000,0.0000,-70.260,-54.493,11.731,1.469,5.934,0.034886,0.355152,0.000000,0.000000,0.012301,0.597661
931,1070.00,0.000,-9.908,5.1463,3.5459,36.3050,0.0000,0.0000,0.0000,0.0000,30.8776,3.0465,29.3551,0.0000,0.0000,0.4159,0.0000,0.0000,0.0000,0.0000,0.0000,0.0000,0.0000,0.0000,-69.405,-53.836,11.591,1.451,5.864,0.035537,0.355634,0.000000,0.000000,0.012274,0.596555
932,1069.00,0.000,-9.921,5.0883,3.5472,36.2897,0.0000,0.0000,0.0000,0.0000,30.9060,3.1014,29.2882,0.0000,0.0000,0.4148,0.0000,0.0000,0.0000,0.0000,0.0000,0.0000,0.0000,0.0000,-68.567,-53.193,11.455,1.434,5.795,0.036193,0.356111,0.000000,0.000000,0.012246,0.595450
933,1068.00,0.000,-9.935,5.0314,3.5486,36.2744,0.0000,0.0000,0.0000,0.0000,30.9339,3.1566,29.2214,0.0000,0.0000,0.4137,0.0000,0.0000,0.0000,0.0000,0.0000,0.0000,0.0000,0.0000,-67.747,-52.563,11.322,1.418,5.727,0.036853,0.356583,0.000000,0.000000,0.012219,0.594345
934,1067.00,0.000,-9.948,4.9756,3.5499,36.2591,0.0000,0.0000,0.0000,0.0000,30.9613,3.2122,29.1548,0.0000,0.0000,0.4126,0.0000,0.0000,0.0000,0.0000,0.0000,0.0000,0.0000,0.0000,-66.942,-51.945,11.191,1.402,5.661,0.037518,0.357050,0.000000,0.000000,0.012191,0.593241
935,1066.00,0.000,-9.962,4.9210,3.5512,36.2439,0.0000,0.0000,0.0000,0.0000,30.9884,3.2681,29.0881,0.0000,0.0000,0.4115,0.0000,0.0000,0.0000,0.0000,0.0000,0.0000,0.0000,0.0000,-66.153,-51.339,11.062,1.386,5.596,0.038187,0.357512,0.000000,0.000000,0.012164,0.592137
936,1065.00,0.000,-9.976,4.8673,3.5525,36.2286,0.0000,0.0000,0.0000,0.0000,31.0152,3.3244,29.0215,0.0000,0.0000,0.4104,0.0000,0.0000,0.0000,0.0000,0.0000,0.0000,0.0000,0.0000,-65.380,-50.745,10.936,1.370,5.532,0.038861,0.357971,0.000000,0.000000,0.012136,0.591031
937,1064.00,0.000,-9.989,4.8147,3.5539,36.2133,0.0000,0.0000,0.0000,0.0000,31.0415,3.3810,28.9548,0.0000,0.0000,0.4093,0.0000,0.0000,0.0000,0.0000,0.0000,0.0000,0.0000,0.0000,-64.621,-50.163,10.813,1.355,5.470,0.039540,0.358427,0.000000,0.000000,0.012108,0.589925
938,1063.00,0.000,-10.003,4.7630,3.5552,36.1981,0.0000,0.0000,0.0000,0.0000,31.0676,3.4380,28.8882,0.0000,0.0000,0.4082,0.0000,0.0000,0.0000,0.0000,0.0000,0.0000,0.0000,0.0000,-63.876,-49.591,10.691,1.340,5.409,0.040223,0.358879,0.000000,0.000000,0.012081,0.588817
939,1062.00,0.000,-10.017,4.7122,3.5565,36.1828,0.0000,0.0000,0.0000,0.0000,31.0934,3.4954,28.8214,0.0000,0.0000,0.4070,0.0000,0.0000,0.0000,0.0000,0.0000,0.0000,0.0000,0.0000,-63.145,-49.029,10.572,1.325,5.349,0.040911,0.359329,0.000000,0.000000,0.012053,0.587707
940,1061.00,0.000,-10.030,4.6624,3.5579,36.1675,0.0000,0.0000,0.0000,0.0000,31.1189,3.5531,28.7546,0.0000,0.0000,0.4059,0.0000,0.0000,0.0000,0.0000,0.0000,0.0000,0.0000,0.0000,-62.426,-48.478,10.455,1.310,5.289,0.041605,0.359776,0.000000,0.000000,0.012025,0.586594
941,1060.00,0.000,-10.044,4.6135,3.5592,36.1522,0.0000,0.0000,0.0000,0.0000,31.1442,3.6112,28.6876,0.0000,0.0000,0.4048,0.0000,0.0000,0.0000,0.0000,0.0000,0.0000,0.0000,0.0000,-61.721,-47.936,10.340,1.296,5.231,0.042303,0.360220,0.000000,0.000000,0.011998,0.585478
942,1059.00,0.000,-10.058,4.5653,3.5605,36.1368,0.0000,0.0000,0.0000,0.0000,31.1692,3.6697,28.6205,0.0000,0.0000,0.4037,0.0000,0.0000,0.0000,0.0000,0.0000,0.0000,0.0000,0.0000,-61.028,-47.404,10.227,1.282,5.174,0.043007,0.360663,0.000000,0.000000,0.011970,0.584359
943,1058.00,0.000,-10.072,4.5181,3.5619,36.1214,0.0000,0.0000,0.0000,0.0000,31.1940,3.7287,28.5532,0.0000,0.0000,0.4026,0.0000,0.0000,0.0000,0.0000,0.0000,0.0000,0.0000,0.0000,-60.347,-46.881,10.116,1.268,5.118,0.043716,0.361104,0.000000,0.000000,0.011943,0.583237
944,1057.00,0.000,-10.085,4.4716,3.5632,36.1060,0.0000,0.0000,0.0000,0.0000,31.2187,3.7880,28.4858,0.0000,0.0000,0.4015,0.0000,0.0000,0.0000,0.0000,0.0000,0.0000,0.0000,0.0000,-59.678,-46.367,10.007,1.255,5.063,0.044431,0.361544,0.000000,0.000000,0.011915,0.582110
945,1056.00,0.000,-10.099,4.4259,3.5646,36.0905,0.0000,0.0000,0.0000,0.0000,31.2432,3.8478,28.4181,0.0000,0.0000,0.4004,0.0000,0.0000,0.0000,0.0000,0.0000,0.0000,0.0000,0.0000,-59.020,-45.862,9.900,1.242,5.009,0.045151,0.361983,0.000000,0.000000,0.011888,0.580978
946,1055.00,0.000,-10.113,4.3809,3.5659,36.0750,0.0000,0.0000,0.0000,0.0000,31.2675,3.9079,28.3502,0.0000,0.0000,0.3994,0.0000,0.0000,0.0000,0.0000,0.0000,0.0000,0.0000,0.0000,-58.373,-45.365,9.795,1.229,4.956,0.045877,0.362420,0.000000,0.000000,0.011861,0.579842
947,1054.00,0.000,-10.127,4.3367,3.5673,36.0594,0.0000,0.0000,0.0000,0.0000,31.2917,3.9686,28.2821,0.0000,0.0000,0.3983,0.0000,0.0000,0.0000,0.0000,0.0000,0.0000,0.0000,0.0000,-57.737,-44.876,9.691,1.216,4.903,0.046609,0.362858,0.000000,0.000000,0.011833,0.578700
948,1053.00,0.000,-10.141,4.2933,3.5686,36.0438,0.0000,0.0000,0.0000,0.0000,31.3158,4.0296,28.2137,0.0000,0.0000,0.3972,0.0000,0.0000,0.0000,0.0000,0.0000,0.0000,0.0000,0.0000,-57.111,-44.395,9.589,1.203,4.852,0.047347,0.363294,0.000000,0.000000,0.011806,0.577553
949,1052.00,0.000,-10.155,4.2505,3.5700,36.0281,0.0000,0.0000,0.0000,0.0000,31.3397,4.0911,28.1450,0.0000,0.0000,0.3961,0.0000,0.0000,0.0000,0.0000,0.0000,0.0000,0.0000,0.0000,-56.496,-43.922,9.489,1.191,4.801,0.048090,0.363731,0.000000,0.000000,0.011779,0.576400
950,1051.00,0.000,-10.169,4.2084,3.5714,36.0123,0.0000,0.0000,0.0000,0.0000,31.3636,4.1531,28.0760,0.0000,0.0000,0.3950,0.0000,0.0000,0.0000,0.0000,0.0000,0.0000,0.0000,0.0000,-55.890,-43.456,9.390,1.178,4.751,0.048840,0.364168,0.000000,0.000000,0.011752,0.575240
951,1050.00,0.000,-10.183,4.1669,3.5727,35.9964,0.0000,0.0000,0.0000,0.0000,31.3874,4.2155,28.0067,0.0000,0.0000,0.3939,0.0000,0.0000,0.0000,0.0000,0.0000,0.0000,0.0000,0.0000,-55.294,-42.998,9.293,1.166,4.702,0.049595,0.364605,0.000000,0.000000,0.011726,0.574074
952,1049.00,0.000,-10.197,4.1261,3.5741,35.9805,0.0000,0.0000,0.0000,0.0000,31.4112,4.2783,27.9371,0.0000,0.0000,0.3929,0.0000,0.0000,0.0000,0.0000,0.0000,0.0000,0.0000,0.0000,-54.707,-42.547,9.197,1.154,4.654,0.050357,0.365042,0.000000,0.000000,0.011699,0.572902
953,1048.00,0.000,-10.211,4.0860,3.5755,35.9645,0.0000,0.0000,0.0000,0.0000,31.4349,4.3416,27.8671,0.0000,0.0000,0.3918,0.0000,0.0000,0.0000,0.0000,0.0000,0.0000,0.0000,0.0000,-54.129,-42.102,9.103,1.143,4.606,0.051125,0.365480,0.000000,0.000000,0.011672,0.571722
954,1047.00,0.000,-10.225,4.0465,3.5769,35.9485,0.0000,0.0000,0.0000,0.0000,31.4585,4.4054,27.7968,0.0000,0.0000,0.3908,0.0000,0.0000,0.0000,0.0000,0.0000,0.0000,0.0000,0.0000,-53.561,-41.665,9.011,1.131,4.559,0.051900,0.365918,0.000000,0.000000,0.011646,0.570536
955,1046.00,0.000,-10.239,4.0076,3.5783,35.9323,0.0000,0.0000,0.0000,0.0000,31.4822,4.4697,27.7261,0.0000,0.0000,0.3897,0.0000,0.0000,0.0000,0.0000,0.0000,0.0000,0.0000,0.0000,-53.001,-41.235,8.919,1.120,4.513,0.052680,0.366358,0.000000,0.000000,0.011620,0.569342
956,1045.00,0.000,-10.253,3.9693,3.5797,35.9161,0.0000,0.0000,0.0000,0.0000,31.5058,4.5344,27.6550,0.0000,0.0000,0.3886,0.0000,0.0000,0.0000,0.0000,0.0000,0.0000,0.0000,0.0000,-52.450,-40.811,8.830,1.109,4.468,0.053468,0.366799,0.000000,0.000000,0.011594,0.568140
957,1044.00,0.000,-10.267,3.9316,3.5811,35.8997,0.0000,0.0000,0.0000,0.0000,31.5294,4.5997,27.5836,0.0000,0.0000,0.3876,0.0000,0.0000,0.0000,0.0000,0.0000,0.0000,0.0000,0.0000,-51.907,-40.393,8.741,1.098,4.423,0.054261,0.367240,0.000000,0.000000,0.011568,0.566931
958,1043.00,0.000,-10.281,3.8944,3.5825,35.8833,0.0000,0.0000,0.0000,0.0000,31.5530,4.6653,27.5118,0.0000,0.0000,0.3865,0.0000,0.0000,0.0000,0.0000,0.0000,0.0000,0.0000,0.0000,-51.372,-39.982,8.654,1.087,4.379,0.055061,0.367684,0.000000,0.000000,0.011542,0.565713
959,1042.00,0.000,-10.295,3.8578,3.5840,35.8668,0.0000,0.0000,0.0000,0.0000,31.5766,4.7315,27.4395,0.0000,0.0000,0.3855,0.0000,0.0000,0.0000,0.0000,0.0000,0.0000,0.0000,0.0000,-50.846,-39.577,8.568,1.076,4.336,0.055868,0.368128,0.000000,0.000000,0.011516,0.564488
960,1041.00,0.000,-10.309,3.8218,3.5854,35.8502,0.0000,0.0000,0.0000,0.0000,31.6003,4.7981,27.3669,0.0000,0.0000,0.3845,0.0000,0.0000,0.0000,0.0000,0.0000,0.0000,0.0000,0.0000,-50.328,-39.179,8.484,1.066,4.293,0.056681,0.368574,0.000000,0.000000,0.011490,0.563255
961,1040.00,0.000,-10.323,3.7572,3.5877,35.8216,0.0000,0.0000,0.0000,0.0000,31.6362,4.9171,27.2411,0.0000,0.0000,0.3840,0.0000,0.0000,0.0000,0.0000,0.0000,0.0000,0.0000,0.0000,-49.410,-38.464,8.336,1.047,4.217,0.058133,0.369289,0.000000,0.000000,0.011484,0.561094
962,1039.00,0.000,-10.337,3.6848,3.5904,35.7882,0.0000,0.0000,0.0000,0.0000,31.6772,5.0565,27.0943,0.0000,0.0000,0.3837,0.0000,0.0000,0.0000,0.0000,0.0000,0.0000,0.0000,0.0000,-48.381,-37.662,8.170,1.026,4.132,0.059837,0.370112,0.000000,0.000000,0.011486,0.558565
963,1038.00,0.000,-10.352,3.6170,3.5931,35.7553,0.0000,0.0000,0.0000,0.0000,31.7179,5.1940,26.9495,0.0000,0.0000,0.3833,0.0000,0.0000,0.0000,0.0000,0.0000,0.0000,0.0000,0.0000,-47.418,-36.911,8.014,1.007,4.052,0.061520,0.370928,0.000000,0.000000,0.011487,0.556065
964,1037.00,0.000,-10.366,3.5535,3.5957,35.7228,0.0000,0.0000,0.0000,0.0000,31.7581,5.3296,26.8065,0.0000,0.0000,0.3830,0.0000,0.0000,0.0000,0.0000,0.0000,0.0000,0.0000,0.0000,-46.515,-36.206,7.868,0.988,3.977,0.063183,0.371736,0.000000,0.000000,0.011487,0.553593
965,1036.00,0.000,-10.380,3.4938,3.5983,35.6907,0.0000,0.0000,0.0000,0.0000,31.7979,5.4633,26.6655,0.0000,0.0000,0.3826,0.0000,0.0000,0.0000,0.0000,0.0000,0.0000,0.0000,0.0000,-45.664,-35.543,7.731,0.971,3.907,0.064827,0.372536,0.000000,0.000000,0.011487,0.551150
966,1035.00,0.000,-10.394,3.4376,3.6009,35.6591,0.0000,0.0000,0.0000,0.0000,31.8372,5.5952,26.5263,0.0000,0.0000,0.3823,0.0000,0.0000,0.0000,0.0000,0.0000,0.0000,0.0000,0.0000,-44.862,-34.918,7.602,0.955,3.841,0.066451,0.373328,0.000000,0.000000,0.011485,0.548735
967,1034.00,0.000,-10.409,3.3846,3.6034,35.6278,0.0000,0.0000,0.0000,0.0000,31.8760,5.7254,26.3889,0.0000,0.0000,0.3819,0.0000,0.0000,0.0000,0.0000,0.0000,0.0000,0.0000,0.0000,-44.105,-34.327,7.480,0.939,3.778,0.068057,0.374111,0.000000,0.000000,0.011483,0.546349
968,1033.00,0.000,-10.423,3.3344,3.6059,35.5970,0.0000,0.0000,0.0000,0.0000,31.9143,5.8539,26.2534,0.0000,0.0000,0.3814,0.0000,0.0000,0.0000,0.0000,0.0000,0.0000,0.0000,0.0000,-43.387,-33.768,7.364,0.925,3.719,0.069644,0.374885,0.000000,0.000000,0.011480,0.543991
969,1032.00,0.000,-10.437,3.2869,3.6084,35.5666,0.0000,0.0000,0.0000,0.0000,31.9521,5.9806,26.1197,0.0000,0.0000,0.3810,0.0000,0.0000,0.0000,0.0000,0.0000,0.0000,0.0000,0.0000,-42.706,-33.238,7.255,0.911,3.663,0.071213,0.375650,0.000000,0.000000,0.011477,0.541660
970,1031.00,0.000,-10.452,3.2418,3.6109,35.5366,0.0000,0.0000,0.0000,0.0000,31.9894,6.1058,25.9877,0.0000,0.0000,0.3805,0.0000,0.0000,0.0000,0.0000,0.0000,0.0000,0.0000,0.0000,-42.059,-32.734,7.151,0.898,3.609,0.072765,0.376405,0.000000,0.000000,0.011473,0.539357
971,1030.00,0.000,-10.466,3.1989,3.6133,35.5070,0.0000,0.0000,0.0000,0.0000,32.0261,6.2294,25.8575,0.0000,0.0000,0.3800,0.0000,0.0000,0.0000,0.0000,0.0000,0.0000,0.0000,0.0000,-41.444,-32.255,7.051,0.885,3.558,0.074300,0.377151,0.000000,0.000000,0.011468,0.537081
972,1029.00,0.000,-10.481,3.1770,3.6147,35.4907,0.0000,0.0000,0.0000,0.0000,32.0487,6.2953,25.7863,0.0000,0.0000,0.3790,0.0000,0.0000,0.0000,0.0000,0.0000,0.0000,0.0000,0.0000,-41.124,-32.010,6.999,0.879,3.532,0.075121,0.377591,0.000000,0.000000,0.011441,0.535847
