Index,T (C),P (kbars),log(10) f O2,mass (gm),rho (gm/cc),wt% SiO2,wt% TiO2,wt% Al2O3,wt% Fe2O3,wt% Cr2O3,wt% FeO,wt% MnO,wt% MgO,wt% NiO,wt% CoO,wt% CaO,wt% Na2O,wt% K2O,wt% P2O5,wt% H2O,wt% CO2,wt% SO3,wt% Cl2O-1,wt% F2O-1,G (kJ),H (kJ),S (J/K),V (cc),Cp (J/K),     chromite,    hercynite,    magnetite,       spinel,   ulvospinel
888,1113.00,0.000,-9.343,2.8007,4.5619,0.0000,20.0967,4.3628,28.5839,0.0000,40.4137,0.0000,6.5428,0.0000,0.0000,0.0000,0.0000,0.0000,0.0000,0.0000,0.0000,0.0000,0.0000,0.0000,-25.443,-17.141,5.989,0.614,2.661,0.000000,-0.252574,0.378175,0.342978,0.531421
889,1112.00,0.000,-9.356,3.0952,4.5649,0.0000,20.0663,4.3256,28.6515,0.0000,40.4785,0.0000,6.4781,0.0000,0.0000,0.0000,0.0000,0.0000,0.0000,0.0000,0.0000,0.0000,0.0000,0.0000,-28.068,-18.906,6.615,0.678,2.939,0.000000,-0.250125,0.379328,0.339818,0.530979
890,1111.00,0.000,-9.368,3.3624,4.5676,0.0000,20.0422,4.2893,28.7084,0.0000,40.5420,0.0000,6.4182,0.0000,0.0000,0.0000,0.0000,0.0000,0.0000,0.0000,0.0000,0.0000,0.0000,0.0000,-30.441,-20.501,7.181,0.736,3.191,0.000000,-0.247893,0.380323,0.336891,0.530679
891,1110.00,0.000,-9.381,3.6059,4.5701,0.0000,20.0237,4.2539,28.7557,0.0000,40.6042,0.0000,6.3626,0.0000,0.0000,0.0000,0.0000,0.0000,0.0000,0.0000,0.0000,0.0000,0.0000,0.0000,-32.595,-21.949,7.697,0.789,3.420,0.000000,-0.245854,0.381178,0.334170,0.530506
892,1109.00,0.000,-9.394,3.8288,4.5725,0.0000,20.0101,4.2194,28.7944,0.0000,40.6654,0.0000,6.3107,0.0000,0.0000,0.0000,0.0000,0.0000,0.0000,0.0000,0.0000,0.0000,0.0000,0.0000,-34.558,-23.269,8.168,0.837,3.629,0.000000,-0.243984,0.381905,0.331633,0.530445
893,1108.00,0.000,-9.407,4.0334,4.5748,0.0000,20.0010,4.1858,28.8254,0.0000,40.7256,0.0000,6.2623,0.0000,0.0000,0.0000,0.0000,0.0000,0.0000,0.0000,0.0000,0.0000,0.0000,0.0000,-36.355,-24.478,8.599,0.882,3.821,0.000000,-0.242264,0.382519,0.329261,0.530484
894,1107.00,0.000,-9.420,4.2220,4.5769,0.0000,19.9958,4.1530,28.8495,0.0000,40.7848,0.0000,6.2169,0.0000,0.0000,0.0000,0.0000,0.0000,0.0000,0.0000,0.0000,0.0000,0.0000,0.0000,-38.005,-25.589,8.996,0.922,3.997,0.000000,-0.240679,0.383030,0.327038,0.530611
895,1106.00,0.000,-9.433,4.3962,4.5789,0.0000,19.9941,4.1210,28.8672,0.0000,40.8433,0.0000,6.1743,0.0000,0.0000,0.0000,0.0000,0.0000,0.0000,0.0000,0.0000,0.0000,0.0000,0.0000,-39.524,-26.612,9.363,0.960,4.160,0.000000,-0.239216,0.383447,0.324951,0.530819
896,1105.00,0.000,-9.445,4.5576,4.5807,0.0000,19.9957,4.0898,28.8792,0.0000,40.9010,0.0000,6.1342,0.0000,0.0000,0.0000,0.0000,0.0000,0.0000,0.0000,0.0000,0.0000,0.0000,0.0000,-40.927,-27.557,9.701,0.995,4.311,0.000000,-0.237863,0.383778,0.322987,0.531099
897,1104.00,0.000,-9.458,4.7074,4.5825,0.0000,20.0003,4.0594,28.8859,0.0000,40.9580,0.0000,6.0965,0.0000,0.0000,0.0000,0.0000,0.0000,0.0000,0.0000,0.0000,0.0000,0.0000,0.0000,-42.225,-28.433,10.015,1.027,4.451,0.000000,-0.236610,0.384029,0.321135,0.531445
898,1103.00,0.000,-9.471,4.8468,4.5842,0.0000,20.0074,4.0297,28.8877,0.0000,41.0143,0.0000,6.0609,0.0000,0.0000,0.0000,0.0000,0.0000,0.0000,0.0000,0.0000,0.0000,0.0000,0.0000,-43.429,-29.247,10.306,1.057,4.581,0.000000,-0.235447,0.384209,0.319388,0.531850
899,1102.00,0.000,-9.484,4.9923,4.5858,0.0000,20.0024,4.0034,28.9104,0.0000,41.0561,0.0000,6.0277,0.0000,0.0000,0.0000,0.0000,0.0000,0.0000,0.0000,0.0000,0.0000,0.0000,0.0000,-44.686,-30.096,10.610,1.089,4.716,0.000000,-0.234336,0.384656,0.317761,0.531918
900,1101.00,0.000,-9.497,5.1282,4.5873,0.0000,19.9991,3.9778,28.9299,0.0000,41.0969,0.0000,5.9962,0.0000,0.0000,0.0000,0.0000,0.0000,0.0000,0.0000,0.0000,0.0000,0.0000,0.0000,-45.856,-30.886,10.894,1.118,4.843,0.000000,-0.233296,0.385056,0.316218,0.532023
901,1100.00,0.000,-9.510,5.2538,4.5888,0.0000,19.9987,3.9525,28.9443,0.0000,41.1382,0.0000,5.9663,0.0000,0.0000,0.0000,0.0000,0.0000,0.0000,0.0000,0.0000,0.0000,0.0000,0.0000,-46.933,-31.616,11.155,1.145,4.960,0.000000,-0.232326,0.385380,0.314749,0.532197
902,1099.00,0.000,-9.523,5.3702,4.5902,0.0000,20.0010,3.9276,28.9537,0.0000,41.1798,0.0000,5.9378,0.0000,0.0000,0.0000,0.0000,0.0000,0.0000,0.0000,0.0000,0.0000,0.0000,0.0000,-47.928,-32.290,11.397,1.170,5.068,0.000000,-0.231418,0.385634,0.313349,0.532435
903,1098.00,0.000,-9.536,5.4782,4.5915,0.0000,20.0058,3.9031,28.9586,0.0000,41.2219,0.0000,5.9106,0.0000,0.0000,0.0000,0.0000,0.0000,0.0000,0.0000,0.0000,0.0000,0.0000,0.0000,-48.848,-32.915,11.620,1.193,5.168,0.000000,-0.230568,0.385822,0.312014,0.532733
904,1097.00,0.000,-9.549,5.5786,4.5928,0.0000,20.0130,3.8789,28.9592,0.0000,41.2643,0.0000,5.8846,0.0000,0.0000,0.0000,0.0000,0.0000,0.0000,0.0000,0.0000,0.0000,0.0000,0.0000,-49.700,-33.494,11.828,1.215,5.261,0.000000,-0.229772,0.385948,0.310737,0.533086
905,1096.00,0.000,-9.562,5.6720,4.5940,0.0000,20.0223,3.8551,28.9559,0.0000,41.3070,0.0000,5.8598,0.0000,0.0000,0.0000,0.0000,0.0000,0.0000,0.0000,0.0000,0.0000,0.0000,0.0000,-50.490,-34.033,12.020,1.235,5.347,0.000000,-0.229024,0.386017,0.309517,0.533490
906,1095.00,0.000,-9.575,5.7590,4.5952,0.0000,20.0336,3.8317,28.9488,0.0000,41.3500,0.0000,5.8360,0.0000,0.0000,0.0000,0.0000,0.0000,0.0000,0.0000,0.0000,0.0000,0.0000,0.0000,-51.224,-34.534,12.199,1.253,5.427,0.000000,-0.228322,0.386032,0.308348,0.533942
907,1094.00,0.000,-9.588,5.8402,4.5963,0.0000,20.0467,3.8086,28.9381,0.0000,41.3933,0.0000,5.8132,0.0000,0.0000,0.0000,0.0000,0.0000,0.0000,0.0000,0.0000,0.0000,0.0000,0.0000,-51.906,-35.001,12.365,1.271,5.502,0.000000,-0.227662,0.385995,0.307228,0.534439
908,1093.00,0.000,-9.601,5.9160,4.5974,0.0000,20.0617,3.7859,28.9242,0.0000,41.4368,0.0000,5.7914,0.0000,0.0000,0.0000,0.0000,0.0000,0.0000,0.0000,0.0000,0.0000,0.0000,0.0000,-52.541,-35.437,12.520,1.287,5.572,0.000000,-0.227041,0.385910,0.306153,0.534978
909,1092.00,0.000,-9.614,5.9868,4.5984,0.0000,20.0783,3.7635,28.9071,0.0000,41.4807,0.0000,5.7704,0.0000,0.0000,0.0000,0.0000,0.0000,0.0000,0.0000,0.0000,0.0000,0.0000,0.0000,-53.132,-35.843,12.664,1.302,5.637,0.000000,-0.226456,0.385779,0.305121,0.535556
910,1091.00,0.000,-9.627,6.0530,4.5994,0.0000,20.0965,3.7415,28.8871,0.0000,41.5247,0.0000,5.7502,0.0000,0.0000,0.0000,0.0000,0.0000,0.0000,0.0000,0.0000,0.0000,0.0000,0.0000,-53.683,-36.223,12.799,1.316,5.698,0.000000,-0.225906,0.385606,0.304129,0.536171
911,1090.00,0.000,-9.641,6.1150,4.6004,0.0000,20.1161,3.7199,28.8642,0.0000,41.5690,0.0000,5.7309,0.0000,0.0000,0.0000,0.0000,0.0000,0.0000,0.0000,0.0000,0.0000,0.0000,0.0000,-54.196,-36.579,12.924,1.329,5.754,0.000000,-0.225386,0.385391,0.303175,0.536820
912,1089.00,0.000,-9.654,6.1730,4.6013,0.0000,20.1371,3.6985,28.8387,0.0000,41.6135,0.0000,5.7122,0.0000,0.0000,0.0000,0.0000,0.0000,0.0000,0.0000,0.0000,0.0000,0.0000,0.0000,-54.676,-36.912,13.041,1.342,5.807,0.000000,-0.224896,0.385137,0.302257,0.537502
913,1088.00,0.000,-9.667,6.2273,4.6021,0.0000,20.1594,3.6776,28.8106,0.0000,41.6582,0.0000,5.6942,0.0000,0.0000,0.0000,0.0000,0.0000,0.0000,0.0000,0.0000,0.0000,0.0000,0.0000,-55.123,-37.223,13.150,1.353,5.857,0.000000,-0.224433,0.384847,0.301372,0.538214
914,1087.00,0.000,-9.680,6.2783,4.6030,0.0000,20.1829,3.6569,28.7802,0.0000,41.7031,0.0000,5.6769,0.0000,0.0000,0.0000,0.0000,0.0000,0.0000,0.0000,0.0000,0.0000,0.0000,0.0000,-55.541,-37.516,13.252,1.364,5.903,0.000000,-0.223996,0.384522,0.300519,0.538955
915,1086.00,0.000,-9.693,6.3261,4.6038,0.0000,20.2075,3.6366,28.7475,0.0000,41.7481,0.0000,5.6602,0.0000,0.0000,0.0000,0.0000,0.0000,0.0000,0.0000,0.0000,0.0000,0.0000,0.0000,-55.931,-37.790,13.348,1.374,5.947,0.000000,-0.223583,0.384163,0.299696,0.539724
916,1085.00,0.000,-9.707,6.3709,4.6046,0.0000,20.2332,3.6166,28.7127,0.0000,41.7934,0.0000,5.6441,0.0000,0.0000,0.0000,0.0000,0.0000,0.0000,0.0000,0.0000,0.0000,0.0000,0.0000,-56.296,-38.047,13.437,1.384,5.987,0.000000,-0.223193,0.383773,0.298901,0.540518
917,1084.00,0.000,-9.720,6.4129,4.6053,0.0000,20.2600,3.5969,28.6758,0.0000,41.8388,0.0000,5.6285,0.0000,0.0000,0.0000,0.0000,0.0000,0.0000,0.0000,0.0000,0.0000,0.0000,0.0000,-56.637,-38.289,13.520,1.393,6.025,0.000000,-0.222823,0.383353,0.298134,0.541336
918,1083.00,0.000,-9.733,6.4524,4.6061,0.0000,20.2878,3.5775,28.6369,0.0000,41.8844,0.0000,5.6135,0.0000,0.0000,0.0000,0.0000,0.0000,0.0000,0.0000,0.0000,0.0000,0.0000,0.0000,-56.956,-38.516,13.598,1.401,6.061,0.000000,-0.222473,0.382904,0.297391,0.542178
919,1082.00,0.000,-9.746,6.4895,4.6068,0.0000,20.3164,3.5584,28.5962,0.0000,41.9301,0.0000,5.5989,0.0000,0.0000,0.0000,0.0000,0.0000,0.0000,0.0000,0.0000,0.0000,0.0000,0.0000,-57.255,-38.730,13.670,1.409,6.094,0.000000,-0.222141,0.382428,0.296672,0.543041
920,1081.00,0.000,-9.760,6.5243,4.6074,0.0000,20.3460,3.5396,28.5536,0.0000,41.9760,0.0000,5.5848,0.0000,0.0000,0.0000,0.0000,0.0000,0.0000,0.0000,0.0000,0.0000,0.0000,0.0000,-57.533,-38.930,13.738,1.416,6.126,0.000000,-0.221826,0.381925,0.295977,0.543924
921,1080.00,0.000,-9.773,6.5570,4.6081,0.0000,20.3763,3.5210,28.5094,0.0000,42.0220,0.0000,5.5712,0.0000,0.0000,0.0000,0.0000,0.0000,0.0000,0.0000,0.0000,0.0000,0.0000,0.0000,-57.794,-39.119,13.801,1.423,6.155,0.000000,-0.221528,0.381398,0.295302,0.544828
922,1079.00,0.000,-9.786,6.5877,4.6087,0.0000,20.4075,3.5028,28.4636,0.0000,42.0682,0.0000,5.5579,0.0000,0.0000,0.0000,0.0000,0.0000,0.0000,0.0000,0.0000,0.0000,0.0000,0.0000,-58.038,-39.297,13.860,1.429,6.183,0.000000,-0.221244,0.380847,0.294648,0.545750
923,1078.00,0.000,-9.800,6.6165,4.6093,0.0000,20.4394,3.4847,28.4162,0.0000,42.1145,0.0000,5.5451,0.0000,0.0000,0.0000,0.0000,0.0000,0.0000,0.0000,0.0000,0.0000,0.0000,0.0000,-58.266,-39.464,13.915,1.435,6.208,0.000000,-0.220975,0.380273,0.294013,0.546689
924,1077.00,0.000,-9.813,6.6435,4.6099,0.0000,20.4721,3.4670,28.3674,0.0000,42.1610,0.0000,5.5326,0.0000,0.0000,0.0000,0.0000,0.0000,0.0000,0.0000,0.0000,0.0000,0.0000,0.0000,-58.479,-39.622,13.967,1.441,6.232,0.000000,-0.220719,0.379677,0.293396,0.547646
925,1076.00,0.000,-9.827,6.6690,4.6105,0.0000,20.5054,3.4495,28.3171,0.0000,42.2076,0.0000,5.5205,0.0000,0.0000,0.0000,0.0000,0.0000,0.0000,0.0000,0.0000,0.0000,0.0000,0.0000,-58.678,-39.770,14.015,1.446,6.255,0.000000,-0.220476,0.379061,0.292796,0.548619
926,1075.00,0.000,-9.840,6.6928,4.6110,0.0000,20.5393,3.4322,28.2655,0.0000,42.2543,0.0000,5.5087,0.0000,0.0000,0.0000,0.0000,0.0000,0.0000,0.0000,0.0000,0.0000,0.0000,0.0000,-58.864,-39.910,14.059,1.451,6.276,0.000000,-0.220244,0.378424,0.292213,0.549607
927,1074.00,0.000,-9.853,6.7152,4.6116,0.0000,20.5739,3.4152,28.2126,0.0000,42.3011,0.0000,5.4972,0.0000,0.0000,0.0000,0.0000,0.0000,0.0000,0.0000,0.0000,0.0000,0.0000,0.0000,-59.037,-40.041,14.101,1.456,6.296,0.000000,-0.220023,0.377768,0.291645,0.550610
928,1073.00,0.000,-9.867,6.7363,4.6121,0.0000,20.6091,3.3984,28.1584,0.0000,42.3481,0.0000,5.4860,0.0000,0.0000,0.0000,0.0000,0.0000,0.0000,0.0000,0.0000,0.0000,0.0000,0.0000,-59.199,-40.165,14.140,1.461,6.314,0.000000,-0.219812,0.377094,0.291091,0.551627
929,1072.00,0.000,-9.880,6.7560,4.6126,0.0000,20.6449,3.3818,28.1030,0.0000,42.3952,0.0000,5.4751,0.0000,0.0000,0.0000,0.0000,0.0000,0.0000,0.0000,0.0000,0.0000,0.0000,0.0000,-59.350,-40.282,14.175,1.465,6.331,0.000000,-0.219612,0.376402,0.290552,0.552657
930,1071.00,0.000,-9.894,6.7745,4.6131,0.0000,20.6812,3.3654,28.0464,0.0000,42.4425,0.0000,5.4645,0.0000,0.0000,0.0000,0.0000,0.0000,0.0000,0.0000,0.0000,0.0000,0.0000,0.0000,-59.491,-40.392,14.209,1.469,6.348,0.000000,-0.219420,0.375694,0.290025,0.553701
931,1070.00,0.000,-9.908,6.7918,4.6135,0.0000,20.7181,3.3492,27.9888,0.0000,42.4899,0.0000,5.4541,0.0000,0.0000,0.0000,0.0000,0.0000,0.0000,0.0000,0.0000,0.0000,0.0000,0.0000,-59.622,-40.495,14.240,1.472,6.363,0.000000,-0.219236,0.374968,0.289511,0.554757
932,1069.00,0.000,-9.921,6.8081,4.6140,0.0000,20.7554,3.3332,27.9300,0.0000,42.5375,0.0000,5.4440,0.0000,0.0000,0.0000,0.0000,0.0000,0.0000,0.0000,0.0000,0.0000,0.0000,0.0000,-59.743,-40.593,14.268,1.476,6.377,0.000000,-0.219061,0.374227,0.289008,0.555826
933,1068.00,0.000,-9.935,6.8233,4.6144,0.0000,20.7933,3.3173,27.8702,0.0000,42.5851,0.0000,5.4340,0.0000,0.0000,0.0000,0.0000,0.0000,0.0000,0.0000,0.0000,0.0000,0.0000,0.0000,-59.856,-40.685,14.295,1.479,6.390,0.000000,-0.218893,0.373471,0.288516,0.556906
934,1067.00,0.000,-9.948,6.8375,4.6148,0.0000,20.8316,3.3017,27.8094,0.0000,42.6330,0.0000,5.4243,0.0000,0.0000,0.0000,0.0000,0.0000,0.0000,0.0000,0.0000,0.0000,0.0000,0.0000,-59.961,-40.771,14.319,1.482,6.402,0.000000,-0.218732,0.372700,0.288035,0.557998
935,1066.00,0.000,-9.962,6.8508,4.6153,0.0000,20.8704,3.2862,27.7477,0.0000,42.6810,0.0000,5.4148,0.0000,0.0000,0.0000,0.0000,0.0000,0.0000,0.0000,0.0000,0.0000,0.0000,0.0000,-60.058,-40.853,14.342,1.484,6.413,0.000000,-0.218578,0.371914,0.287563,0.559101
936,1065.00,0.000,-9.976,6.8632,4.6157,0.0000,20.9096,3.2708,27.6850,0.0000,42.7291,0.0000,5.4055,0.0000,0.0000,0.0000,0.0000,0.0000,0.0000,0.0000,0.0000,0.0000,0.0000,0.0000,-60.148,-40.929,14.362,1.487,6.423,0.000000,-0.218430,0.371115,0.287100,0.560214
937,1064.00,0.000,-9.989,6.8748,4.6161,0.0000,20.9493,3.2556,27.6213,0.0000,42.7774,0.0000,5.3964,0.0000,0.0000,0.0000,0.0000,0.0000,0.0000,0.0000,0.0000,0.0000,0.0000,0.0000,-60.231,-41.001,14.381,1.489,6.433,0.000000,-0.218287,0.370303,0.286647,0.561338
938,1063.00,0.000,-10.003,6.8856,4.6164,0.0000,20.9894,3.2406,27.5568,0.0000,42.8258,0.0000,5.3874,0.0000,0.0000,0.0000,0.0000,0.0000,0.0000,0.0000,0.0000,0.0000,0.0000,0.0000,-60.307,-41.069,14.398,1.492,6.442,0.000000,-0.218150,0.369477,0.286201,0.562472
939,1062.00,0.000,-10.017,6.8956,4.6168,0.0000,21.0299,3.2257,27.4914,0.0000,42.8744,0.0000,5.3786,0.0000,0.0000,0.0000,0.0000,0.0000,0.0000,0.0000,0.0000,0.0000,0.0000,0.0000,-60.377,-41.133,14.413,1.494,6.450,0.000000,-0.218019,0.368639,0.285763,0.563617
940,1061.00,0.000,-10.030,6.9049,4.6172,0.0000,21.0708,3.2109,27.4252,0.0000,42.9232,0.0000,5.3700,0.0000,0.0000,0.0000,0.0000,0.0000,0.0000,0.0000,0.0000,0.0000,0.0000,0.0000,-60.441,-41.192,14.428,1.495,6.458,0.000000,-0.217891,0.367788,0.285333,0.564771
941,1060.00,0.000,-10.044,6.9135,4.6175,0.0000,21.1121,3.1963,27.3581,0.0000,42.9721,0.0000,5.3615,0.0000,0.0000,0.0000,0.0000,0.0000,0.0000,0.0000,0.0000,0.0000,0.0000,0.0000,-60.499,-41.248,14.440,1.497,6.465,0.000000,-0.217769,0.366925,0.284909,0.565934
942,1059.00,0.000,-10.058,6.9214,4.6179,0.0000,21.1537,3.1817,27.2902,0.0000,43.0213,0.0000,5.3531,0.0000,0.0000,0.0000,0.0000,0.0000,0.0000,0.0000,0.0000,0.0000,0.0000,0.0000,-60.551,-41.300,14.451,1.499,6.471,0.000000,-0.217650,0.366051,0.284491,0.567108
943,1058.00,0.000,-10.072,6.9287,4.6182,0.0000,21.1958,3.1673,27.2215,0.0000,43.0706,0.0000,5.3448,0.0000,0.0000,0.0000,0.0000,0.0000,0.0000,0.0000,0.0000,0.0000,0.0000,0.0000,-60.599,-41.349,14.461,1.500,6.477,0.000000,-0.217535,0.365165,0.284080,0.568290
944,1057.00,0.000,-10.085,6.9354,4.6185,0.0000,21.2382,3.1530,27.1521,0.0000,43.1201,0.0000,5.3367,0.0000,0.0000,0.0000,0.0000,0.0000,0.0000,0.0000,0.0000,0.0000,0.0000,0.0000,-60.642,-41.395,14.470,1.502,6.482,0.000000,-0.217424,0.364268,0.283674,0.569482
945,1056.00,0.000,-10.099,6.9416,4.6188,0.0000,21.2810,3.1387,27.0819,0.0000,43.1697,0.0000,5.3286,0.0000,0.0000,0.0000,0.0000,0.0000,0.0000,0.0000,0.0000,0.0000,0.0000,0.0000,-60.679,-41.437,14.477,1.503,6.487,0.000000,-0.217317,0.363360,0.283273,0.570683
946,1055.00,0.000,-10.113,6.9472,4.6192,0.0000,21.3242,3.1246,27.0109,0.0000,43.2196,0.0000,5.3207,0.0000,0.0000,0.0000,0.0000,0.0000,0.0000,0.0000,0.0000,0.0000,0.0000,0.0000,-60.713,-41.476,14.483,1.504,6.491,0.000000,-0.217212,0.362442,0.282878,0.571893
947,1054.00,0.000,-10.127,6.9522,4.6195,0.0000,21.3677,3.1105,26.9393,0.0000,43.2697,0.0000,5.3129,0.0000,0.0000,0.0000,0.0000,0.0000,0.0000,0.0000,0.0000,0.0000,0.0000,0.0000,-60.741,-41.513,14.489,1.505,6.494,0.000000,-0.217110,0.361513,0.282487,0.573111
948,1053.00,0.000,-10.141,6.9568,4.6198,0.0000,21.4115,3.0966,26.8669,0.0000,43.3199,0.0000,5.3051,0.0000,0.0000,0.0000,0.0000,0.0000,0.0000,0.0000,0.0000,0.0000,0.0000,0.0000,-60.766,-41.547,14.493,1.506,6.498,0.000000,-0.217011,0.360573,0.282100,0.574338
949,1052.00,0.000,-10.155,6.9608,4.6201,0.0000,21.4557,3.0827,26.7938,0.0000,43.3704,0.0000,5.2975,0.0000,0.0000,0.0000,0.0000,0.0000,0.0000,0.0000,0.0000,0.0000,0.0000,0.0000,-60.787,-41.578,14.496,1.507,6.500,0.000000,-0.216915,0.359624,0.281717,0.575574
950,1051.00,0.000,-10.169,6.9644,4.6203,0.0000,21.5003,3.0688,26.7200,0.0000,43.4211,0.0000,5.2899,0.0000,0.0000,0.0000,0.0000,0.0000,0.0000,0.0000,0.0000,0.0000,0.0000,0.0000,-60.803,-41.606,14.498,1.507,6.503,0.000000,-0.216821,0.358665,0.281337,0.576819
951,1050.00,0.000,-10.183,6.9675,4.6206,0.0000,21.5451,3.0551,26.6455,0.0000,43.4719,0.0000,5.2823,0.0000,0.0000,0.0000,0.0000,0.0000,0.0000,0.0000,0.0000,0.0000,0.0000,0.0000,-60.816,-41.632,14.499,1.508,6.504,0.000000,-0.216729,0.357696,0.280962,0.578071
952,1049.00,0.000,-10.197,6.9702,4.6209,0.0000,21.5903,3.0414,26.5704,0.0000,43.5230,0.0000,5.2749,0.0000,0.0000,0.0000,0.0000,0.0000,0.0000,0.0000,0.0000,0.0000,0.0000,0.0000,-60.826,-41.656,14.499,1.508,6.506,0.000000,-0.216638,0.356717,0.280589,0.579332
953,1048.00,0.000,-10.211,6.9725,4.6212,0.0000,21.6358,3.0277,26.4946,0.0000,43.5743,0.0000,5.2675,0.0000,0.0000,0.0000,0.0000,0.0000,0.0000,0.0000,0.0000,0.0000,0.0000,0.0000,-60.831,-41.677,14.498,1.509,6.507,0.000000,-0.216550,0.355730,0.280219,0.580602
954,1047.00,0.000,-10.225,6.9743,4.6214,0.0000,21.6816,3.0141,26.4182,0.0000,43.6258,0.0000,5.2602,0.0000,0.0000,0.0000,0.0000,0.0000,0.0000,0.0000,0.0000,0.0000,0.0000,0.0000,-60.834,-41.696,14.497,1.509,6.507,0.000000,-0.216463,0.354733,0.279851,0.581879
955,1046.00,0.000,-10.239,6.9757,4.6217,0.0000,21.7277,3.0006,26.3412,0.0000,43.6776,0.0000,5.2529,0.0000,0.0000,0.0000,0.0000,0.0000,0.0000,0.0000,0.0000,0.0000,0.0000,0.0000,-60.833,-41.713,14.494,1.509,6.508,0.000000,-0.216378,0.353727,0.279487,0.583164
956,1045.00,0.000,-10.253,6.9768,4.6219,0.0000,21.7742,2.9871,26.2636,0.0000,43.7295,0.0000,5.2456,0.0000,0.0000,0.0000,0.0000,0.0000,0.0000,0.0000,0.0000,0.0000,0.0000,0.0000,-60.829,-41.727,14.491,1.509,6.508,0.000000,-0.216294,0.352713,0.279124,0.584457
957,1044.00,0.000,-10.267,6.9775,4.6222,0.0000,21.8209,2.9737,26.1853,0.0000,43.7817,0.0000,5.2384,0.0000,0.0000,0.0000,0.0000,0.0000,0.0000,0.0000,0.0000,0.0000,0.0000,0.0000,-60.822,-41.740,14.487,1.510,6.507,0.000000,-0.216211,0.351690,0.278763,0.585758
958,1043.00,0.000,-10.281,6.9778,4.6224,0.0000,21.8679,2.9602,26.1065,0.0000,43.8341,0.0000,5.2313,0.0000,0.0000,0.0000,0.0000,0.0000,0.0000,0.0000,0.0000,0.0000,0.0000,0.0000,-60.812,-41.750,14.483,1.510,6.506,0.000000,-0.216129,0.350659,0.278404,0.587066
959,1042.00,0.000,-10.295,6.9777,4.6227,0.0000,21.9152,2.9469,26.0271,0.0000,43.8867,0.0000,5.2241,0.0000,0.0000,0.0000,0.0000,0.0000,0.0000,0.0000,0.0000,0.0000,0.0000,0.0000,-60.798,-41.759,14.477,1.509,6.505,0.000000,-0.216048,0.349621,0.278046,0.588381
960,1041.00,0.000,-10.309,6.9773,4.6229,0.0000,21.9627,2.9335,25.9472,0.0000,43.9395,0.0000,5.2170,0.0000,0.0000,0.0000,0.0000,0.0000,0.0000,0.0000,0.0000,0.0000,0.0000,0.0000,-60.782,-41.766,14.471,1.509,6.504,0.000000,-0.215967,0.348574,0.277690,0.589704
961,1040.00,0.000,-10.323,6.9756,4.6230,0.0000,22.0513,2.9125,25.7974,0.0000,44.0284,0.0000,5.2104,0.0000,0.0000,0.0000,0.0000,0.0000,0.0000,0.0000,0.0000,0.0000,0.0000,0.0000,-60.765,-41.774,14.462,1.509,6.501,0.000000,-0.216075,0.346588,0.277359,0.592128
962,1039.00,0.000,-10.337,6.9724,4.6230,0.0000,22.1552,2.8885,25.6215,0.0000,44.1310,0.0000,5.2038,0.0000,0.0000,0.0000,0.0000,0.0000,0.0000,0.0000,0.0000,0.0000,0.0000,0.0000,-60.739,-41.778,14.450,1.508,6.497,0.000000,-0.216243,0.344252,0.277027,0.594964
963,1038.00,0.000,-10.352,6.9682,4.6230,0.0000,22.2567,2.8650,25.4495,0.0000,44.2319,0.0000,5.1969,0.0000,0.0000,0.0000,0.0000,0.0000,0.0000,0.0000,0.0000,0.0000,0.0000,0.0000,-60.703,-41.775,14.436,1.507,6.492,0.000000,-0.216390,0.341968,0.276685,0.597738
964,1037.00,0.000,-10.366,6.9631,4.6230,0.0000,22.3560,2.8419,25.2811,0.0000,44.3310,0.0000,5.1899,0.0000,0.0000,0.0000,0.0000,0.0000,0.0000,0.0000,0.0000,0.0000,0.0000,0.0000,-60.659,-41.766,14.420,1.506,6.486,0.000000,-0.216518,0.339732,0.276333,0.600454
965,1036.00,0.000,-10.380,6.9573,4.6231,0.0000,22.4533,2.8193,25.1161,0.0000,44.4286,0.0000,5.1827,0.0000,0.0000,0.0000,0.0000,0.0000,0.0000,0.0000,0.0000,0.0000,0.0000,0.0000,-60.607,-41.752,14.403,1.505,6.480,0.000000,-0.216630,0.337543,0.275972,0.603114
966,1035.00,0.000,-10.394,6.9507,4.6232,0.0000,22.5485,2.7971,24.9544,0.0000,44.5245,0.0000,5.1754,0.0000,0.0000,0.0000,0.0000,0.0000,0.0000,0.0000,0.0000,0.0000,0.0000,0.0000,-60.549,-41.733,14.384,1.503,6.472,0.000000,-0.216725,0.335397,0.275606,0.605723
967,1034.00,0.000,-10.409,6.9435,4.6232,0.0000,22.6419,2.7753,24.7958,0.0000,44.6190,0.0000,5.1680,0.0000,0.0000,0.0000,0.0000,0.0000,0.0000,0.0000,0.0000,0.0000,0.0000,0.0000,-60.485,-41.710,14.364,1.502,6.465,0.000000,-0.216806,0.333292,0.275233,0.608281
968,1033.00,0.000,-10.423,6.9358,4.6233,0.0000,22.7335,2.7539,24.6401,0.0000,44.7120,0.0000,5.1605,0.0000,0.0000,0.0000,0.0000,0.0000,0.0000,0.0000,0.0000,0.0000,0.0000,0.0000,-60.416,-41.683,14.342,1.500,6.456,0.000000,-0.216874,0.331227,0.274855,0.610792
969,1032.00,0.000,-10.437,6.9276,4.6234,0.0000,22.8234,2.7329,24.4873,0.0000,44.8036,0.0000,5.1529,0.0000,0.0000,0.0000,0.0000,0.0000,0.0000,0.0000,0.0000,0.0000,0.0000,0.0000,-60.342,-41.652,14.320,1.498,6.447,0.000000,-0.216930,0.329200,0.274473,0.613257
970,1031.00,0.000,-10.452,6.9189,4.6235,0.0000,22.9116,2.7122,24.3371,0.0000,44.8938,0.0000,5.1452,0.0000,0.0000,0.0000,0.0000,0.0000,0.0000,0.0000,0.0000,0.0000,0.0000,0.0000,-60.263,-41.619,14.296,1.496,6.438,0.000000,-0.216975,0.327208,0.274087,0.615679
971,1030.00,0.000,-10.466,6.9099,4.6236,0.0000,22.9983,2.6919,24.1895,0.0000,44.9828,0.0000,5.1375,0.0000,0.0000,0.0000,0.0000,0.0000,0.0000,0.0000,0.0000,0.0000,0.0000,0.0000,-60.181,-41.582,14.272,1.494,6.429,0.000000,-0.217009,0.325251,0.273698,0.618059
972,1029.00,0.000,-10.481,6.9048,4.6238,0.0000,23.0434,2.6794,24.1132,0.0000,45.0338,0.0000,5.1302,0.0000,0.0000,0.0000,0.0000,0.0000,0.0000,0.0000,0.0000,0.0000,0.0000,0.0000,-60.124,-41.560,14.256,1.493,6.423,0.000000,-0.216900,0.324250,0.273330,0.619320
