00000          1000          5000   2.07615e-05   1.47201e-05  -0.000277002  -9.65815e-05      0.655502      0.325274     0.0116121    0.00418897   5.66673e-22    0.00342351      -16.7629      -16.7942
00000          1000          6000   3.97307e-06   3.63552e-07  -3.35065e-06  -1.16661e-06      0.659535      0.327762    0.00733261    0.00312671   5.53353e-22    0.00224346      -16.5441      -16.6208
00000          1000          7000   0.000537389    -4.074e-05   -0.00604567    -0.0023273      0.661824      0.329275    0.00491135    0.00242168   5.45966e-22     0.0015685      -16.3451      -16.4501
00000          1000          8000   8.08044e-07   1.48471e-06  -9.76379e-08   4.09636e-07      0.663234      0.330266    0.00343119    0.00192406   5.41871e-22    0.00114551      -16.1602      -16.2822
00000          1000          9000   7.04755e-05   9.16855e-07    0.00105622  -0.000904186      0.664154      0.330951    0.00247441    0.00155771   5.39776e-22   0.000863399      -15.9859      -16.1172
00000          1000         10000   -0.00025146   0.000303966    0.00153207   7.84386e-05       0.66478      0.331444    0.00182943     0.0012796   5.38972e-22   0.000666569      -15.8202       -15.955
00000          1000         11000  -0.000335457   0.000337253  -0.000444217  -0.000168823      0.665222       0.33181    0.00138016    0.00106349   5.39037e-22    0.00052446      -15.6614      -15.7956
00000          1000         12000   5.98503e-05   0.000119365  -0.000236114  -0.000143534      0.665542      0.332088    0.00105883   0.000892417   5.39705e-22   0.000419064      -15.5084       -15.639
00000          1000         13000  -0.000208623  -0.000126251    0.00118722   0.000517601      0.665778      0.332304   0.000823941   0.000754958     5.408e-22   0.000339177      -15.3605      -15.4853
00000          1000         14000  -0.000205073  -6.10996e-05   3.45481e-05   1.56913e-05      0.665956      0.332474   0.000649063   0.000643124   5.42199e-22   0.000277527       -15.217      -15.3344
00000          1000         15000   0.000139257   0.000161866    0.00106629   0.000386191      0.666093       0.33261     0.0005168   0.000551176   5.43816e-22   0.000229224      -15.0773      -15.1862
00000          1000         16000   2.66301e-05   0.000126349   0.000271253   0.000344806      0.666199       0.33272   0.000415393   0.000474891   5.45589e-22   0.000190884      -14.9411       -15.041
00000          1000         17000  -2.60298e-06   9.51183e-06  -5.33025e-05  -1.02466e-05      0.666282       0.33281   0.000336707   0.000411101   5.47469e-22   0.000160108      -14.8079      -14.8985
00000          1000         18000  -7.70038e-06   1.48886e-06   2.99003e-05  -7.78801e-05      0.666348      0.332884   0.000274999   0.000357391   5.49423e-22    0.00013516      -14.6776      -14.7588
00000          1000         19000  -1.56787e-05  -9.41071e-06   3.95979e-05  -1.90031e-05      0.666401      0.332946   0.000226144   0.000311888   5.51422e-22   0.000114759      -14.5499       -14.622
00000          1000         20000   1.27175e-05  -9.97532e-07   8.64967e-05   3.26793e-05      0.666444      0.332998   0.000187132   0.000273128   5.53446e-22   9.79465e-05      -14.4245       -14.488
00000          1000         21000   4.54412e-05   1.33758e-05    6.5841e-05   3.57629e-05      0.666479      0.333041   0.000155738   0.000239947   5.55478e-22   8.39935e-05      -14.3013      -14.3568
00000          1000         22000   9.21624e-05   3.02516e-05  -0.000148274  -7.91692e-05      0.666507      0.333078   0.000130294   0.000211414   5.57506e-22   7.23406e-05      -14.1801      -14.2284
00000          1000         23000  -4.09714e-05  -2.48971e-05  -8.91228e-05  -0.000112264      0.666531       0.33311   0.000109538   0.000186778   5.59518e-22   6.25525e-05      -14.0609      -14.1029
00000          1000         24000  -3.18426e-05  -4.51597e-05   7.97167e-05    2.1077e-05      0.666551      0.333137   9.25046e-05   0.000165426   5.61508e-22   5.42875e-05      -13.9433      -13.9802
00000          1000         25000   5.08828e-05   2.13448e-05   4.00229e-05   1.72594e-05      0.666567       0.33316   7.84491e-05   0.000146857   5.63467e-22   4.72748e-05      -13.8275      -13.8603
00000          1000         26000   1.71588e-05  -5.26307e-06  -0.000104603   -8.6602e-05      0.666581       0.33318   6.67909e-05   0.000130657   5.65392e-22   4.12982e-05      -13.7132      -13.7432
00000          1000         27000   1.66686e-05  -2.97395e-05    7.2187e-05   2.85024e-05      0.666592      0.333198   5.70747e-05    0.00011648   5.67277e-22   3.61836e-05      -13.6003      -13.6289
00000          1000         28000  -2.65827e-05  -1.11575e-05   2.70942e-05  -1.50176e-08      0.666602      0.333213   4.89409e-05   0.000104041   5.69119e-22   3.17898e-05      -13.4889      -13.5174
00000          1000         29000  -1.47367e-05   6.39094e-06  -1.20197e-05  -9.97368e-06      0.666611      0.333226    4.2103e-05   9.30984e-05   5.70916e-22   2.80018e-05      -13.3787      -13.4088
00000          1000         30000  -2.12502e-05  -1.91654e-05  -2.02516e-05  -4.95503e-05      0.666618      0.333238    3.6332e-05   8.34483e-05   5.72665e-22   2.47252e-05      -13.2698       -13.303
00000          1000         31000  -1.63889e-05   1.56364e-05   2.51143e-06  -2.21442e-06      0.666624      0.333248   3.14433e-05   7.49191e-05   5.74365e-22   2.18821e-05      -13.1621         -13.2
00000          1000         32000   6.98425e-07  -1.17266e-06  -4.73014e-06  -2.83209e-07      0.666629      0.333257   2.72876e-05   6.73645e-05   5.76014e-22   1.94079e-05      -13.0556      -13.0998
00000          1000         33000  -3.94641e-05  -4.45366e-05   1.88861e-05   1.85306e-05      0.666634      0.333265   2.37431e-05   6.06595e-05   5.77612e-22   1.72487e-05      -12.9501      -13.0025
00000          1000         34000  -2.47762e-06    -8.318e-06   1.51595e-05   5.29588e-06      0.666638      0.333272   2.07106e-05   5.46974e-05   5.79158e-22   1.53595e-05      -12.8456       -12.908
00000          1000         35000   8.05894e-06   8.70266e-06  -3.01497e-08  -6.46294e-07      0.666641      0.333278   1.81083e-05   4.93861e-05   5.80651e-22   1.37025e-05      -12.7422      -12.8163
00000          1000         36000  -9.81573e-06   2.57458e-05   5.60126e-05   -1.5863e-05      0.666644      0.333283   1.58688e-05   4.46466e-05   5.82091e-22   1.22457e-05      -12.6397      -12.7274
00000          1000         37000   1.06937e-06  -3.03402e-05  -4.06285e-05  -4.47409e-05      0.666646      0.333288   1.39365e-05   4.04105e-05   5.83478e-22   1.09622e-05      -12.5381      -12.6413
00000          1000         38000  -2.47427e-05   6.85013e-06  -4.49155e-05  -2.79954e-05      0.666649      0.333293   1.22648e-05   3.66183e-05   5.84811e-22   9.82887e-06      -12.4373       -12.558
00000          1000         39000   4.09315e-06   2.46055e-08  -2.51613e-06   1.86745e-06      0.666651      0.333297    1.0815e-05   3.32185e-05   5.86092e-22   8.82618e-06      -12.3374      -12.4776
00000          1000         40000  -3.64309e-06   2.62471e-06  -3.86017e-05  -1.16678e-05      0.666652        0.3333   9.55481e-06   3.01662e-05   5.87319e-22   7.93737e-06      -12.2384         -12.4
00000          1000         41000  -2.84652e-05   5.42652e-05  -2.36908e-05   2.03297e-05      0.666654      0.333303   8.45687e-06   2.74223e-05   5.88494e-22   7.14807e-06      -12.1401      -12.3252
00000          1000         42000   6.59356e-06   2.62895e-06   3.48566e-05   4.09161e-05      0.666655      0.333306   7.49824e-06   2.49522e-05   5.89617e-22   6.44591e-06      -12.0426      -12.2532
00000          1000         43000   5.12968e-06  -1.25183e-06   4.56233e-06   1.17195e-06      0.666656      0.333308   6.65953e-06    2.2726e-05   5.90688e-22   5.82022e-06      -11.9458      -12.1841
00000          1000         44000   6.55319e-06   1.20745e-05  -1.82904e-05   1.37367e-05      0.666657      0.333311   5.92426e-06   2.07172e-05   5.91707e-22   5.26179e-06      -11.8497      -12.1178
00000          1000         45000  -1.14031e-06   2.45849e-05  -1.28889e-05  -5.33635e-06      0.666658      0.333313   5.27844e-06   1.89025e-05   5.92676e-22   4.76262e-06      -11.7543      -12.0542
00000          1000         46000   1.22634e-05   1.05768e-06  -1.07103e-05   3.96995e-05      0.666659      0.333315   4.71015e-06   1.72613e-05   5.93593e-22   4.31577e-06      -11.6596      -11.9936
00000          1000         47000   8.89321e-05   5.37441e-06  -0.000108162  -2.64211e-05       0.66666      0.333316   4.20918e-06   1.57754e-05   5.94461e-22   3.91517e-06      -11.5655      -11.9357
00000          1000         48000  -3.67371e-06   6.18609e-06   1.48398e-05  -3.51921e-06      0.666661      0.333318   3.76682e-06   1.44288e-05    5.9528e-22   3.55556e-06       -11.472      -11.8806
00000          1000         49000  -1.30019e-06  -3.06155e-05  -3.65565e-05   2.80936e-05      0.666661      0.333319   3.37555e-06   1.32073e-05    5.9605e-22   3.23232e-06      -11.3792      -11.8284
00000          1000         50000   1.47559e-05  -2.81138e-05   6.88888e-05   5.93916e-05      0.666662       0.33332   3.02893e-06   1.20981e-05   5.96771e-22    2.9414e-06      -11.2869       -11.779
00000          1000         51000   3.96481e-06  -2.24042e-05   2.56826e-05  -2.13113e-05      0.666662      0.333321   2.72138e-06     1.109e-05   5.97445e-22   2.67924e-06      -11.1952      -11.7324
00000          1000         52000   8.75813e-06  -2.85106e-05  -2.22654e-05   -1.9773e-05      0.666663      0.333322   2.44809e-06   1.01729e-05   5.98072e-22   2.44274e-06      -11.1041      -11.6886
00000          1000         53000  -5.66893e-06  -8.18996e-06   8.44754e-06   7.81821e-06      0.666663      0.333323    2.2049e-06     9.338e-06   5.98653e-22   2.22912e-06      -11.0135      -11.6477
00000          1000         54000  -3.08551e-05  -3.56252e-05  -2.37986e-05  -5.74537e-06      0.666663      0.333324   1.98819e-06   8.57721e-06   5.99188e-22   2.03597e-06      -10.9234      -11.6096
00000          1000         55000   2.54672e-05   6.07111e-06   6.10005e-05   2.08945e-05      0.666664      0.333325   1.79481e-06   7.88342e-06   5.99678e-22   1.86114e-06      -10.8338      -11.5742
00000          1000         56000   1.96917e-05   1.40132e-05  -0.000101306  -5.09634e-05      0.666664      0.333326   1.62202e-06   7.25024e-06   6.00124e-22   1.70273e-06      -10.7448      -11.5418
00000          1000         57000  -5.37755e-06   2.24964e-06  -2.67453e-05  -1.08289e-05      0.666664      0.333326   1.46743e-06   6.67192e-06   6.00525e-22   1.55905e-06      -10.6562      -11.5121
00000          1000         58000   7.42458e-06   1.10963e-05  -4.30503e-05  -1.29974e-05      0.666664      0.333327   1.32896e-06   6.14332e-06   6.00884e-22    1.4286e-06      -10.5681      -11.4852
00000          1000         59000  -2.73935e-06   1.97885e-06  -1.01621e-05   4.64426e-06      0.666665      0.333327   1.20478e-06   5.65983e-06     6.012e-22   1.31006e-06      -10.4805      -11.4612
00000          1000         60000   2.42903e-05  -1.53136e-06   2.24895e-05    6.8935e-06      0.666665      0.333328   1.09328e-06   5.21729e-06   6.01474e-22   1.20224e-06      -10.3933        -11.44
00000          1000         61000   6.69059e-06  -5.17559e-06   1.28961e-05   1.32573e-05      0.666665      0.333328   9.93044e-07   4.81195e-06   6.01706e-22   1.10408e-06      -10.3066      -11.4216
00000          1000         62000   1.59761e-06   2.48777e-05  -2.71874e-05  -1.43188e-05      0.666665      0.333329   9.02845e-07   4.44044e-06   6.01899e-22   1.01465e-06      -10.2203       -11.406
00000          1000         63000   2.56176e-05   1.19425e-05  -2.44661e-07   2.52709e-07      0.666665      0.333329   8.21588e-07   4.09973e-06   6.02051e-22   9.33089e-07      -10.1344      -11.3933
00000          1000         64000  -1.05422e-05   -3.9242e-06  -1.02657e-05  -7.61889e-06      0.666665      0.333329   7.48308e-07   3.78706e-06   6.02163e-22   8.58655e-07       -10.049      -11.3834
00000          1000         65000   2.97834e-07  -5.64109e-06  -3.24535e-06   4.53769e-06      0.666665       0.33333   6.82155e-07   3.49996e-06   6.02237e-22   7.90668e-07      -9.96395      -11.3762
00000          1000         66000  -6.68281e-06   8.63773e-06   1.27414e-05  -2.98101e-05      0.666666       0.33333   6.22376e-07   3.23617e-06   6.02273e-22   7.28521e-07       -9.8793       -11.372
00000          1000         67000   8.17656e-06  -3.48258e-06  -1.09402e-05   1.40508e-05      0.666666       0.33333   5.68305e-07   2.99366e-06   6.02271e-22   6.71672e-07      -9.79504      -11.3705
00000          1000         68000    1.9786e-05   3.91091e-06   5.76866e-05  -1.29919e-05      0.666666       0.33333    5.1935e-07   2.77059e-06   6.02232e-22   6.19629e-07      -9.71116      -11.3718
00000          1000         69000  -3.41378e-05  -2.02095e-05  -2.97201e-05   -6.0338e-05      0.666666      0.333331   4.74986e-07   2.56529e-06   6.02157e-22   5.71953e-07      -9.62766       -11.376
00000          1000         70000   2.85901e-06   1.33066e-06   3.81208e-06   4.76165e-06      0.666666      0.333331   4.34746e-07   2.37625e-06   6.02046e-22   5.28246e-07      -9.54452       -11.383
00000          1000         71000   6.33157e-06   7.03387e-06   3.37341e-05   2.41575e-05      0.666666      0.333331   3.98215e-07   2.20208e-06     6.019e-22   4.88152e-07      -9.46174      -11.3928
00000          1000         72000  -8.01071e-06   1.37959e-06   1.87261e-05  -3.90931e-06      0.666666      0.333331   3.65022e-07   2.04152e-06   6.01719e-22   4.51347e-07      -9.37931      -11.4054
00000          1000         73000   3.69679e-05   1.41843e-06    5.8885e-05    7.8455e-05      0.666666      0.333331   3.34837e-07   1.89346e-06   6.01504e-22   4.17539e-07      -9.29723      -11.4209
00000          1000         74000  -1.34941e-05  -1.08004e-05   5.49149e-06  -3.73712e-06      0.666666      0.333331   3.07365e-07   1.75683e-06   6.01256e-22   3.86465e-07      -9.21549      -11.4392
00000          1000         75000  -1.16801e-07   5.78065e-06  -1.47868e-05   1.21593e-06      0.666666      0.333332   2.82341e-07   1.63071e-06   6.00975e-22   3.57886e-07      -9.13407      -11.4602
00000          1000         76000   1.17885e-05   2.87876e-06   1.08478e-05   6.02181e-05      0.666666      0.333332    2.5953e-07   1.51422e-06   6.00661e-22   3.31586e-07      -9.05299      -11.4842
00000          1000         77000  -1.00001e-05   5.28235e-09  -2.82409e-05   5.89565e-06      0.666666      0.333332    2.3872e-07   1.40659e-06   6.00315e-22   3.07369e-07      -8.97223      -11.5109
00000          1000         78000  -1.41922e-05   5.31279e-06  -3.66395e-05  -1.86954e-05      0.666666      0.333332    2.1972e-07    1.3071e-06   5.99938e-22   2.85056e-07      -8.89178      -11.5404
00000          1000         79000   1.00907e-05  -1.10125e-06   5.16769e-06   1.23145e-05      0.666666      0.333332   2.02361e-07   1.21508e-06   5.99531e-22   2.64488e-07      -8.81164      -11.5728
00000          1000         80000    -1.992e-05  -3.63634e-05  -8.48319e-05  -5.35997e-05      0.666666      0.333332    1.8649e-07   1.12994e-06   5.99092e-22   2.45516e-07       -8.7318       -11.608
00000          1000         81000  -1.12884e-05  -3.94703e-06   6.60954e-06   5.96847e-07      0.666666      0.333332   1.71968e-07   1.05114e-06   5.98625e-22   2.28008e-07      -8.65226       -11.646
00000          1000         82000  -1.27343e-05  -1.99979e-06   4.16089e-05   1.26342e-05      0.666666      0.333332   1.58672e-07   9.78168e-07   5.98128e-22   2.11842e-07      -8.57302      -11.6868
00000          1000         83000   2.20061e-06   1.84312e-05   8.43815e-06   5.31173e-06      0.666666      0.333332    1.4649e-07    9.1057e-07   5.97602e-22   1.96907e-07      -8.49406      -11.7305
00000          1000         84000   5.94106e-06   6.18748e-06    2.1154e-06   1.09754e-05      0.666666      0.333332   1.35322e-07   8.47924e-07   5.97048e-22   1.83102e-07      -8.41539       -11.777
00000          1000         85000  -8.83127e-06  -8.35805e-06   2.88443e-05   1.77524e-05      0.666666      0.333333   1.25075e-07   7.89846e-07   5.96466e-22   1.70337e-07        -8.337      -11.8262
00000          1000         86000  -2.05558e-05  -3.37575e-06  -8.42562e-06   4.14788e-07      0.666666      0.333333   1.15668e-07    7.3598e-07   5.95857e-22   1.58526e-07      -8.25888      -11.8784
00000          1000         87000   5.36013e-06   5.19912e-06   6.17719e-06   3.71334e-06      0.666666      0.333333   1.07028e-07   6.86004e-07   5.95221e-22   1.47593e-07      -8.18103      -11.9333
00000          1000         88000  -2.28634e-06  -8.61686e-06  -6.78007e-06   7.27014e-08      0.666666      0.333333   9.90853e-08   6.39619e-07   5.94559e-22   1.37469e-07      -8.10345       -11.991
00000          1000         89000  -8.15872e-06    1.4481e-06   2.34934e-05   9.12658e-06      0.666666      0.333333   9.17806e-08   5.96551e-07   5.93871e-22   1.28088e-07      -8.02614      -12.0516
00000          1000         90000   1.83414e-05   3.33569e-05  -9.46805e-05  -4.86733e-05      0.666666      0.333333   8.50583e-08    5.5655e-07   5.93158e-22   1.19393e-07      -7.94908       -12.115
00000          1000         91000  -3.39324e-06   8.48511e-06  -3.14438e-05  -2.12314e-05      0.666667      0.333333   7.88684e-08   5.19383e-07    5.9242e-22   1.11329e-07      -7.87227      -12.1812
00000          1000         92000   9.05748e-06   5.95806e-07  -6.55598e-06  -5.71893e-06      0.666667      0.333333   7.31654e-08   4.84838e-07   5.91657e-22   1.03849e-07      -7.79571      -12.2502
00000          1000         93000  -7.42543e-06   1.87063e-05  -3.32451e-05   -3.9766e-07      0.666667      0.333333    6.7908e-08    4.5272e-07    5.9087e-22   9.69056e-08      -7.71941      -12.3221
00000          1000         94000  -3.13725e-06   1.17482e-05  -1.50537e-05  -1.07888e-05      0.666667      0.333333   6.30588e-08   4.22847e-07    5.9006e-22   9.04586e-08      -7.64334      -12.3968
00000          1000         95000   1.80198e-05  -4.68657e-06  -1.29139e-05   3.55249e-06      0.666667      0.333333   5.85837e-08   3.95054e-07   5.89226e-22     8.447e-08      -7.56752      -12.4742
00000          1000         96000  -1.32814e-06  -2.82114e-06   7.40228e-06  -1.47891e-07      0.666667      0.333333   5.44515e-08   3.69188e-07    5.8837e-22   7.89048e-08      -7.49193      -12.5546
00000          1000         97000   7.65975e-06  -7.37561e-06  -1.77281e-05  -1.25861e-05      0.666667      0.333333    5.0634e-08   3.45108e-07   5.87491e-22   7.37312e-08      -7.41657      -12.6377
00000          1000         98000  -2.12676e-05  -1.23674e-05  -1.93355e-06  -1.78859e-05      0.666667      0.333333   4.71053e-08   3.22683e-07   5.86591e-22   6.89195e-08      -7.34144      -12.7236
00000          1000         99000  -2.51346e-05  -2.35629e-05   7.72233e-06  -2.26719e-08      0.666667      0.333333    4.3842e-08   3.01793e-07   5.85669e-22   6.44429e-08      -7.26654      -12.8124
00000          1000        100000   1.62324e-05  -2.83572e-06   1.54836e-05   1.80864e-05      0.666667      0.333333   4.08227e-08   2.82328e-07   5.84725e-22   6.02764e-08      -7.19186       -12.904
00000          1000        101000   1.00508e-05  -2.59629e-06   2.24657e-05  -1.78482e-06      0.666667      0.333333   3.80276e-08   2.64184e-07   5.83761e-22   5.63971e-08      -7.11741      -12.9984
00000          1000        102000   9.99011e-06   4.34786e-06   1.01437e-05   6.48867e-06      0.666667      0.333333   3.54389e-08   2.47268e-07   5.82777e-22   5.27838e-08      -7.04317      -13.0956
00000          1000        103000  -9.58801e-06   8.13142e-06   1.78854e-05   7.12235e-06      0.666667      0.333333   3.30402e-08   2.31491e-07   5.81773e-22   4.94172e-08      -6.96914      -13.1957
00000          1000        104000  -5.78144e-06   -1.1492e-05  -1.51472e-05   3.22165e-07      0.666667      0.333333   3.08165e-08   2.16773e-07   5.80749e-22   4.62792e-08      -6.89533      -13.2986
00000          1000        105000   8.20415e-07  -8.48013e-08  -4.92517e-07   1.11661e-06      0.666667      0.333333   2.87541e-08   2.03038e-07   5.79707e-22   4.33533e-08      -6.82172      -13.4042
00000          1000        106000   1.15391e-05   4.59829e-06    1.9818e-05   8.01613e-06      0.666667      0.333333   2.68404e-08   1.90219e-07   5.78645e-22   4.06243e-08      -6.74832      -13.5128
00000          1000        107000   3.69445e-05   9.70822e-06   -1.1082e-05   2.87445e-05      0.666667      0.333333   2.50639e-08   1.78249e-07   5.77565e-22   3.80781e-08      -6.67513      -13.6241
00000          1000        108000   4.53788e-06  -2.47998e-06   4.62425e-06    1.7709e-06      0.666667      0.333333   2.34141e-08   1.67071e-07   5.76467e-22   3.57015e-08      -6.60213      -13.7382
00000          1000        109000  -1.19885e-06  -1.54479e-05   8.64282e-05   4.42855e-05      0.666667      0.333333   2.18811e-08   1.56629e-07   5.75351e-22   3.34827e-08      -6.52934      -13.8552
00000          1000        110000  -1.76422e-05  -4.29907e-06   4.57256e-06  -9.55268e-06      0.666667      0.333333   2.04563e-08   1.46872e-07   5.74218e-22   3.14104e-08      -6.45674       -13.975
00000          1000        111000  -1.63146e-05  -1.54596e-05   6.67636e-06  -2.98645e-06      0.666667      0.333333   1.91313e-08   1.37753e-07   5.73067e-22   2.94743e-08      -6.38433      -14.0976
00000          1000        112000  -2.78997e-07   4.96998e-06  -1.20367e-05  -3.88495e-06      0.666667      0.333333   1.78987e-08   1.29228e-07   5.71901e-22    2.7665e-08      -6.31212       -14.223
00000          1000        113000    1.4205e-05   3.01476e-06  -1.08159e-05  -5.59828e-06      0.666667      0.333333   1.67515e-08   1.21256e-07   5.70717e-22   2.59737e-08      -6.24009      -14.3513
00000          1000        114000    6.2198e-06   1.96432e-05  -1.01093e-06   1.06208e-05      0.666667      0.333333   1.56834e-08     1.138e-07   5.69518e-22    2.4392e-08      -6.16825      -14.4824
00000          1000        115000  -2.34795e-06   -1.5618e-06  -2.49916e-06  -9.87464e-07      0.666667      0.333333   1.46885e-08   1.06825e-07   5.68303e-22   2.29126e-08       -6.0966      -14.6162
00000          1000        116000   1.96299e-05   -3.6135e-06   3.54827e-05   2.22801e-05      0.666667      0.333333   1.37616e-08   1.00297e-07   5.67073e-22   2.15284e-08      -6.02512       -14.753
00000          1000        117000  -1.19181e-05   4.04688e-06  -4.80102e-06  -9.50847e-06      0.666667      0.333333   1.28975e-08   9.41874e-08   5.65828e-22   2.02328e-08      -5.95383      -14.8925
00000          1000        118000   -1.2032e-06  -4.54266e-06   2.60318e-05   8.22804e-06      0.666667      0.333333   1.20917e-08   8.84675e-08   5.64568e-22   1.90199e-08      -5.88271      -15.0348
00000          1000        119000   1.16471e-05  -1.08988e-06    2.0908e-06   2.37324e-06      0.666667      0.333333     1.134e-08   8.31113e-08   5.63294e-22   1.78841e-08      -5.81178        -15.18
00000          1000        120000  -1.08375e-05  -5.20219e-06   1.02684e-05   7.92123e-06      0.666667      0.333333   1.06386e-08   7.80946e-08   5.62005e-22   1.68201e-08      -5.74101       -15.328
00000          1000        121000   9.84158e-05   0.000124832   -0.00053416  -0.000313283      0.666667      0.333333   9.97944e-09   7.33947e-08   5.60703e-22   1.58231e-08      -5.67042      -15.4788
00000          1000        122000  -1.11977e-07   2.95856e-06    1.9975e-06   4.16418e-07      0.666667      0.333333   9.36814e-09   6.89904e-08   5.59387e-22   1.48887e-08      -5.59999      -15.6324
00000          1000        123000   1.78258e-05    5.4546e-06   1.76363e-05   5.73804e-07      0.666667      0.333333   8.79705e-09   6.48626e-08   5.58058e-22   1.40127e-08      -5.52973      -15.7889
00000          1000        124000  -2.45732e-05  -4.24903e-06  -2.09853e-05  -1.78983e-05      0.666667      0.333333   8.26335e-09    6.0993e-08   5.56717e-22   1.31912e-08      -5.45964      -15.9482
00000          1000        125000  -4.09326e-06  -1.43403e-05    7.6122e-06   6.81976e-08      0.666667      0.333333    7.7644e-09   5.73648e-08   5.55362e-22   1.24207e-08      -5.38971      -16.1103
00000          1000        126000   9.83936e-06     1.271e-06    2.3851e-05   2.68458e-05      0.666667      0.333333    7.2978e-09   5.39622e-08   5.53996e-22   1.16978e-08      -5.31995      -16.2752
00000          1000        127000    2.0229e-06   2.80354e-06  -3.98861e-06  -6.48128e-07      0.666667      0.333333   6.86129e-09   5.07705e-08   5.52617e-22   1.10194e-08      -5.25034      -16.4429
00000          1000        128000  -1.35455e-05   7.56481e-07  -1.33171e-05  -4.56267e-06      0.666667      0.333333    6.4528e-09   4.77761e-08   5.51226e-22   1.03826e-08       -5.1809      -16.6134
00000          1000        129000   -3.3398e-06  -0.000130919  -7.00976e-05  -8.46094e-05      0.666667      0.333333   6.07041e-09    4.4966e-08   5.49824e-22   9.78169e-09      -5.11161      -16.7868
00000          1000        130000  -8.57399e-07  -6.79765e-06   8.95628e-06    1.5495e-05      0.666667      0.333333   5.71232e-09   4.23284e-08   5.48411e-22   9.22029e-09      -5.04248       -16.963
00000          1000        131000  -7.50284e-06   2.29153e-05  -1.68596e-05  -7.13627e-06      0.666667      0.333333   5.37689e-09   3.98524e-08   5.46987e-22   8.69293e-09       -4.9735       -17.142
00000          1000        132000   7.60992e-06  -6.94264e-06   1.76222e-05   1.81589e-05      0.666667      0.333333   5.06258e-09   3.75275e-08   5.45552e-22   8.19743e-09      -4.90468      -17.3238
00000          1000        133000   1.95798e-06   2.57635e-06  -1.38881e-05  -1.51179e-05      0.666667      0.333333   4.76797e-09   3.53442e-08   5.44106e-22   7.73176e-09      -4.83601      -17.5085
00000          1000        134000  -9.91661e-06   -4.9225e-06   9.19984e-06   1.98831e-05      0.666667      0.333333   4.49174e-09   3.32934e-08   5.42651e-22   7.29401e-09      -4.76748       -17.696
00000          1000        135000   2.86275e-06  -2.09878e-05  -2.12443e-07  -7.96891e-06      0.666667      0.333333   4.23266e-09   3.13667e-08   5.41185e-22   6.88242e-09      -4.69911      -17.8863
00000          1000        136000   1.12875e-05  -2.43744e-05   1.86485e-05   1.23247e-05      0.666667      0.333333    3.9896e-09   2.95563e-08    5.3971e-22   6.49534e-09      -4.63088      -18.0794
00000          1000        137000  -1.73137e-06   1.32062e-06   1.88995e-05   9.25678e-06      0.666667      0.333333    3.7615e-09   2.78549e-08   5.38225e-22   6.13123e-09       -4.5628      -18.2753
00000          1000        138000   3.00215e-06   4.89971e-06  -1.64385e-05  -2.55932e-07      0.666667      0.333333   3.54737e-09   2.62556e-08   5.36731e-22   5.78865e-09      -4.49487       -18.474
00000          1000        139000  -1.02683e-05  -8.97174e-06  -4.34252e-06   -7.0893e-06      0.666667      0.333333    3.3463e-09   2.47519e-08   5.35229e-22   5.46625e-09      -4.42707      -18.6756
00000          1000        140000   1.83838e-06  -3.26262e-06  -4.12749e-06  -7.68954e-06      0.666667      0.333333   3.15744e-09    2.3338e-08   5.33717e-22   5.16278e-09      -4.35942        -18.88
00000          1000        141000  -1.06028e-05  -3.34047e-05  -3.08283e-05   3.16329e-05      0.666667      0.333333   2.97999e-09   2.20083e-08   5.32197e-22   4.87707e-09      -4.29191      -19.0872
00000          1000        142000   2.27337e-06   3.10012e-06   9.70627e-07   7.51883e-06      0.666667      0.333333   2.81322e-09   2.07574e-08   5.30668e-22   4.60801e-09      -4.22453      -19.2972
00000          1000        143000  -1.29522e-06  -4.05344e-06   -1.5265e-05  -2.73056e-06      0.666667      0.333333   2.65644e-09   1.95806e-08   5.29132e-22    4.3546e-09       -4.1573      -19.5101
00000          1000        144000   7.69423e-06   2.32888e-06  -2.09003e-05  -6.69905e-06      0.666667      0.333333   2.50902e-09   1.84732e-08   5.27588e-22   4.11586e-09      -4.09019      -19.7258
00000          1000        145000  -7.66983e-06   9.44092e-07  -1.81746e-07   1.03647e-05      0.666667      0.333333   2.37035e-09   1.74311e-08   5.26036e-22   3.89091e-09      -4.02323      -19.9443
00000          1000        146000  -1.72733e-06   6.76704e-06   6.35043e-06   4.31867e-06      0.666667      0.333333   2.23989e-09   1.64501e-08   5.24476e-22    3.6789e-09       -3.9564      -20.1656
00000          1000        147000   1.71296e-05   8.11689e-06  -1.14793e-05   1.49951e-05      0.666667      0.333333   2.11711e-09   1.55266e-08    5.2291e-22   3.47905e-09      -3.88969      -20.3897
00000          1000        148000  -6.71662e-06   1.85635e-05   3.85714e-06   4.98848e-06      0.666667      0.333333   2.00153e-09    1.4657e-08   5.21336e-22   3.29063e-09      -3.82313      -20.6166
00000          1000        149000   1.50555e-06  -1.51866e-05   1.64079e-05   8.59502e-07      0.666667      0.333333    1.8927e-09    1.3838e-08   5.19756e-22   3.11294e-09      -3.75669      -20.8464
00000          1000        150000   1.19254e-06  -2.86656e-06  -1.26494e-05  -9.56596e-06      0.666667      0.333333    1.7902e-09   1.30667e-08   5.18169e-22   2.94534e-09      -3.69037       -21.079
00000          1000        151000  -4.04663e-06  -7.92359e-07    3.4496e-07   6.27387e-06      0.666667      0.333333   1.69363e-09     1.234e-08   5.16575e-22   2.78724e-09      -3.62419      -21.3144
00000          1000        152000  -6.90387e-06  -1.18204e-05  -5.17871e-06  -1.06456e-06      0.666667      0.333333   1.60264e-09   1.16554e-08   5.14976e-22   2.63806e-09      -3.55813      -21.5526
00000          1000        153000  -7.07922e-06   6.79561e-06  -1.77789e-05   -1.1491e-05      0.666667      0.333333   1.51687e-09   1.10102e-08    5.1337e-22   2.49727e-09       -3.4922      -21.7937
00000          1000        154000   1.03189e-05   1.32492e-06  -5.19742e-05  -2.81241e-05      0.666667      0.333333   1.43601e-09   1.04022e-08   5.11759e-22   2.36438e-09      -3.42639      -22.0376
00000          1000        155000   -4.5382e-05  -0.000153417  -0.000417288   3.47065e-05      0.666667      0.333333   1.35976e-09   9.82403e-09   5.10142e-22   2.23892e-09      -3.36071      -22.2843
00000          1000        156000   1.35271e-06   6.38982e-07  -7.86822e-07   2.37527e-06      0.666667      0.333333   1.28784e-09    9.2839e-09   5.08519e-22   2.12045e-09      -3.29514      -22.5338
00000          1000        157000  -1.12382e-05  -7.35491e-06   2.94347e-05   7.09112e-06      0.666667      0.333333   1.21998e-09   8.77463e-09   5.06892e-22   2.00856e-09       -3.2297      -22.7861
00000          1000        158000  -2.49233e-06   2.28434e-06  -6.09374e-06   9.30428e-06      0.666667      0.333333   1.15594e-09   8.29436e-09   5.05259e-22   1.90288e-09      -3.16437      -23.0412
00000          1000        159000  -8.03122e-06   6.36146e-06  -1.36194e-05  -6.91941e-06      0.666667      0.333333    1.0955e-09   7.84139e-09   5.03622e-22   1.80303e-09      -3.09917      -23.2992
00000          1000        160000   -2.2948e-06  -4.93939e-06    8.5397e-06   6.50557e-06      0.666667      0.333333   1.03843e-09    7.4141e-09   5.01979e-22   1.70869e-09      -3.03408        -23.56
00000          1000        161000  -6.13065e-07   3.89853e-07   3.20499e-07  -2.51981e-07      0.666667      0.333333   9.84533e-10   7.01098e-09   5.00332e-22   1.61953e-09      -2.96911      -23.8236
00000          1000        162000  -3.06577e-05   1.42487e-05   9.73586e-06   3.71407e-05      0.666667      0.333333   9.33626e-10   6.63061e-09   4.98681e-22   1.53525e-09      -2.90425        -24.09
00000          1000        163000  -1.10004e-06   -3.4333e-06   5.23227e-06   5.57702e-08      0.666667      0.333333   8.85531e-10   6.27165e-09   4.97026e-22   1.45557e-09      -2.83952      -24.3593
00000          1000        164000  -1.21364e-05     3.143e-07  -3.74249e-05  -2.24785e-05      0.666667      0.333333   8.40081e-10   5.93285e-09   4.95367e-22   1.38023e-09      -2.77489      -24.6314
00000          1000        165000  -2.57049e-06   2.65758e-06  -1.92871e-05  -1.37286e-05      0.666667      0.333333   7.97122e-10   5.61304e-09   4.93703e-22   1.30899e-09      -2.71038      -24.9062
00000          1000        166000   4.79653e-06   5.22616e-06  -8.51486e-06   1.97586e-07      0.666667      0.333333   7.56508e-10   5.31111e-09   4.92036e-22   1.24159e-09      -2.64598       -25.184
00000          1000        167000   9.51215e-07   1.03338e-05  -8.77232e-06  -1.91811e-06      0.666667      0.333333   7.18102e-10   5.02602e-09   4.90366e-22   1.17784e-09      -2.58169      -25.4645
00000          1000        168000  -8.01749e-06  -9.38046e-06   2.97982e-06   1.63335e-05      0.666667      0.333333   6.81778e-10    4.7568e-09   4.88692e-22   1.11752e-09      -2.51751      -25.7478
00000          1000        169000  -7.46259e-06  -1.25697e-05   1.05415e-05   1.02218e-05      0.666667      0.333333   6.47415e-10   4.50252e-09   4.87015e-22   1.06044e-09      -2.45344       -26.034
00000          1000        170000  -8.50686e-06   7.21219e-06   2.97321e-05   3.28544e-06      0.666667      0.333333   6.14899e-10   4.26234e-09   4.85334e-22   1.00641e-09      -2.38948       -26.323
00000          1000        171000    3.2117e-06  -3.81299e-06   7.54202e-06    1.0962e-06      0.666667      0.333333   5.84127e-10   4.03543e-09   4.83651e-22   9.55267e-10      -2.32563      -26.6148
00000          1000        172000   2.55347e-06  -7.33185e-06   8.76667e-06   2.68054e-05      0.666667      0.333333   5.54997e-10   3.82104e-09   4.81965e-22   9.06847e-10      -2.26188      -26.9094
00000          1000        173000  -2.46533e-06  -1.37806e-05  -2.00138e-05  -4.98912e-06      0.666667      0.333333   5.27416e-10   3.61845e-09   4.80277e-22   8.60997e-10      -2.19824      -27.2069
00000          1000        174000  -1.20541e-06    2.8184e-06  -3.90989e-05  -2.91056e-05      0.666667      0.333333   5.01298e-10   3.42699e-09   4.78586e-22   8.17576e-10      -2.13471      -27.5072
00000          1000        175000   4.86123e-05   -3.1547e-06  -3.08715e-05  -2.86688e-05      0.666667      0.333333   4.76559e-10   3.24602e-09   4.76892e-22   7.76447e-10      -2.07128      -27.8102
00000          1000        176000  -3.96685e-08    4.8161e-07   2.82214e-06   2.68429e-06      0.666667      0.333333   4.53122e-10   3.07495e-09   4.75196e-22   7.37485e-10      -2.00795      -28.1162
00000          1000        177000   -6.6506e-06  -1.51517e-05  -2.40297e-05  -3.93275e-05      0.666667      0.333333   4.30914e-10   2.91321e-09   4.73499e-22   7.00569e-10      -1.94473      -28.4249
00000          1000        178000   9.29736e-07  -8.55987e-07   1.18168e-05   9.29405e-06      0.666667      0.333333   4.09866e-10   2.76028e-09   4.71799e-22   6.65587e-10      -1.88161      -28.7364
00000          1000        179000   2.26644e-05   2.02814e-05  -2.45288e-05  -1.37837e-05      0.666667      0.333333   3.89914e-10   2.61566e-09   4.70097e-22   6.32434e-10      -1.81859      -29.0508
00000          1000        180000   1.28989e-05   1.78098e-05  -3.32853e-05  -1.99089e-05      0.666667      0.333333   3.70998e-10   2.47889e-09   4.68394e-22   6.01008e-10      -1.75567       -29.368
00000          1000        181000  -7.74962e-06  -5.78047e-06   2.41036e-05   -4.2246e-06      0.666667      0.333333    3.5306e-10   2.34951e-09    4.6669e-22   5.71215e-10      -1.69285       -29.688
00000          1000        182000  -2.77527e-06   3.60883e-06   8.44982e-06   1.69233e-05      0.666667      0.333333   3.36046e-10   2.22713e-09   4.64983e-22   5.42968e-10      -1.63012      -30.0108
00000          1000        183000   1.27205e-05  -1.30621e-06   3.62095e-06   1.05015e-05      0.666667      0.333333   3.19906e-10   2.11133e-09   4.63276e-22   5.16181e-10       -1.5675      -30.3365
00000          1000        184000   3.21562e-06   2.11696e-05  -2.57349e-05   9.80491e-06      0.666667      0.333333   3.04591e-10   2.00177e-09   4.61567e-22   4.90776e-10      -1.50498       -30.665
00000          1000        185000  -2.68013e-06  -1.21947e-06  -3.47293e-06  -2.15914e-06      0.666667      0.333333   2.90058e-10   1.89809e-09   4.59857e-22   4.66679e-10      -1.44255      -30.9962
00000          1000        186000   2.24266e-05     6.427e-07  -2.49357e-06   8.51057e-06      0.666667      0.333333   2.76264e-10   1.79996e-09   4.58147e-22   4.43818e-10      -1.38021      -31.3304
00000          1000        187000   9.89034e-06    2.8526e-06  -7.74889e-07  -4.61436e-06      0.666667      0.333333   2.63168e-10   1.70707e-09   4.56435e-22   4.22128e-10      -1.31798      -31.6673
00000          1000        188000   -1.2928e-05   4.29511e-06  -4.26038e-05  -2.24231e-05      0.666667      0.333333   2.50733e-10   1.61915e-09   4.54723e-22   4.01545e-10      -1.25583       -32.007
00000          1000        189000   3.03266e-05   1.27489e-05   2.13475e-05   4.44861e-05      0.666667      0.333333   2.38925e-10    1.5359e-09    4.5301e-22   3.82011e-10      -1.19379      -32.3496
00000          1000        190000   8.08577e-06  -2.97325e-07   -6.7408e-05  -2.85998e-05      0.666667      0.333333   2.27708e-10   1.45708e-09   4.51297e-22    3.6347e-10      -1.13183       -32.695
00000          1000        191000   3.70796e-06  -7.92662e-06   1.74139e-05   5.27371e-06      0.666667      0.333333   2.17052e-10   1.38244e-09   4.49583e-22   3.45869e-10      -1.06997      -33.0432
00000          1000        192000   1.11329e-05   2.70734e-06   1.17646e-05   5.58612e-07      0.666667      0.333333   2.06927e-10   1.31175e-09    4.4787e-22   3.29158e-10       -1.0082      -33.3942
00000          1000        193000  -5.23659e-06   7.86438e-06  -6.30494e-06  -1.68197e-05      0.666667      0.333333   1.97305e-10   1.24479e-09   4.46155e-22    3.1329e-10     -0.946521      -33.7481
00000          1000        194000   4.68222e-07  -3.29374e-06   9.12682e-07  -2.77489e-06      0.666667      0.333333   1.88159e-10   1.18137e-09   4.44441e-22   2.98221e-10     -0.884933      -34.1048
00000          1000        195000  -2.00682e-05   7.86321e-06    5.7075e-05  -1.06821e-05      0.666667      0.333333   1.79464e-10   1.12129e-09   4.42727e-22   2.83909e-10     -0.823435      -34.4642
00000          1000        196000  -9.27471e-06  -2.05929e-05   2.56125e-05   1.57947e-06      0.666667      0.333333   1.71197e-10   1.06436e-09   4.41013e-22   2.70314e-10     -0.762027      -34.8266
00000          1000        197000  -1.17799e-05   1.60768e-05   -2.6847e-05  -6.69205e-06      0.666667      0.333333   1.63336e-10   1.01041e-09     4.393e-22   2.57398e-10     -0.700708      -35.1917
00000          1000        198000   1.77494e-06  -3.41948e-06   6.37346e-06   3.41964e-06      0.666667      0.333333   1.55858e-10   9.59295e-10   4.37587e-22   2.45126e-10     -0.639477      -35.5596
00000          1000        199000  -6.97766e-06  -9.15183e-06  -8.71433e-06  -7.26568e-06      0.666667      0.333333   1.48745e-10   9.10845e-10   4.35874e-22   2.33465e-10     -0.578334      -35.9304
00000          1000        200000   7.38485e-06  -6.73685e-06   1.05676e-05   8.58904e-06      0.666667      0.333333   1.41977e-10   8.64922e-10   4.34162e-22   2.22382e-10     -0.517279       -36.304
00000          1000        201000  -4.05301e-06  -4.59545e-06   -1.2936e-05   -8.5077e-06      0.666667      0.333333   1.35536e-10   8.21389e-10    4.3245e-22   2.11849e-10     -0.456309      -36.6804
00000          1000        202000   2.03383e-05    1.9588e-05   6.52966e-06  -6.93238e-06      0.666667      0.333333   1.29407e-10   7.80118e-10   4.30739e-22   2.01835e-10     -0.395426      -37.0596
00000          1000        203000   5.79786e-06     1.031e-06  -8.03513e-07  -1.92993e-06      0.666667      0.333333   1.23572e-10   7.40987e-10   4.29029e-22   1.92315e-10     -0.334628      -37.4417
00000          1000        204000  -1.15133e-06  -2.42273e-06   2.83973e-05   3.20798e-06      0.666667      0.333333   1.18017e-10   7.03882e-10    4.2732e-22   1.83264e-10     -0.273915      -37.8266
00000          1000        205000   5.91477e-06   4.49482e-06  -5.57069e-06    8.0815e-06      0.666667      0.333333   1.12728e-10   6.68694e-10   4.25612e-22   1.74657e-10     -0.213287      -38.2142
00000          1000        206000   -2.9417e-06  -8.31101e-06   1.08505e-05   3.70412e-06      0.666667      0.333333    1.0769e-10   6.35321e-10   4.23905e-22   1.66471e-10     -0.152742      -38.6048
00000          1000        207000   -1.1002e-06   5.17104e-06  -3.83258e-06  -4.89806e-06      0.666667      0.333333   1.02892e-10   6.03666e-10   4.22199e-22   1.58685e-10    -0.0922801      -38.9981
00000          1000        208000   1.34596e-05   1.76228e-06   5.77413e-06   9.23696e-06      0.666667      0.333333   9.83215e-11   5.73639e-10   4.20494e-22   1.51278e-10    -0.0319011      -39.3942
00000          1000        209000   9.31005e-06   3.03893e-06  -3.61833e-05  -2.02975e-05      0.666667      0.333333   9.39667e-11   5.45151e-10   4.18791e-22   1.44232e-10     0.0283957      -39.7932
00000          1000        210000  -6.78156e-06  -6.14197e-06   -5.1325e-06   2.92272e-07      0.666667      0.333333   8.98168e-11   5.18123e-10   4.17089e-22   1.37528e-10     0.0886109       -40.195
00000          1000        211000  -1.61867e-06  -9.54838e-07   -6.0195e-06  -3.44229e-06      0.666667      0.333333   8.58618e-11   4.92477e-10   4.15389e-22   1.31148e-10      0.148745      -40.5996
00000          1000        212000   1.33843e-05   6.34501e-06   8.23601e-06   4.53051e-06      0.666667      0.333333   8.20919e-11    4.6814e-10    4.1369e-22   1.25077e-10      0.208799       -41.007
00000          1000        213000   9.95029e-06   1.28715e-06  -1.10174e-05   1.21393e-06      0.666667      0.333333   7.84978e-11   4.45042e-10   4.11993e-22   1.19298e-10      0.268772      -41.4173
00000          1000        214000  -5.73044e-06   1.37714e-06  -7.25225e-06  -4.20688e-06      0.666667      0.333333    7.5071e-11    4.2312e-10   4.10298e-22   1.13798e-10      0.328666      -41.8304
00000          1000        215000   -1.7642e-06  -5.06603e-06   1.45789e-05   1.22783e-05      0.666667      0.333333   7.18031e-11    4.0231e-10   4.08605e-22   1.08561e-10      0.388481      -42.2463
00000          1000        216000   -1.0125e-05  -1.11235e-07  -1.90674e-07   5.97826e-06      0.666667      0.333333   6.86864e-11   3.82556e-10   4.06913e-22   1.03576e-10      0.448217       -42.665
00000          1000        217000  -9.37417e-06   -1.6043e-05   5.18688e-05   1.81524e-05      0.666667      0.333333   6.57134e-11   3.63801e-10   4.05223e-22   9.88286e-11      0.507875      -43.0865
00000          1000        218000  -1.01377e-06  -1.77388e-08   1.51455e-06   2.04545e-06      0.666667      0.333333   6.28771e-11   3.45994e-10   4.03536e-22   9.43079e-11      0.567455      -43.5108
00000          1000        219000  -7.34208e-06  -1.71609e-06   6.39165e-06   5.86846e-07      0.666667      0.333333   6.01708e-11   3.29084e-10    4.0185e-22   9.00025e-11      0.626958       -43.938
00000          1000        220000   -1.0036e-06  -2.72616e-07  -2.20467e-06  -1.95852e-06      0.666667      0.333333   5.75883e-11   3.13027e-10   4.00167e-22   8.59016e-11      0.686385       -44.368
00000          1000        221000  -2.56345e-06  -2.07406e-06   4.25882e-06   6.17047e-06      0.666667      0.333333   5.51234e-11   2.97776e-10   3.98486e-22   8.19952e-11      0.745735      -44.8008
00000          1000        222000    2.7573e-07  -5.27044e-06   8.91666e-06   8.86354e-06      0.666667      0.333333   5.27706e-11   2.83291e-10   3.96807e-22   7.82736e-11       0.80501      -45.2364
00000          1000        223000   2.54011e-06  -5.13806e-06   1.47755e-05  -4.96379e-06      0.666667      0.333333   5.05245e-11   2.69531e-10   3.95131e-22   7.47277e-11      0.864209      -45.6749
00000          1000        224000    2.3286e-07  -6.71149e-07  -5.98637e-07  -3.97995e-08      0.666667      0.333333   4.83798e-11    2.5646e-10   3.93457e-22   7.13489e-11      0.923334      -46.1162
00000          1000        225000   1.53999e-06  -8.71695e-06  -1.42521e-07   8.28823e-07      0.666667      0.333333   4.63318e-11   2.44042e-10   3.91785e-22   6.81291e-11      0.982384      -46.5603
00000          1000        226000  -3.10504e-06  -8.21683e-06   7.17316e-06  -1.27625e-06      0.666667      0.333333   4.43759e-11   2.32243e-10   3.90116e-22   6.50603e-11       1.04136      -47.0072
00000          1000        227000    1.2437e-05  -1.22323e-05    1.5864e-05   3.05015e-06      0.666667      0.333333   4.25076e-11   2.21031e-10    3.8845e-22   6.21353e-11       1.10026      -47.4569
00000          1000        228000     6.791e-06   1.97683e-06  -4.66805e-06   2.23604e-06      0.666667      0.333333   4.07228e-11   2.10376e-10   3.86786e-22   5.93471e-11       1.15909      -47.9094
00000          1000        229000   1.35502e-06   7.51999e-07   5.24058e-07   7.95928e-07      0.666667      0.333333   3.90175e-11    2.0025e-10   3.85125e-22   5.66889e-11       1.21785      -48.3648
00000          1000        230000  -8.64935e-06    2.4811e-06  -9.45147e-06  -7.22499e-06      0.666667      0.333333   3.73881e-11   1.90626e-10   3.83467e-22   5.41545e-11       1.27653       -48.823
00000          1000        231000  -8.47838e-07  -3.15646e-07  -1.05507e-06   6.23775e-07      0.666667      0.333333   3.58308e-11   1.81478e-10   3.81812e-22   5.17379e-11       1.33515       -49.284
00000          1000        232000   2.90951e-07  -2.94832e-06   6.30564e-06   3.12354e-06      0.666667      0.333333   3.43424e-11   1.72781e-10   3.80159e-22   4.94334e-11       1.39369      -49.7478
00000          1000        233000  -7.34028e-06   2.81866e-06   1.10983e-05    1.0392e-05      0.666667      0.333333   3.29196e-11   1.64514e-10    3.7851e-22   4.72355e-11       1.45216      -50.2145
00000          1000        234000  -3.17625e-07  -7.38582e-07   7.56903e-07   2.82533e-06      0.666667      0.333333   3.15593e-11   1.56654e-10   3.76863e-22   4.51392e-11       1.51056       -50.684
00000          1000        235000  -1.13336e-06  -1.11794e-06   5.43077e-07  -1.28342e-06      0.666667      0.333333   3.02586e-11    1.4918e-10    3.7522e-22   4.31396e-11       1.56889      -51.1562
00000          1000        236000   5.25637e-06    2.6745e-07  -6.85477e-06  -1.27307e-06      0.666667      0.333333   2.90149e-11   1.42072e-10    3.7358e-22    4.1232e-11       1.62715      -51.6314
00000          1000        237000   7.18072e-06   3.62028e-06   5.60445e-06   5.84147e-07      0.666667      0.333333   2.78253e-11   1.35314e-10   3.71943e-22    3.9412e-11       1.68534      -52.1093
00000          1000        238000   -0.00543136    -0.0124671     0.0409021     0.0150199      0.666667      0.333333   2.66875e-11   1.28885e-10   3.70309e-22   3.76754e-11       1.74346        -52.59
00000          1000        239000    1.1643e-07   -4.9459e-07   -1.7506e-07   2.89656e-08      0.666667      0.333333    2.5599e-11   1.22771e-10   3.68678e-22   3.60184e-11       1.80151      -53.0736
00000          1000        240000  -1.56797e-07  -2.44065e-07   2.79964e-07  -8.73042e-08      0.666667      0.333333   2.45577e-11   1.16956e-10   3.67051e-22    3.4437e-11       1.85949        -53.56
00000          1000        241000   1.74477e-07   1.45199e-07   5.83386e-08  -2.61974e-07      0.666667      0.333333   2.35612e-11   1.11423e-10   3.65427e-22   3.29277e-11       1.91741      -54.0492
00000          1000        242000  -3.89482e-07   2.78385e-06   2.21854e-06   2.27776e-06      0.666667      0.333333   2.26076e-11    1.0616e-10   3.63806e-22   3.14871e-11       1.97526      -54.5412
00000          1000        243000  -1.11489e-06  -9.64719e-07  -5.23374e-07   -9.3547e-07      0.666667      0.333333    2.1695e-11   1.01152e-10   3.62189e-22    3.0112e-11       2.03304      -55.0361
00000          1000        244000   2.32235e-06  -0.000270013    0.00054497   0.000276233      0.666667      0.333333   2.08214e-11   9.63873e-11   3.60575e-22   2.87991e-11       2.09076      -55.5338
00000          1000        245000   4.07337e-07   1.85595e-07   1.95985e-07   2.47965e-08      0.666667      0.333333   1.99851e-11   9.18532e-11   3.58965e-22   2.75457e-11       2.14841      -56.0343
00000          1000        246000   1.74594e-07  -2.47281e-07   4.51109e-10   5.82622e-08      0.666667      0.333333   1.91844e-11   8.75383e-11   3.57358e-22    2.6349e-11       2.20599      -56.5376
00000          1000        247000   4.93965e-07  -2.76079e-07  -3.28492e-06   4.31883e-08      0.666667      0.333333   1.84177e-11   8.34318e-11   3.55755e-22   2.52061e-11       2.26351      -57.0437
00000          1000        248000   2.29386e-06   -0.00025198   0.000491381   0.000245818      0.666667      0.333333   1.76835e-11   7.95232e-11   3.54156e-22   2.41147e-11       2.32096      -57.5526
00000          1000        249000  -5.09317e-08   2.16416e-07  -3.74799e-07  -7.33036e-07      0.666667      0.333333   1.69803e-11   7.58029e-11    3.5256e-22   2.30724e-11       2.37835      -58.0644
00000          1000        250000   1.58483e-06  -0.000230707   0.000473971   0.000239432      0.666667      0.333333   1.63068e-11   7.22613e-11   3.50968e-22   2.20768e-11       2.43567       -58.579
00000          1000        251000  -2.32772e-07  -2.90311e-08   1.73881e-07  -2.92112e-08      0.666667      0.333333   1.56615e-11   6.88899e-11    3.4938e-22   2.11257e-11       2.49293      -59.0964
00000          1000        252000    7.9551e-07  -7.24496e-07   5.00615e-06   2.27002e-06      0.666667      0.333333   1.50433e-11     6.568e-11   3.47796e-22   2.02172e-11       2.55012      -59.6166
00000          1000        253000  -4.22006e-10   -2.9293e-08  -1.16008e-07   -2.0375e-07      0.666667      0.333333    1.4451e-11   6.26238e-11   3.46215e-22   1.93492e-11       2.60725      -60.1397
00000          1000        254000  -2.90427e-07  -3.46874e-07   1.70141e-07   1.77009e-07      0.666667      0.333333   1.38834e-11   5.97136e-11   3.44638e-22   1.85198e-11       2.66432      -60.6656
00000          1000        255000  -4.21004e-06   7.15893e-06   -4.1266e-05  -3.38157e-05      0.666667      0.333333   1.33394e-11   5.69424e-11   3.43065e-22   1.77273e-11       2.72132      -61.1943
00000          1000        256000   1.11164e-06  -0.000198734   0.000389692   0.000197611      0.666667      0.333333    1.2818e-11   5.43033e-11   3.41497e-22     1.697e-11       2.77826      -61.7258
00000          1000        257000   -2.3302e-07  -2.91038e-08  -1.16386e-07   8.72369e-08      0.666667      0.333333   1.23182e-11   5.17898e-11   3.39932e-22   1.62462e-11       2.83514      -62.2601
00000          1000        258000  -8.86765e-06  -5.80476e-08   3.10036e-05   1.55311e-05      0.666667      0.333333    1.1839e-11   4.93958e-11   3.38371e-22   1.55544e-11       2.89196      -62.7972
00000          1000        259000   8.30449e-07  -0.000178254   0.000352165   0.000176649      0.666667      0.333333   1.13796e-11   4.71154e-11   3.36814e-22   1.48932e-11       2.94872      -63.3372
00000          1000        260000   7.15343e-07  -0.000171608   0.000341749   0.000169341      0.666667      0.333333    1.0939e-11   4.49432e-11   3.35261e-22   1.42611e-11       3.00541        -63.88
00000          1000        261000    0.00677283    0.00660041    -0.0132075    -0.0133745      0.666667      0.333333   1.05166e-11   4.28737e-11   3.33712e-22   1.36568e-11       3.06204      -64.4256
00000          1000        262000  -1.16474e-07  -5.81931e-08   5.86151e-08  -1.16241e-07      0.666667      0.333333   1.01114e-11   4.09021e-11   3.32168e-22    1.3079e-11       3.11862       -64.974
00000          1000        263000   8.54692e-07  -0.000161301   0.000305813   0.000152602      0.666667      0.333333   9.72269e-12   3.90236e-11   3.30627e-22   1.25266e-11       3.17513      -65.5253
00000          1000        264000   7.87375e-07    6.8474e-07   3.59621e-07   1.45526e-07      0.666667      0.333333   9.34985e-12   3.72336e-11   3.29091e-22   1.19983e-11       3.23158      -66.0794
00000          1000        265000   1.06594e-06  -0.000143812   0.000290374   0.000146871      0.666667      0.333333   8.99214e-12   3.55279e-11   3.27559e-22   1.14932e-11       3.28797      -66.6362
00000          1000        266000   2.26326e-07  -0.000143673   0.000280703     0.0001429      0.666667      0.333333   8.64892e-12   3.39024e-11   3.26031e-22     1.101e-11       3.34431       -67.196
00000          1000        267000   1.00232e-06  -0.000133055   0.000268745    0.00013629      0.666667      0.333333   8.31956e-12   3.23533e-11   3.24508e-22   1.05479e-11       3.40058      -67.7585
00000          1000        268000   6.37476e-07  -0.000133015   0.000269373   0.000137352      0.666667      0.333333   8.00349e-12   3.08768e-11   3.22988e-22   1.01059e-11        3.4568      -68.3238
00000          1000        269000   7.23667e-07  -0.000131519   0.000261158   0.000131395      0.666667      0.333333   7.70013e-12   2.94694e-11   3.21473e-22    9.6831e-12       3.51295       -68.892
00000          1000        270000   5.65764e-07  -0.000124621   0.000246818   0.000125747      0.666667      0.333333   7.40894e-12   2.81278e-11   3.19963e-22    9.2786e-12       3.56905       -69.463
00000          1000        271000   1.51967e-06  -0.000124045   0.000242506   0.000121607      0.666667      0.333333    7.1294e-12    2.6849e-11   3.18456e-22    8.8916e-12       3.62509      -70.0368
00000          1000        272000   7.61764e-07   -0.00012011   0.000237449   0.000118525      0.666667      0.333333   6.86103e-12   2.56297e-11   3.16954e-22   8.52131e-12       3.68107      -70.6134
00000          1000        273000   7.55535e-07  -0.000114446   0.000228842   0.000116252      0.666667      0.333333   6.60335e-12   2.44673e-11   3.15457e-22   8.16699e-12         3.737      -71.1929
00000          1000        274000   9.51288e-07  -0.000107377   0.000225183   0.000112989      0.666667      0.333333   6.35591e-12   2.33589e-11   3.13964e-22   7.82792e-12       3.79287      -71.7752
00000          1000        275000   5.23971e-07   8.74861e-08  -5.86297e-08  -2.91839e-08      0.666667      0.333333   6.11828e-12   2.23021e-11   3.12475e-22   7.50343e-12       3.84868      -72.3602
00000          1000        276000   3.84549e-07  -0.000104273   0.000200483    0.00010165      0.666667      0.333333   5.89006e-12   2.12943e-11   3.10991e-22   7.19286e-12       3.90443      -72.9482
00000          1000        277000   6.63247e-07  -9.82321e-05   0.000200504   9.99807e-05      0.666667      0.333333   5.67084e-12   2.03332e-11   3.09511e-22    6.8956e-12       3.96013      -73.5389
00000          1000        278000  -3.49188e-07   8.74134e-08   6.98637e-07   2.03861e-07      0.666667      0.333333   5.46025e-12   1.94166e-11   3.08036e-22   6.61105e-12       4.01577      -74.1324
00000          1000        279000  -3.79863e-07  -9.24236e-05   0.000187151   9.33032e-05      0.666667      0.333333   5.25794e-12   1.85424e-11   3.06565e-22   6.33865e-12       4.07136      -74.7288
00000          1000        280000   2.47383e-10   4.36557e-11   -6.1118e-10   1.30967e-10      0.666667      0.333333   5.06356e-12   1.77085e-11   3.05099e-22   6.07787e-12       4.12689       -75.328
00000          1000        281000  -2.09257e-08  -8.69256e-05   0.000179221   9.03481e-05      0.666667      0.333333   4.87677e-12   1.69131e-11   3.03637e-22   5.82819e-12       4.18236        -75.93
00000          1000        282000   1.77301e-07  -8.46144e-05   0.000171536   8.59159e-05      0.666667      0.333333   4.69728e-12   1.61543e-11    3.0218e-22   5.58913e-12       4.23778      -76.5348
00000          1000        283000   1.07355e-06    -8.024e-05   0.000161265   8.05806e-05      0.666667      0.333333   4.52478e-12   1.54304e-11   3.00727e-22    5.3602e-12       4.29315      -77.1425
00000          1000        284000   2.70724e-07  -8.00299e-05   0.000152947   7.65811e-05      0.666667      0.333333   4.35897e-12   1.47397e-11   2.99279e-22   5.14098e-12       4.34846       -77.753
00000          1000        285000   1.17291e-06  -7.66983e-05    0.00015796   7.92583e-05      0.666667      0.333333   4.19959e-12   1.40808e-11   2.97836e-22   4.93104e-12       4.40372      -78.3662
00000          1000        286000  -1.77592e-07  -7.01125e-05   0.000149286   7.49765e-05      0.666667      0.333333   4.04638e-12    1.3452e-11   2.96397e-22   4.72996e-12       4.45892      -78.9824
00000          1000        287000   7.58955e-07  -7.32176e-05    0.00013873    7.0006e-05      0.666667      0.333333   3.89907e-12   1.28521e-11   2.94963e-22   4.53736e-12       4.51407      -79.6013
00000          1000        288000    6.4609e-07  -6.75683e-05   0.000132517   6.77506e-05      0.666667      0.333333   3.75744e-12   1.22795e-11   2.93534e-22   4.35287e-12       4.56916       -80.223
00000          1000        289000   3.24988e-07  -6.85519e-05   0.000130905   6.70779e-05      0.666667      0.333333   3.62124e-12   1.17331e-11   2.92109e-22   4.17614e-12       4.62421      -80.8476
00000          1000        290000  -5.77566e-08  -2.03494e-07  -1.74216e-07  -1.45289e-07      0.666667      0.333333   3.49027e-12   1.12116e-11   2.90689e-22   4.00683e-12        4.6792       -81.475
00000          1000        291000  -1.77009e-07  -6.24459e-05   0.000122717   6.13563e-05      0.666667      0.333333    3.3643e-12   1.07139e-11   2.89274e-22   3.84462e-12       4.73413      -82.1052
00000          1000        292000   3.18978e-07   -5.9411e-05    0.00011169   5.58992e-05      0.666667      0.333333   3.24314e-12   1.02388e-11   2.87863e-22    3.6892e-12       4.78902      -82.7382
00000          1000        293000   3.67581e-08  -5.71897e-05   0.000122804   5.97955e-05      0.666667      0.333333   3.12659e-12   9.78526e-12   2.86457e-22   3.54027e-12       4.84385      -83.3741
00000          1000        294000   1.90179e-07  -5.69826e-05   0.000108517   5.46956e-05      0.666667      0.333333   3.01447e-12   9.35232e-12   2.85056e-22   3.39756e-12       4.89863      -84.0128
00000          1000        295000   3.07508e-06   1.28115e-06  -4.10013e-06  -2.81884e-06      0.666667      0.333333    2.9066e-12   8.93901e-12    2.8366e-22   3.26079e-12       4.95336      -84.6542
00000          1000        296000    1.7781e-07  -5.67597e-05   0.000104653   5.28792e-05      0.666667      0.333333   2.80281e-12   8.54441e-12   2.82268e-22   3.12971e-12       5.00803      -85.2986
00000          1000        297000   2.91024e-07  -1.45781e-07  -4.08269e-07  -8.74443e-08      0.666667      0.333333   2.70294e-12   8.16766e-12   2.80881e-22   3.00408e-12       5.06266      -85.9457
00000          1000        298000  -2.68614e-07  -4.44377e-05    9.3571e-05   4.78248e-05      0.666667      0.333333   2.60683e-12   7.80791e-12   2.79499e-22   2.88367e-12       5.11723      -86.5956
00000          1000        299000  -4.40341e-07  -4.67546e-05   9.64574e-05   4.82875e-05      0.666667      0.333333   2.51433e-12    7.4644e-12   2.78122e-22   2.76824e-12       5.17176      -87.2484
00000          1000        300000    -2.468e-08  -4.70265e-05   9.36683e-05   4.72338e-05      0.666667      0.333333    2.4253e-12   7.13637e-12   2.76749e-22   2.65758e-12       5.22623       -87.904

