00000       1633.15          1000   0.000111989   0.000522298      -13.4064    -0.0857074      0.179096      0.820904   3.92276e-14      -10.3315      -8.93443
00000       1633.15          2000  -1.23945e-05  -2.68495e-05      -13.1782     -0.155432      0.300853      0.699147   6.63403e-14      -9.73108      -8.82129
00000       1633.15          3000    0.00177175   0.000308097      -13.0593     -0.215065      0.390554      0.609446   8.72298e-14      -9.36542      -8.70988
00000       1633.15          4000  -8.31744e-06  -0.000170039      -12.9814     -0.267344      0.459674      0.540326   1.04369e-13      -9.09292      -8.60019
00000       1633.15          5000  -7.90703e-06  -6.78439e-05      -12.9243     -0.313689      0.514364      0.485636   1.19043e-13      -8.87058      -8.49224
00000       1633.15          6000  -4.08259e-05   2.37383e-05      -12.8698     -0.360857      0.564345      0.435655   1.34962e-13      -8.65776      -8.38601
00000       1633.15          7000  -1.10385e-05  -8.55779e-06      -12.8272     -0.407608      0.608806      0.391194   1.48856e-13      -8.47168       -8.2815
00000       1633.15          8000  -1.31552e-05  -9.25689e-06      -12.7931     -0.453672      0.648174      0.351826   1.61045e-13      -8.30489      -8.17873
00000       1633.15          9000  -7.52607e-06  -7.87357e-06       -12.765     -0.498878      0.682954      0.317046   1.71806e-13      -8.15268      -8.07768
00000       1633.15         10000   2.20438e-06  -1.31526e-06      -12.7414     -0.543125      0.713665      0.286335   1.81375e-13      -8.01186      -7.97835
00000       1633.15         11000     0.0055097    0.00140273      -12.7214     -0.586364        0.7408        0.2592   1.89946e-13      -7.88021      -7.88076
00000       1633.15         12000    8.5339e-07   1.62709e-06       -12.704      -0.62858      0.764809      0.235191   1.97681e-13      -7.75609      -7.78489
00000       1633.15         13000   -0.00327782   -0.00383866      -12.6889     -0.669782      0.786097      0.213903   2.04711e-13      -7.63827      -7.69074
00000       1633.15         14000  -0.000891917   -0.00125135      -12.6754     -0.709996      0.805014      0.194986   2.11143e-13       -7.5258      -7.59833
00000       1633.15         15000    0.00085384     0.0022034      -12.6634     -0.749255      0.821867      0.178133   2.17067e-13      -7.41794      -7.50764
00000       1633.15         16000   0.000290669    0.00172246      -12.6526     -0.787598       0.83692       0.16308   2.22556e-13      -7.31409      -7.41867
00000       1633.15         17000    0.00162798   0.000662754      -12.6427     -0.825069        0.8504        0.1496   2.27667e-13      -7.21376      -7.33144
00000       1633.15         18000    0.00126452  -6.72394e-05      -12.6337     -0.861708      0.862503      0.137497   2.32453e-13      -7.11656      -7.24593
00000       1633.15         19000   -0.00053993   -0.00103146      -12.6253     -0.897559      0.873398      0.126602   2.36953e-13      -7.02216      -7.16214
00000       1633.15         20000   0.000491622  -0.000211265      -12.6176     -0.932661      0.883228      0.116772   2.41202e-13      -6.93028      -7.08009
00000       1633.15         21000   0.000143474  -0.000542532      -12.6104     -0.967054      0.892119      0.107881   2.45231e-13      -6.84067      -6.99976
00000       1633.15         22000   0.000408924   0.000445517      -12.6037      -1.00077      0.900178     0.0998221   2.49063e-13      -6.75314      -6.92116
00000       1633.15         23000  -0.000136326   0.000125306      -12.5974      -1.03385      0.907499     0.0925009   2.52719e-13      -6.66752      -6.84428
00000       1633.15         24000   0.000289479   9.77966e-05      -12.5914      -1.06633      0.914164     0.0858363   2.56219e-13      -6.58364      -6.76913
00000       1633.15         25000  -4.89233e-05  -0.000102221      -12.5857      -1.09823      0.920242     0.0797576   2.59577e-13      -6.50137      -6.69571
00000       1633.15         26000  -5.17881e-06  -0.000405253      -12.5804      -1.12958      0.925797     0.0742029   2.62807e-13       -6.4206      -6.62401
00000       1633.15         27000  -0.000193743   6.09413e-05      -12.5752      -1.16041      0.930882     0.0691179   2.65921e-13      -6.34122      -6.55404
00000       1633.15         28000  -2.73018e-05    7.0104e-05      -12.5704      -1.19074      0.935545     0.0644549   2.68929e-13      -6.26314       -6.4858
00000       1633.15         29000  -3.20725e-06   3.19924e-05      -12.5657       -1.2206      0.939828     0.0601721   2.71841e-13      -6.18627      -6.41929
00000       1633.15         30000   -1.5568e-07   3.53178e-05      -12.5612      -1.25001      0.943768     0.0562323   2.74663e-13      -6.11055       -6.3545
00000       1633.15         31000   -3.2852e-07   1.40558e-05      -12.5569      -1.27899      0.947397     0.0526027   2.77403e-13       -6.0359      -6.29143
00000       1633.15         32000  -7.61602e-06   2.48498e-05      -12.5527      -1.30756      0.950746     0.0492542   2.80068e-13      -5.96226       -6.2301
00000       1633.15         33000   2.73762e-05   1.61296e-05      -12.5487      -1.33573      0.953839     0.0461607   2.82662e-13      -5.88958      -6.17049
00000       1633.15         34000   5.09315e-06   8.59341e-06      -12.5449      -1.36352      0.956701     0.0432993   2.85191e-13      -5.81781      -6.11261
00000       1633.15         35000   2.25083e-05   1.67805e-06      -12.5411      -1.39095      0.959351     0.0406493    2.8766e-13      -5.74689      -6.05645
00000       1633.15         36000   2.25363e-05  -7.92651e-05      -12.5375      -1.41803      0.961808      0.038192   2.90071e-13       -5.6768      -6.00202
00000       1633.15         37000  -0.000104369   -0.00013183       -12.534      -1.44477      0.964089      0.035911   2.92429e-13      -5.60748      -5.94932
00000       1633.15         38000  -2.33295e-05  -2.66582e-06      -12.5306       -1.4712      0.966209     0.0337912   2.94737e-13      -5.53891      -5.89835
00000       1633.15         39000   3.29847e-05   1.88478e-05      -12.5272      -1.49731      0.968181     0.0318193   2.96998e-13      -5.47105       -5.8491
00000       1633.15         40000  -3.48382e-05    8.3488e-06       -12.524      -1.52312      0.970017      0.029983   2.99215e-13      -5.40387      -5.80158
00000       1633.15         41000  -1.40389e-05    2.9962e-05      -12.5209      -1.54865      0.971729     0.0282715   3.01389e-13      -5.33734      -5.75578
00000       1633.15         42000  -4.68711e-06  -7.96706e-05      -12.5178       -1.5739      0.973325     0.0266746   3.03524e-13      -5.27143      -5.71171
00000       1633.15         43000   -8.0613e-05  -3.47634e-05      -12.5148      -1.59888      0.974816     0.0251835   3.05621e-13      -5.20613      -5.66937
00000       1633.15         44000   2.54856e-05  -1.34274e-05      -12.5119      -1.62361       0.97621       0.02379   3.07682e-13       -5.1414      -5.62876
00000       1633.15         45000  -2.40457e-06   4.07411e-06       -12.509      -1.64808      0.977514     0.0224865   3.09709e-13      -5.07723      -5.58987
00000       1633.15         46000  -6.48991e-05   4.39685e-05      -12.5063      -1.67231      0.978734     0.0212662   3.11703e-13      -5.01359      -5.55271
00000       1633.15         47000  -4.55027e-05   3.48198e-05      -12.5035      -1.69631      0.979877     0.0201231   3.13666e-13      -4.95047      -5.51727
00000       1633.15         48000  -3.93195e-05    1.6643e-05      -12.5009      -1.72007      0.980949     0.0190513   3.15599e-13      -4.88785      -5.48357
00000       1633.15         49000  -3.11487e-05  -1.70893e-05      -12.4983      -1.74362      0.981954     0.0180458   3.17503e-13      -4.82571      -5.45159
00000       1633.15         50000  -2.16426e-06   3.94982e-06      -12.4957      -1.76696      0.982898     0.0171017   3.19379e-13      -4.76404      -5.42133
00000       1633.15         51000  -2.49758e-06  -3.99112e-05      -12.4932      -1.79009      0.983785     0.0162148    3.2123e-13      -4.70282       -5.3928
00000       1633.15         52000  -7.97481e-07   4.56253e-07      -12.4907      -1.81302      0.984619      0.015381   3.23054e-13      -4.64203        -5.366
00000       1633.15         53000   3.28739e-05   9.32342e-06      -12.4883      -1.83575      0.985403     0.0145966   3.24854e-13      -4.58167      -5.34093
00000       1633.15         54000  -7.14956e-06  -4.84029e-06      -12.4859      -1.85829      0.986142     0.0138582   3.26631e-13      -4.52172      -5.31758
00000       1633.15         55000  -3.61595e-06   3.01012e-06      -12.4836      -1.88065      0.986837     0.0131628   3.28384e-13      -4.46216      -5.29596
00000       1633.15         56000  -3.91301e-06  -2.48686e-06      -12.4813      -1.90283      0.987493     0.0125075   3.30115e-13        -4.403      -5.27607
00000       1633.15         57000  -1.30484e-06  -2.37117e-06      -12.4791      -1.92484       0.98811     0.0118895   3.31825e-13      -4.34421       -5.2579
00000       1633.15         58000   1.49212e-06    6.8926e-06      -12.4769      -1.94667      0.988693     0.0113066   3.33514e-13      -4.28578      -5.24146
00000       1633.15         59000  -2.38294e-06   5.99625e-06      -12.4747      -1.96834      0.989244     0.0107563   3.35182e-13      -4.22771      -5.22674
00000       1633.15         60000   2.02597e-05   2.99606e-05      -12.4726      -1.98985      0.989763     0.0102365   3.36831e-13      -4.16999      -5.21376
00000       1633.15         61000   3.15205e-06   7.15302e-06      -12.4705       -2.0112      0.990255    0.00974548   3.38461e-13      -4.11261       -5.2025
00000       1633.15         62000   1.73833e-05  -2.84707e-06      -12.4684      -2.03239      0.990719    0.00928125   3.40072e-13      -4.05555      -5.19296
00000       1633.15         63000  -7.81624e-06   -6.1171e-06      -12.4664      -2.05344      0.991158    0.00884218   3.41665e-13      -3.99882      -5.18516
00000       1633.15         64000     0.0348034     0.0187677      -12.4644      -2.07434      0.991573    0.00842671   3.43239e-13       -3.9424      -5.17908
00000       1633.15         65000  -4.53745e-05    7.5993e-06      -12.4624       -2.0951      0.991967     0.0080334   3.44798e-13      -3.88628      -5.17472
00000       1633.15         66000   2.68766e-05   1.34878e-07      -12.4605      -2.11572      0.992339    0.00766091   3.46339e-13      -3.83047       -5.1721
00000       1633.15         67000  -1.49772e-05  -4.52693e-06      -12.4586       -2.1362      0.992692    0.00730798   3.47864e-13      -3.77494      -5.17119
00000       1633.15         68000  -4.47922e-05   1.72204e-05      -12.4567      -2.15655      0.993027    0.00697345   3.49372e-13       -3.7197      -5.17202
00000       1633.15         69000  -1.44705e-06   1.09755e-06      -12.4549      -2.17677      0.993344    0.00665623   3.50865e-13      -3.66474      -5.17457
00000       1633.15         70000   3.30194e-06  -1.90389e-06       -12.453      -2.19686      0.993645    0.00635529   3.52342e-13      -3.61005      -5.17885
00000       1633.15         71000   6.08085e-07  -1.51696e-06      -12.4512      -2.21683       0.99393    0.00606971   3.53805e-13      -3.55563      -5.18486
00000       1633.15         72000   4.56998e-06   1.21309e-05      -12.4495      -2.23668      0.994201    0.00579858   3.55252e-13      -3.50146       -5.1926
00000       1633.15         73000   1.36028e-05   1.35263e-05      -12.4477      -2.25641      0.994459    0.00554108   3.56685e-13      -3.44755      -5.20206
00000       1633.15         74000  -1.56361e-05  -2.23345e-05       -12.446      -2.27602      0.994704    0.00529645   3.58103e-13       -3.3939      -5.21324
00000       1633.15         75000  -1.91422e-05  -6.41205e-06      -12.4443      -2.29551      0.994936    0.00506395   3.59508e-13      -3.34048      -5.22616
00000       1633.15         76000  -4.06638e-06   -1.3619e-06      -12.4426      -2.31489      0.995157     0.0048429   3.60898e-13      -3.28731       -5.2408
00000       1633.15         77000   1.34043e-05  -2.13364e-05       -12.441      -2.33417      0.995367    0.00463267   3.62276e-13      -3.23437      -5.25716
00000       1633.15         78000  -4.84451e-07   1.65066e-06      -12.4393      -2.35333      0.995567    0.00443267   3.63639e-13      -3.18166      -5.27526
00000       1633.15         79000     8.479e-06   4.53287e-06      -12.4377      -2.37239      0.995758    0.00424234    3.6499e-13      -3.12918      -5.29508
00000       1633.15         80000   2.02027e-05    -2.121e-05      -12.4361      -2.39135      0.995939    0.00406114   3.66328e-13      -3.07692      -5.31663
00000       1633.15         81000   7.45853e-06   1.61039e-05      -12.4346      -2.41021      0.996111     0.0038886   3.67653e-13      -3.02488       -5.3399
00000       1633.15         82000  -1.17204e-06  -6.49644e-06       -12.433      -2.42896      0.996276    0.00372424   3.68966e-13      -2.97306       -5.3649
00000       1633.15         83000  -3.53154e-06  -1.08557e-05      -12.4315      -2.44762      0.996432    0.00356763   3.70266e-13      -2.92144      -5.39163
00000       1633.15         84000  -1.55538e-06   4.16469e-06        -12.43      -2.46618      0.996582    0.00341836   3.71554e-13      -2.87003      -5.42008
00000       1633.15         85000  -3.28969e-06  -6.09437e-06      -12.4285      -2.48465      0.996724    0.00327605   3.72831e-13      -2.81882      -5.45026
00000       1633.15         86000   6.51343e-06   9.47222e-06       -12.427      -2.50302       0.99686    0.00314034   3.74095e-13      -2.76781      -5.48217
00000       1633.15         87000   1.04993e-05   1.17494e-05      -12.4256      -2.52131      0.996989    0.00301087   3.75348e-13      -2.71699      -5.51581
00000       1633.15         88000  -1.45872e-07  -2.42439e-07      -12.4241       -2.5395      0.997113    0.00288734   3.76589e-13      -2.66637      -5.55117
00000       1633.15         89000  -7.82795e-07   9.02718e-06      -12.4227      -2.55761      0.997231    0.00276944   3.77819e-13      -2.61594      -5.58825
00000       1633.15         90000   6.98619e-06  -4.56908e-06      -12.4213      -2.57563      0.997343    0.00265688   3.79038e-13      -2.56569      -5.62707
00000       1633.15         91000   4.86998e-07  -1.88292e-05      -12.4199      -2.59356      0.997451    0.00254939   3.80245e-13      -2.51563      -5.66761
00000       1633.15         92000  -7.46806e-06   2.50619e-05      -12.4186      -2.61142      0.997553    0.00244672   3.81442e-13      -2.46575      -5.70988
00000       1633.15         93000  -1.74885e-06  -2.09595e-06      -12.4172      -2.62919      0.997651    0.00234863   3.82628e-13      -2.41604      -5.75387
00000       1633.15         94000   8.80597e-06   4.17031e-06      -12.4159      -2.64687      0.997745    0.00225489   3.83803e-13      -2.36651      -5.79959
00000       1633.15         95000  -1.63408e-05  -1.95324e-05      -12.4146      -2.66448      0.997835    0.00216529   3.84967e-13      -2.31715      -5.84704
00000       1633.15         96000  -3.59623e-06  -2.28903e-06      -12.4133      -2.68202       0.99792    0.00207962   3.86122e-13      -2.26796      -5.89622
00000       1633.15         97000   1.81393e-07  -2.64361e-07       -12.412      -2.69947      0.998002     0.0019977   3.87265e-13      -2.21893      -5.94712
00000       1633.15         98000   7.01524e-06   4.25399e-06      -12.4107      -2.71685      0.998081    0.00191934   3.88399e-13      -2.17007      -5.99975
00000       1633.15         99000  -4.72883e-07  -3.01659e-06      -12.4095      -2.73415      0.998156    0.00184437   3.89523e-13      -2.12137       -6.0541
00000       1633.15        100000   6.15521e-06   2.30923e-06      -12.4082      -2.75138      0.998227    0.00177262   3.90636e-13      -2.07284      -6.11018
00000       1633.15        101000  -1.17614e-06   1.01233e-05       -12.407      -2.76854      0.998296    0.00170396    3.9174e-13      -2.02445      -6.16799
00000       1633.15        102000   1.41584e-05   2.58611e-05      -12.4058      -2.78563      0.998362    0.00163822   3.92833e-13      -1.97622      -6.22753
00000       1633.15        103000  -2.49172e-06  -1.14814e-06      -12.4046      -2.80265      0.998425    0.00157527   3.93917e-13      -1.92815      -6.28879
00000       1633.15        104000    3.4049e-06   2.21577e-06      -12.4034      -2.81959      0.998485    0.00151498   3.94992e-13      -1.88022      -6.35178
00000       1633.15        105000   2.74919e-05   1.92181e-05      -12.4022      -2.83647      0.998543    0.00145722   3.96057e-13      -1.83245      -6.41649
00000       1633.15        106000   3.65515e-06  -2.67569e-06      -12.4011      -2.85329      0.998598    0.00140189   3.97112e-13      -1.78482      -6.48294
00000       1633.15        107000  -8.69629e-06  -4.59239e-06      -12.3999      -2.87003      0.998651    0.00134886   3.98158e-13      -1.73733       -6.5511
00000       1633.15        108000   2.30101e-06   1.48037e-06      -12.3988      -2.88671      0.998702    0.00129803   3.99195e-13      -1.68998        -6.621
00000       1633.15        109000  -5.06043e-09   1.78526e-06      -12.3977      -2.90333      0.998751    0.00124931   4.00222e-13      -1.64278      -6.69262
00000       1633.15        110000   1.48738e-06  -7.70396e-06      -12.3966      -2.91988      0.998797    0.00120258   4.01241e-13      -1.59572      -6.76597
00000       1633.15        111000  -1.04841e-06   1.56239e-05      -12.3955      -2.93638      0.998842    0.00115778    4.0225e-13      -1.54879      -6.84105
00000       1633.15        112000   1.34404e-05   2.00027e-05      -12.3944      -2.95281      0.998885    0.00111479   4.03251e-13      -1.50199      -6.91785
00000       1633.15        113000    2.0758e-05   1.61356e-06      -12.3934      -2.96917      0.998926    0.00107356   4.04242e-13      -1.45533      -6.99638
00000       1633.15        114000  -1.88984e-05  -6.56749e-06      -12.3923      -2.98548      0.998966    0.00103399   4.05225e-13       -1.4088      -7.07664
00000       1633.15        115000  -5.51725e-06  -4.01982e-06      -12.3913      -3.00173      0.999004   0.000996021   4.06199e-13      -1.36241      -7.15862
00000       1633.15        116000  -2.05517e-06  -1.15723e-06      -12.3902      -3.01792       0.99904   0.000959573   4.07164e-13      -1.31613      -7.24233
00000       1633.15        117000  -4.33906e-06  -2.10604e-06      -12.3892      -3.03406      0.999075   0.000924581   4.08121e-13      -1.26999      -7.32776
00000       1633.15        118000  -9.28747e-06   5.12781e-06      -12.3882      -3.05013      0.999109   0.000890981   4.09069e-13      -1.22397      -7.41493
00000       1633.15        119000  -8.30105e-06  -1.31933e-05      -12.3872      -3.06615      0.999141   0.000858714   4.10009e-13      -1.17808      -7.50382
00000       1633.15        120000  -3.96978e-05   3.51915e-06      -12.3862      -3.08212      0.999172   0.000827721    4.1094e-13       -1.1323      -7.59443
00000       1633.15        121000   2.73515e-06    2.5462e-06      -12.3852      -3.09803      0.999202   0.000797948   4.11863e-13      -1.08665      -7.68678
00000       1633.15        122000  -1.15009e-05  -4.67999e-05      -12.3843      -3.11388      0.999231   0.000769341   4.12778e-13      -1.04112      -7.78084
00000       1633.15        123000   -2.7877e-06  -1.16787e-06      -12.3833      -3.12968      0.999258   0.000741851   4.13685e-13     -0.995703      -7.87664
00000       1633.15        124000   1.45331e-05   2.10875e-05      -12.3824      -3.14543      0.999285   0.000715431   4.14583e-13     -0.950404      -7.97416
00000       1633.15        125000  -7.75957e-06  -1.72008e-05      -12.3815      -3.16113       0.99931   0.000690034   4.15473e-13     -0.905221      -8.07341
00000       1633.15        126000    1.1862e-06   3.01547e-06      -12.3805      -3.17678      0.999334   0.000665617   4.16356e-13     -0.860151      -8.17439
00000       1633.15        127000  -4.54176e-07   2.54381e-06      -12.3796      -3.19237      0.999358    0.00064214    4.1723e-13     -0.815195      -8.27709
00000       1633.15        128000  -2.32917e-06   9.74493e-06      -12.3787      -3.20791       0.99938   0.000619563   4.18096e-13     -0.770349      -8.38152
00000       1633.15        129000   1.07241e-05   -9.1255e-06      -12.3778      -3.22341      0.999402   0.000597848   4.18955e-13     -0.725614      -8.48768
00000       1633.15        130000   8.74617e-06  -3.38975e-06       -12.377      -3.23886      0.999423   0.000576959   4.19805e-13     -0.680987      -8.59557
00000       1633.15        131000  -6.40294e-06   4.93265e-06      -12.3761      -3.25425      0.999443   0.000556862   4.20648e-13     -0.636468      -8.70518
00000       1633.15        132000     -0.028358   -0.00552443      -12.3752       -3.2696      0.999462   0.000537525   4.21484e-13     -0.592055      -8.81651
00000       1633.15        133000  -1.06604e-06   4.49247e-07      -12.3744       -3.2849      0.999481   0.000518915   4.22311e-13     -0.547749      -8.92958
00000       1633.15        134000    -4.717e-07   -6.2941e-06      -12.3735      -3.30016      0.999499   0.000501004   4.23131e-13     -0.503547      -9.04437
00000       1633.15        135000   1.68355e-05    9.1253e-06      -12.3727      -3.31537      0.999516   0.000483763   4.23943e-13     -0.459448      -9.16088
00000       1633.15        136000  -5.18715e-06  -7.11111e-06      -12.3719      -3.33053      0.999533   0.000467165   4.24748e-13      -0.41545      -9.27913
00000       1633.15        137000   6.93894e-07   4.02599e-06      -12.3711      -3.34565      0.999549   0.000451183   4.25546e-13     -0.371554       -9.3991
00000       1633.15        138000   1.72615e-06   6.03465e-06      -12.3702      -3.36072      0.999564   0.000435793   4.26336e-13     -0.327758       -9.5208
00000       1633.15        139000   2.55987e-06   3.33473e-06      -12.3695      -3.37575      0.999579    0.00042097   4.27119e-13     -0.284061      -9.64422
00000       1633.15        140000     0.0134639    0.00451239      -12.3687      -3.39073      0.999593   0.000406693   4.27894e-13     -0.240462      -9.76937
00000       1633.15        141000  -5.03373e-06  -1.51586e-06      -12.3679      -3.40567      0.999607    0.00039294   4.28662e-13      -0.19696      -9.89625
00000       1633.15        142000   2.51168e-05   9.57547e-06      -12.3671      -3.42057       0.99962   0.000379689   4.29423e-13     -0.153554      -10.0249
00000       1633.15        143000  -2.39711e-06  -9.18779e-07      -12.3664      -3.43543      0.999633   0.000366921   4.30177e-13     -0.110243      -10.1552
00000       1633.15        144000  -1.31704e-05  -2.75782e-05      -12.3656      -3.45024      0.999645   0.000354616   4.30923e-13     -0.067026      -10.2872
00000       1633.15        145000   -8.5264e-07    1.5348e-05      -12.3649      -3.46501      0.999657   0.000342757   4.31663e-13    -0.0239023       -10.421
00000       1633.15        146000   2.43344e-05   7.20276e-07      -12.3641      -3.47974      0.999669   0.000331326   4.32396e-13     0.0191289      -10.5565
00000       1633.15        147000  -2.68195e-06  -7.26606e-07      -12.3634      -3.49443       0.99968   0.000320306   4.33121e-13     0.0620688      -10.6938
00000       1633.15        148000  -7.74255e-06   1.81725e-05      -12.3627      -3.50908       0.99969   0.000309681    4.3384e-13      0.104918      -10.8327
00000       1633.15        149000  -3.77567e-06   1.77571e-06       -12.362      -3.52369      0.999701   0.000299437   4.34551e-13      0.147678      -10.9734
00000       1633.15        150000   1.33847e-05  -4.36373e-06      -12.3613      -3.53827       0.99971   0.000289557   4.35256e-13      0.190348      -11.1158
00000       1633.15        151000  -8.70922e-06  -1.59135e-06      -12.3606       -3.5528       0.99972   0.000280029   4.35954e-13      0.232931        -11.26
00000       1633.15        152000  -5.34335e-06   6.80939e-06      -12.3599      -3.56729      0.999729   0.000270838   4.36645e-13      0.275427      -11.4059
00000       1633.15        153000  -3.31519e-06  -1.44081e-06      -12.3592      -3.58174      0.999738   0.000261972    4.3733e-13      0.317836      -11.5535
00000       1633.15        154000  -1.28026e-05  -3.60463e-06      -12.3585      -3.59616      0.999747   0.000253419   4.38007e-13      0.360159      -11.7028
00000       1633.15        155000   5.38572e-06   2.15539e-05      -12.3579      -3.61054      0.999755   0.000245166   4.38678e-13      0.402398      -11.8538
00000       1633.15        156000   3.90076e-06   7.24761e-06      -12.3572      -3.62488      0.999763   0.000237202   4.39343e-13      0.444552      -12.0066
00000       1633.15        157000   7.51954e-06   2.87004e-05      -12.3565      -3.63919       0.99977   0.000229516       4.4e-13      0.486624      -12.1611
00000       1633.15        158000  -4.14743e-06  -9.65854e-07      -12.3559      -3.65346      0.999778   0.000222098   4.40652e-13      0.528612      -12.3174
00000       1633.15        159000  -5.19092e-06   1.86461e-06      -12.3553      -3.66769      0.999785   0.000214937   4.41296e-13      0.570519      -12.4753
00000       1633.15        160000   8.78669e-06   -5.1371e-06      -12.3546      -3.68188      0.999792   0.000208025   4.41935e-13      0.612345       -12.635
00000       1633.15        161000  -4.65647e-07   -1.7391e-07       -12.354      -3.69605      0.999799   0.000201351   4.42567e-13       0.65409      -12.7964
00000       1633.15        162000   4.57163e-07  -1.79873e-06      -12.3534      -3.71017      0.999805   0.000194907   4.43192e-13      0.695756      -12.9595
00000       1633.15        163000   1.24676e-06   3.51512e-06      -12.3528      -3.72426      0.999811   0.000188685   4.43811e-13      0.737342      -13.1244
00000       1633.15        164000    -0.0253566    -0.0159997      -12.3522      -3.73832      0.999817   0.000182675   4.44425e-13      0.778851       -13.291
00000       1633.15        165000   1.94255e-06   2.36099e-06      -12.3516      -3.75234      0.999823   0.000176871    4.4503e-13      0.820281      -13.4593
00000       1633.15        166000  -9.01101e-06   4.64756e-06       -12.351      -3.76633      0.999829   0.000171265    4.4563e-13      0.861635      -13.6294
00000       1633.15        167000  -6.63985e-06  -5.15794e-06      -12.3504      -3.78029      0.999834   0.000165849   4.46224e-13      0.902912      -13.8011
00000       1633.15        168000  -3.59723e-06  -4.53557e-06      -12.3499      -3.79421      0.999839   0.000160617   4.46812e-13      0.944113      -13.9746
00000       1633.15        169000  -2.75511e-06   -2.6354e-06      -12.3493       -3.8081      0.999844   0.000155562   4.47394e-13       0.98524      -14.1499
00000       1633.15        170000     0.0238601      0.013436      -12.3488      -3.82195      0.999849   0.000150677   4.47968e-13       1.02629      -14.3268
00000       1633.15        171000    -1.219e-06   -1.3008e-06      -12.3482      -3.83578      0.999854   0.000145956   4.48538e-13       1.06727      -14.5055
00000       1633.15        172000  -2.07827e-05  -1.78428e-05      -12.3477      -3.84957      0.999859   0.000141394   4.49102e-13       1.10817      -14.6859
00000       1633.15        173000    3.4426e-06   4.19391e-06      -12.3471      -3.86333      0.999863   0.000136984   4.49659e-13       1.14901       -14.868
00000       1633.15        174000  -5.62148e-06  -3.50371e-06      -12.3466      -3.87706      0.999867   0.000132722    4.5021e-13       1.18977      -15.0519
00000       1633.15        175000  -6.13384e-06  -8.57253e-08      -12.3461      -3.89076      0.999871   0.000128601   4.50755e-13       1.23045      -15.2375
00000       1633.15        176000  -1.76892e-06  -7.34115e-07      -12.3455      -3.90442      0.999875   0.000124617   4.51295e-13       1.27107      -15.4248
00000       1633.15        177000  -4.50852e-06  -2.04951e-06       -12.345      -3.91806      0.999879   0.000120765   4.51828e-13       1.31162      -15.6138
00000       1633.15        178000  -5.39061e-07  -3.03304e-06      -12.3445      -3.93166      0.999883   0.000117041   4.52356e-13        1.3521      -15.8046
00000       1633.15        179000  -7.26506e-06   9.61588e-06       -12.344      -3.94524      0.999887   0.000113439   4.52878e-13        1.3925      -15.9971
00000       1633.15        180000  -1.34807e-06  -2.37873e-06      -12.3435      -3.95878       0.99989   0.000109956   4.53394e-13       1.43284      -16.1913
00000       1633.15        181000   -1.2162e-05   2.72889e-06       -12.343       -3.9723      0.999893   0.000106586   4.53904e-13       1.47311      -16.3873
00000       1633.15        182000  -1.21727e-05  -1.02775e-05      -12.3426      -3.98578      0.999897   0.000103328   4.54409e-13       1.51332      -16.5849
00000       1633.15        183000   1.36333e-05    -2.227e-05      -12.3421      -3.99924        0.9999   0.000100175   4.54907e-13       1.55345      -16.7843
00000       1633.15        184000  -1.26587e-05  -1.41318e-05      -12.3416      -4.01267      0.999903   9.71251e-05     4.554e-13       1.59352      -16.9855
00000       1633.15        185000   4.47608e-06  -1.05534e-05      -12.3411      -4.02607      0.999906   9.41743e-05   4.55888e-13       1.63353      -17.1883
00000       1633.15        186000  -1.97746e-05  -1.03776e-06      -12.3407      -4.03944      0.999909   9.13192e-05    4.5637e-13       1.67346      -17.3929
00000       1633.15        187000  -9.29969e-07  -3.98955e-07      -12.3402      -4.05278      0.999911   8.85564e-05   4.56846e-13       1.71334      -17.5992
00000       1633.15        188000   2.85351e-06   5.39192e-07      -12.3398      -4.06609      0.999914   8.58827e-05   4.57317e-13       1.75314      -17.8072
00000       1633.15        189000  -1.16273e-06  -1.85845e-05      -12.3393      -4.07938      0.999917   8.32951e-05   4.57782e-13       1.79289       -18.017
00000       1633.15        190000   1.56929e-06  -5.62622e-06      -12.3389      -4.09264      0.999919   8.07905e-05   4.58241e-13       1.83257      -18.2285
00000       1633.15        191000  -4.73374e-06   6.75018e-06      -12.3385      -4.10587      0.999922   7.83663e-05   4.58696e-13       1.87218      -18.4417
00000       1633.15        192000   2.64821e-05   1.57056e-05      -12.3381      -4.11908      0.999924   7.60195e-05   4.59144e-13       1.91174      -18.6566
00000       1633.15        193000  -7.93079e-08    1.5003e-07      -12.3376      -4.13225      0.999926   7.37475e-05   4.59588e-13       1.95123      -18.8733
00000       1633.15        194000  -1.55033e-05  -1.02638e-05      -12.3372       -4.1454      0.999928   7.15479e-05   4.60025e-13       1.99066      -19.0917
00000       1633.15        195000   6.40593e-06    3.4242e-06      -12.3368      -4.15853      0.999931   6.94181e-05   4.60458e-13       2.03002      -19.3118
00000       1633.15        196000   -1.3481e-05  -3.81193e-06      -12.3364      -4.17162      0.999933   6.73559e-05   4.60885e-13       2.06933      -19.5337
00000       1633.15        197000  -8.57285e-06  -6.30769e-06       -12.336       -4.1847      0.999935   6.53588e-05   4.61307e-13       2.10858      -19.7572
00000       1633.15        198000   6.57044e-06   2.30578e-05      -12.3356      -4.19774      0.999937   6.34247e-05   4.61724e-13       2.14776      -19.9825
00000       1633.15        199000   -1.7852e-06   7.87069e-07      -12.3352      -4.21076      0.999938   6.15515e-05   4.62135e-13       2.18689      -20.2096
00000       1633.15        200000  -7.10861e-07   2.97907e-07      -12.3348      -4.22376       0.99994   5.97371e-05   4.62541e-13       2.22596      -20.4383
00000       1633.15        201000   2.00076e-06  -8.79285e-07      -12.3345      -4.23672      0.999942   5.79796e-05   4.62942e-13       2.26496      -20.6688
00000       1633.15        202000  -3.04034e-05   1.22936e-05      -12.3341      -4.24967      0.999944    5.6277e-05   4.63338e-13       2.30391       -20.901
00000       1633.15        203000   9.01918e-06  -2.49383e-06      -12.3337      -4.26259      0.999945   5.46276e-05   4.63729e-13        2.3428      -21.1349
00000       1633.15        204000  -3.03767e-06  -3.40212e-06      -12.3334      -4.27548      0.999947   5.30296e-05   4.64114e-13       2.38164      -21.3706
00000       1633.15        205000     -0.022921    -0.0232934       -12.333      -4.28835      0.999949   5.14812e-05   4.64496e-13       2.42041       -21.608
00000       1633.15        206000   1.69165e-06  -1.70791e-06      -12.3327       -4.3012       0.99995   4.99809e-05    4.6487e-13       2.45913      -21.8471
00000       1633.15        207000  -5.35278e-07  -1.10609e-07      -12.3323      -4.31402      0.999951    4.8527e-05    4.6524e-13        2.4978       -22.088
00000       1633.15        208000   4.93899e-05   1.86821e-05       -12.332      -4.32681      0.999953    4.7118e-05   4.65606e-13        2.5364      -22.3305
00000       1633.15        209000  -2.60972e-05  -4.20589e-05      -12.3316      -4.33959      0.999954   4.57524e-05   4.65966e-13       2.57495      -22.5748
00000       1633.15        210000   8.45193e-06   8.21157e-06      -12.3313      -4.35234      0.999956   4.44288e-05   4.66322e-13       2.61345      -22.8208
00000       1633.15        211000  -7.76145e-06   4.40038e-06       -12.331      -4.36506      0.999957   4.31459e-05   4.66672e-13       2.65189      -23.0686
00000       1633.15        212000     0.0250265    0.00940208      -12.3307      -4.37776      0.999958   4.19022e-05   4.67017e-13       2.69027      -23.3181
00000       1633.15        213000   9.88552e-06   1.08441e-06      -12.3304      -4.39044      0.999959   4.06966e-05   4.67358e-13        2.7286      -23.5693
00000       1633.15        214000   1.47391e-05   3.31996e-05        -12.33       -4.4031       0.99996   3.95278e-05   4.67694e-13       2.76688      -23.8222
00000       1633.15        215000   1.40516e-05   1.92318e-05      -12.3297      -4.41573      0.999962   3.83946e-05   4.68025e-13        2.8051      -24.0768
00000       1633.15        216000  -1.18151e-06  -2.41175e-06      -12.3294      -4.42834      0.999963   3.72958e-05   4.68351e-13       2.84327      -24.3332
00000       1633.15        217000  -5.52493e-07  -4.06741e-07      -12.3291      -4.44093      0.999964   3.62303e-05   4.68672e-13       2.88139      -24.5913
00000       1633.15        218000   8.20728e-08   6.40252e-06      -12.3288      -4.45349      0.999965   3.51971e-05   4.68989e-13       2.91946      -24.8512
00000       1633.15        219000   8.15321e-06   6.70626e-06      -12.3285      -4.46604      0.999966   3.41952e-05   4.69301e-13       2.95747      -25.1127
00000       1633.15        220000  -7.00369e-07  -2.76965e-06      -12.3283      -4.47856      0.999967   3.32234e-05   4.69608e-13       2.99543       -25.376
00000       1633.15        221000  -2.82191e-07  -1.06992e-06       -12.328      -4.49105      0.999968   3.22809e-05    4.6991e-13       3.03334       -25.641
00000       1633.15        222000     0.0203498    0.00112788      -12.3277      -4.50353      0.999969   3.13667e-05   4.70207e-13       3.07119      -25.9078
00000       1633.15        223000  -1.87042e-05   1.25563e-05      -12.3274      -4.51599       0.99997   3.04799e-05   4.70501e-13         3.109      -26.1762
00000       1633.15        224000  -2.96403e-05  -3.93367e-07      -12.3272      -4.52842       0.99997   2.96196e-05   4.70789e-13       3.14675      -26.4464
00000       1633.15        225000   2.40165e-07   1.69413e-06      -12.3269      -4.54083      0.999971   2.87851e-05   4.71073e-13       3.18446      -26.7184
00000       1633.15        226000   5.11853e-06  -4.46622e-06      -12.3267      -4.55322      0.999972   2.79754e-05   4.71353e-13       3.22211       -26.992
00000       1633.15        227000   4.69643e-06  -2.16716e-06      -12.3264      -4.56559      0.999973   2.71898e-05   4.71627e-13       3.25972      -27.2674
00000       1633.15        228000    -0.0215621    -0.0238363      -12.3262      -4.57794      0.999974   2.64276e-05   4.71898e-13       3.29728      -27.5445
00000       1633.15        229000  -3.87135e-06  -1.72514e-05      -12.3259      -4.59027      0.999974    2.5688e-05   4.72163e-13       3.33478      -27.8233
00000       1633.15        230000   2.30793e-06   3.41378e-06      -12.3257      -4.60258      0.999975   2.49702e-05   4.72424e-13       3.37224      -28.1039
00000       1633.15        231000    -0.0104627  -0.000577668      -12.3254      -4.61486      0.999976   2.42737e-05   4.72682e-13       3.40965      -28.3862
00000       1633.15        232000    -0.0154841    -0.0215101      -12.3252      -4.62713      0.999976   2.35977e-05   4.72934e-13       3.44701      -28.6702
00000       1633.15        233000   8.73115e-07  -3.69325e-06       -12.325      -4.63938      0.999977   2.29416e-05   4.73181e-13       3.48432      -28.9559
00000       1633.15        234000  -5.58233e-06   1.23745e-06      -12.3247       -4.6516      0.999978   2.23048e-05   4.73425e-13       3.52159      -29.2434
00000       1633.15        235000   2.38717e-06   7.74207e-06      -12.3245      -4.66381      0.999978   2.16866e-05   4.73664e-13        3.5588      -29.5326
00000       1633.15        236000     0.0260616     0.0139817      -12.3243      -4.67599      0.999979   2.10866e-05   4.73898e-13       3.59597      -29.8235
00000       1633.15        237000   1.70719e-06  -2.89945e-06      -12.3241      -4.68816      0.999979   2.05041e-05   4.74129e-13        3.6331      -30.1161
00000       1633.15        238000   5.30038e-06  -1.19669e-05      -12.3239      -4.70031       0.99998   1.99385e-05   4.74355e-13       3.67017      -30.4105
00000       1633.15        239000   4.07337e-07  -6.73067e-06      -12.3237      -4.71243      0.999981   1.93895e-05   4.74577e-13        3.7072      -30.7066
00000       1633.15        240000  -7.86209e-06  -9.18309e-06      -12.3235      -4.72454      0.999981   1.88564e-05   4.74795e-13       3.74419      -31.0044
00000       1633.15        241000  -4.70027e-07   5.85581e-06      -12.3233      -4.73663      0.999982   1.83388e-05   4.75008e-13       3.78113       -31.304
00000       1633.15        242000  -2.48641e-06  -2.16285e-07      -12.3231       -4.7487      0.999982   1.78362e-05   4.75217e-13       3.81802      -31.6052
00000       1633.15        243000   -0.00870668    -0.0121035      -12.3229      -4.76075      0.999983   1.73481e-05   4.75422e-13       3.85487      -31.9082
00000       1633.15        244000     0.0160965    0.00263826      -12.3227      -4.77278      0.999983   1.68741e-05   4.75622e-13       3.89167       -32.213
00000       1633.15        245000  -7.89526e-06   7.20701e-06      -12.3226      -4.78479      0.999984   1.64138e-05   4.75819e-13       3.92843      -32.5194
00000       1633.15        246000   4.81633e-06  -2.95279e-06      -12.3224      -4.79678      0.999984   1.59667e-05   4.76012e-13       3.96514      -32.8276
00000       1633.15        247000  -5.78439e-08   2.69737e-06      -12.3222      -4.80876      0.999984   1.55325e-05     4.762e-13       4.00181      -33.1375
00000       1633.15        248000    -0.0178367    -0.0172575       -12.322      -4.82072      0.999985   1.51107e-05   4.76385e-13       4.03844      -33.4492
00000       1633.15        249000  -8.76789e-06  -4.06003e-06      -12.3219      -4.83265      0.999985    1.4701e-05   4.76565e-13       4.07502      -33.7625
00000       1633.15        250000  -2.54494e-06  -6.32237e-07      -12.3217      -4.84457      0.999986    1.4303e-05   4.76741e-13       4.11155      -34.0776
00000       1633.15        251000  -2.90893e-07   2.29088e-06      -12.3216      -4.85647      0.999986   1.39163e-05   4.76913e-13       4.14805      -34.3944
00000       1633.15        252000   -1.0599e-06   3.14153e-06      -12.3214      -4.86836      0.999986   1.35407e-05   4.77081e-13        4.1845       -34.713
00000       1633.15        253000  -2.13189e-05  -4.07442e-05      -12.3213      -4.88022      0.999987   1.31758e-05   4.77245e-13       4.22091      -35.0332
00000       1633.15        254000   1.00098e-06    5.3222e-06      -12.3211      -4.89207      0.999987   1.28212e-05   4.77405e-13       4.25727      -35.3552
00000       1633.15        255000    0.00674959    -0.0103502       -12.321       -4.9039      0.999988   1.24767e-05   4.77561e-13        4.2936       -35.679
00000       1633.15        256000   4.96862e-06   1.53667e-06      -12.3208      -4.91571      0.999988   1.21419e-05   4.77713e-13       4.32988      -36.0044
00000       1633.15        257000  -4.26441e-06  -3.34659e-06      -12.3207      -4.92751      0.999988   1.18166e-05   4.77861e-13       4.36612      -36.3316
00000       1633.15        258000    2.8881e-05   1.08002e-05      -12.3206      -4.93929      0.999988   1.15004e-05   4.78006e-13       4.40232      -36.6605
00000       1633.15        259000     0.0254819     0.0104126      -12.3204      -4.95105      0.999989   1.11932e-05   4.78145e-13       4.43847      -36.9911
00000       1633.15        260000   8.55797e-06   4.99611e-07      -12.3203      -4.96279      0.999989   1.08946e-05   4.78283e-13       4.47459      -37.3235
00000       1633.15        261000   1.06883e-05   2.29858e-05      -12.3202      -4.97451      0.999989   1.06044e-05   4.78416e-13       4.51066      -37.6576
00000       1633.15        262000  -5.10052e-06   9.99594e-06      -12.3201      -4.98622       0.99999   1.03223e-05   4.78545e-13       4.54669      -37.9934
00000       1633.15        263000  -3.18904e-06  -3.82337e-06        -12.32      -4.99791       0.99999   1.00481e-05    4.7867e-13       4.58269      -38.3309
00000       1633.15        264000  -7.81802e-07  -5.64202e-06      -12.3199      -5.00959       0.99999   9.78162e-06   4.78791e-13       4.61864      -38.6702
00000       1633.15        265000  -4.87192e-06   1.53347e-06      -12.3197      -5.02125       0.99999   9.52254e-06   4.78909e-13       4.65455      -39.0112
00000       1633.15        266000   3.07505e-06  -1.44392e-05      -12.3196      -5.03289      0.999991   9.27067e-06   4.79023e-13       4.69042      -39.3539
00000       1633.15        267000   1.17764e-06  -2.35872e-07      -12.3195      -5.04451      0.999991   9.02581e-06   4.79133e-13       4.72625      -39.6983
00000       1633.15        268000  -2.58884e-06   -7.7096e-08      -12.3194      -5.05612      0.999991   8.78775e-06   4.79239e-13       4.76205      -40.0445
00000       1633.15        269000   6.03485e-06   2.95065e-06      -12.3194      -5.06771      0.999991    8.5563e-06   4.79342e-13        4.7978      -40.3924
00000       1633.15        270000  -2.29641e-06   5.68689e-08      -12.3193      -5.07929      0.999992   8.33125e-06   4.79441e-13       4.83351       -40.742
00000       1633.15        271000  -8.79251e-06  -6.09714e-06      -12.3192      -5.09085      0.999992   8.11242e-06   4.79537e-13       4.86919      -41.0934
00000       1633.15        272000  -2.32816e-07    2.9024e-05      -12.3191      -5.10239      0.999992   7.89964e-06   4.79629e-13       4.90482      -41.4465
00000       1633.15        273000  -2.32112e-06    9.8403e-07       -12.319      -5.11392      0.999992   7.69271e-06   4.79717e-13       4.94042      -41.8013
00000       1633.15        274000   -1.8019e-05  -8.24762e-06      -12.3189      -5.12543      0.999993   7.49149e-06   4.79801e-13       4.97598      -42.1578
00000       1633.15        275000   1.12202e-05  -1.81921e-06      -12.3189      -5.13693      0.999993   7.29579e-06   4.79882e-13        5.0115      -42.5161
00000       1633.15        276000  -1.46552e-05  -2.50372e-05      -12.3188      -5.14841      0.999993   7.10546e-06    4.7996e-13       5.04698       -42.876
00000       1633.15        277000     0.0137216     0.0195602      -12.3187      -5.15987      0.999993   6.92036e-06   4.80033e-13       5.08243      -43.2378
00000       1633.15        278000   -0.00145908    -0.0163077      -12.3187      -5.17132      0.999993    6.7403e-06   4.80104e-13       5.11784      -43.6012
00000       1633.15        279000    -7.511e-06   3.18512e-07      -12.3186      -5.18275      0.999993   6.56518e-06   4.80171e-13       5.15321      -43.9664
00000       1633.15        280000  -9.86882e-06    6.3873e-06      -12.3185      -5.19417      0.999994   6.39483e-06   4.80235e-13       5.18854      -44.3332
00000       1633.15        281000  -1.36356e-06   1.80196e-06      -12.3185      -5.20557      0.999994   6.22911e-06   4.80295e-13       5.22384      -44.7019
00000       1633.15        282000  -1.18451e-06   9.97316e-07      -12.3184      -5.21696      0.999994   6.06791e-06   4.80351e-13       5.25909      -45.0722
00000       1633.15        283000  -1.88466e-06  -9.63014e-06      -12.3184      -5.22833      0.999994   5.91109e-06   4.80404e-13       5.29432      -45.4443
00000       1633.15        284000   5.95194e-06   7.23393e-06      -12.3183      -5.23969      0.999994   5.75851e-06   4.80454e-13        5.3295      -45.8181
00000       1633.15        285000    -0.0181256    0.00493899      -12.3183      -5.25103      0.999994   5.61008e-06   4.80501e-13       5.36465      -46.1936
00000       1633.15        286000   7.47589e-06   7.05758e-06      -12.3183      -5.26236      0.999995   5.46565e-06   4.80543e-13       5.39977      -46.5709
00000       1633.15        287000     0.0135409   -0.00566734      -12.3182      -5.27367      0.999995   5.32512e-06   4.80582e-13       5.43484      -46.9498
00000       1633.15        288000   1.29026e-06  -3.63943e-08      -12.3182      -5.28497      0.999995   5.18839e-06   4.80619e-13       5.46988      -47.3305
00000       1633.15        289000  -2.61547e-06  -1.98762e-06      -12.3182      -5.29625      0.999995   5.05533e-06   4.80652e-13       5.50489       -47.713
00000       1633.15        290000     0.0321734     0.0275323      -12.3181      -5.30752      0.999995   4.92586e-06    4.8068e-13       5.53986      -48.0971
00000       1633.15        291000  -3.59141e-07  -4.50586e-07      -12.3181      -5.31877      0.999995   4.79986e-06   4.80708e-13       5.57479       -48.483
00000       1633.15        292000   3.50634e-06   8.83883e-07      -12.3181      -5.33001      0.999995   4.67724e-06   4.80731e-13       5.60969      -48.8706
00000       1633.15        293000   3.76345e-06  -1.82331e-06      -12.3181      -5.34123      0.999995   4.55791e-06    4.8075e-13       5.64456        -49.26
00000       1633.15        294000   7.08562e-07   -1.8173e-06      -12.3181      -5.35244      0.999996   4.44176e-06   4.80767e-13       5.67939       -49.651
00000       1633.15        295000  -9.07312e-08   1.65429e-06      -12.3181      -5.36364      0.999996   4.32872e-06    4.8078e-13       5.71418      -50.0438
00000       1633.15        296000  -3.05678e-06    8.8611e-06       -12.318      -5.37482      0.999996   4.21869e-06    4.8079e-13       5.74894      -50.4384
00000       1633.15        297000    -0.0171256    -0.0250666       -12.318      -5.38599      0.999996   4.11159e-06   4.80797e-13       5.78367      -50.8346
00000       1633.15        298000    -0.0332267    -0.0330958       -12.318      -5.39714      0.999996   4.00734e-06   4.80802e-13       5.81836      -51.2326
00000       1633.15        299000  -1.04823e-06   1.68055e-05       -12.318      -5.40828      0.999996   3.90587e-06   4.80801e-13       5.85302      -51.6323
00000       1633.15        300000  -0.000825568   -0.00179394       -12.318      -5.41941      0.999996   3.80708e-06   4.80798e-13       5.88764      -52.0337

