00000       1633.15          1000  -0.000468165  -8.11314e-05  -7.05462e-05  -9.36833e-05      0.102591     0.0149836      0.242997      0.237351   3.28936e-15      0.402077      -11.4083      -8.93443
00000       1633.15          2000   -0.00338504  -8.13374e-05   2.31504e-05   0.000310502      0.144626     0.0263832      0.299603      0.207082   5.85139e-15      0.322305      -10.7854      -8.82129
00000       1633.15          3000  -3.70171e-06  -1.95775e-06   5.04493e-06   5.20347e-07      0.184316      0.037984      0.315423      0.190208   8.54844e-15      0.272069      -10.3719      -8.70988
00000       1633.15          4000   -0.00327405   -0.00119847    0.00453828   0.000846225      0.225957     0.0505796       0.31046      0.179267   1.15572e-14      0.233736      -10.0423      -8.60019
00000       1633.15          5000   -0.00162504   0.000926469  -0.000956994   0.000751544       0.27054     0.0644898       0.29196      0.171523   1.49462e-14      0.201486      -9.75919      -8.49224
00000       1633.15          6000  -0.000488902  -0.000283188    0.00043429   0.000217928      0.312552     0.0809947      0.277126      0.159963     1.866e-14      0.169364      -9.48753      -8.38601
00000       1633.15          7000  -0.000344576  -5.35591e-05   -0.00112502  -0.000511376      0.366158      0.102532      0.243665       0.14958   2.31477e-14      0.138065        -9.229       -8.2815
00000       1633.15          8000   6.12009e-05   0.000336843   0.000221626   0.000218809      0.425067      0.128352      0.198982      0.138654   2.81378e-14      0.108945      -8.98515      -8.17873
00000       1633.15          9000  -0.000182068  -4.24959e-05   -0.00013363  -0.000187448      0.479261      0.155285      0.154479      0.126555   3.30036e-14     0.0844198       -8.7631      -8.07768
00000       1633.15         10000   6.36665e-05  -6.52205e-05   0.000114409    7.1106e-05      0.522373      0.179979       0.11804      0.114007   3.72335e-14     0.0655998      -8.56641      -7.97835
00000       1633.15         11000   3.11909e-05   4.52945e-05    2.2847e-05  -5.87995e-05      0.554362      0.201056      0.090835      0.101999   4.07113e-14     0.0517476      -8.39245      -7.88076
00000       1633.15         12000   4.09365e-05   1.25484e-05   6.45365e-05  -7.89323e-05      0.577767      0.218599     0.0709992      0.091068   4.35389e-14     0.0415671      -8.23647      -7.78489
00000       1633.15         13000  -1.32441e-06   4.41731e-07   5.02442e-06   6.09402e-06      0.595071      0.233156     0.0564433     0.0813625   4.58563e-14     0.0339671      -8.09432      -7.69074
00000       1633.15         14000  -1.22518e-05  -1.23067e-05   2.74835e-06  -7.22799e-06        0.6081      0.245303     0.0455841     0.0728355   4.77821e-14     0.0281777      -7.96289      -7.59833
00000       1633.15         15000   1.18989e-05   4.40044e-06   9.39157e-06   1.71022e-05        0.6181       0.25552     0.0373309     0.0653693   4.94056e-14      0.023679      -7.83995      -7.50764
00000       1633.15         16000    3.3815e-08   6.52679e-07   1.30728e-06  -9.15054e-07      0.625916      0.264188      0.030946     0.0588305   5.07923e-14     0.0201199      -7.72386      -7.41867
00000       1633.15         17000  -1.01759e-06  -1.68406e-06  -2.77831e-06   6.97793e-07      0.632124      0.271599     0.0259261     0.0530923   5.19907e-14     0.0172589      -7.61345      -7.33144
00000       1633.15         18000  -2.14077e-07  -1.91397e-06   6.75158e-06   1.46017e-06      0.637125      0.277983     0.0219225     0.0480425    5.3037e-14      0.014927      -7.50781      -7.24593
00000       1633.15         19000  -1.94598e-06  -2.04609e-06   3.00598e-06   3.24135e-06      0.641205       0.28352     0.0186885     0.0435842   5.39584e-14     0.0130031      -7.40623      -7.16214
00000       1633.15         20000   -0.00156645    0.00362367   -0.00535497   -0.00260218       0.64457      0.288349     0.0160467     0.0396353   5.47763e-14     0.0113989      -7.30819      -7.08009
00000       1633.15         21000   9.92419e-07     3.104e-07  -4.62311e-06  -2.22417e-06      0.647373      0.292585      0.013867      0.036126   5.55072e-14     0.0100485      -7.21323      -6.99976
00000       1633.15         22000   1.41832e-06   8.33446e-07  -4.14575e-06  -2.46929e-06      0.649729      0.296318     0.0120525     0.0329977   5.61642e-14    0.00890235        -7.121      -6.92116
00000       1633.15         23000    0.00257317   -0.00037982  -0.000558902   0.000572372      0.651724      0.299623     0.0105298     0.0302007    5.6758e-14    0.00792228      -7.03121      -6.84428
00000       1633.15         24000   0.000483163    0.00286284    0.00418485     0.0047693      0.653426       0.30256    0.00924289     0.0276926   5.72971e-14    0.00707864      -6.94362      -6.76913
00000       1633.15         25000   0.000509609    0.00105126   -0.00250713   -0.00244527      0.654887       0.30518    0.00814808     0.0254376   5.77886e-14    0.00634807      -6.85801      -6.69571
00000       1633.15         26000   -0.00130527   0.000274109    0.00348263   -0.00126943      0.656147      0.307525    0.00721117      0.023405   5.82385e-14    0.00571197      -6.77422      -6.62401
00000       1633.15         27000   0.000497044   0.000636191  -0.000978678  -0.000418567      0.657241       0.30963    0.00640505     0.0215686   5.86515e-14    0.00515539      -6.69208      -6.55404
00000       1633.15         28000  -0.000278463    0.00143541   -0.00176876    0.00188585      0.658195      0.311525    0.00570802     0.0199055    5.9032e-14    0.00466618      -6.61147       -6.4858
00000       1633.15         29000   -0.00269291  -0.000699787   7.99094e-05   0.000482946      0.659031      0.313236    0.00510256     0.0183963   5.93834e-14    0.00423442      -6.53228      -6.41929
00000       1633.15         30000    0.00167095  -3.14443e-05    0.00122356    0.00119893      0.659765      0.314785    0.00457442      0.017024   5.97087e-14    0.00385191       -6.4544       -6.3545
00000       1633.15         31000   0.000618919  -3.12708e-05  -7.22729e-05  -0.000150013      0.660414      0.316189    0.00411193     0.0157737   6.00106e-14    0.00351182      -6.37774      -6.29143
00000       1633.15         32000  -0.000329559  -6.66524e-05    -0.0011785  -0.000711184      0.660988      0.317466    0.00370545     0.0146327   6.02912e-14    0.00320848      -6.30223       -6.2301
00000       1633.15         33000  -0.000591977    0.00042002  -0.000536602  -0.000333728      0.661498      0.318628    0.00334699     0.0135895   6.05526e-14     0.0029371      -6.22779      -6.17049
00000       1633.15         34000   0.000304267   0.000382161   0.000337105   0.000537766      0.661953      0.319689    0.00302988     0.0126343   6.07964e-14    0.00269361      -6.15436      -6.11261
00000       1633.15         35000   0.000978521    0.00021653   0.000888148  -0.000169945       0.66236      0.320659    0.00274851     0.0117582   6.10241e-14    0.00247459      -6.08188      -6.05645
00000       1633.15         36000  -0.000208544   0.000378897  -0.000199326   0.000535966      0.662724      0.321547    0.00249817     0.0109537    6.1237e-14    0.00227707       -6.0103      -6.00202
00000       1633.15         37000    0.00076777   0.000408515   0.000654406   0.000185749      0.663052      0.322361    0.00227485     0.0102137   6.14363e-14    0.00209855      -5.93958      -5.94932
00000       1633.15         38000   0.000247773   0.000124855   0.000197555   0.000216779      0.663346      0.323109    0.00207513    0.00953229   6.16231e-14    0.00193684      -5.86967      -5.89835
00000       1633.15         39000   0.000451743  -0.000194077    0.00074176   0.000437958      0.663613      0.323797    0.00189612    0.00890397   6.17983e-14    0.00179005      -5.80052       -5.8491
00000       1633.15         40000   0.000268945   6.73807e-05    0.00119916   0.000203136      0.663853      0.324431     0.0017353    0.00832392   6.19626e-14    0.00165656      -5.73212      -5.80158
00000       1633.15         41000   0.000289737   0.000143113  -0.000402695  -0.000128946      0.664071      0.325015    0.00159053    0.00778782   6.21168e-14    0.00153493      -5.66441      -5.75578
00000       1633.15         42000   0.000432208   0.000361152    0.00011525   0.000342585      0.664269      0.325555    0.00145994    0.00729179   6.22617e-14    0.00142391      -5.59737      -5.71171
00000       1633.15         43000   -0.00010139    7.4697e-05  -8.15354e-05  -0.000102643       0.66445      0.326054    0.00134192    0.00683235   6.23977e-14    0.00132242      -5.53098      -5.66937
00000       1633.15         44000   -5.5449e-05   0.000518671   3.63832e-05  -0.000394223      0.664614      0.326515    0.00123507    0.00640638   6.25254e-14     0.0012295       -5.4652      -5.62876
00000       1633.15         45000   0.000136581  -4.01227e-06   0.000153269   0.000208427      0.664764      0.326943    0.00113817    0.00601104   6.26454e-14    0.00114428      -5.40001      -5.58987
00000       1633.15         46000   4.83319e-05  -4.57984e-05   0.000117381   0.000114319      0.664901      0.327339    0.00105015     0.0056438    6.2758e-14    0.00106602      -5.33539      -5.55271
00000       1633.15         47000  -0.000123874   0.000252778  -0.000552723  -2.51404e-05      0.665026      0.327708   0.000970057    0.00530235   6.28637e-14   0.000994063      -5.27132      -5.51727
00000       1633.15         48000  -2.39222e-05  -1.10264e-05  -3.02283e-05   1.32558e-05      0.665141       0.32805   0.000897079    0.00498461   6.29628e-14   0.000927803      -5.20777      -5.48357
00000       1633.15         49000   -0.00014648  -0.000109345  -0.000231015  -0.000148305      0.665246      0.328368   0.000830485    0.00468868   6.30557e-14   0.000866717      -5.14473      -5.45159
00000       1633.15         50000   0.000149009  -5.27202e-05  -6.76521e-05  -1.04705e-05      0.665343      0.328664   0.000769633    0.00441284   6.31427e-14   0.000810334      -5.08218      -5.42133
00000       1633.15         51000   8.34577e-05  -0.000129367  -0.000331349   0.000285426      0.665432       0.32894   0.000713952    0.00415554   6.32241e-14   0.000758233      -5.02011       -5.3928
00000       1633.15         52000  -0.000127702   1.51825e-05  -0.000174652  -0.000153594      0.665515      0.329197   0.000662939    0.00391534   6.33001e-14   0.000710036      -4.95849        -5.366
00000       1633.15         53000   4.57013e-05   0.000101809   9.78464e-05    0.00013923      0.665591      0.329437   0.000616144    0.00369094    6.3371e-14   0.000665403      -4.89732      -5.34093
00000       1633.15         54000   4.03597e-06   0.000144918   0.000136323   5.80525e-05      0.665661      0.329661   0.000573169    0.00348116    6.3437e-14   0.000624029      -4.83658      -5.31758
00000       1633.15         55000  -5.75504e-05  -4.33644e-05  -4.60902e-05  -0.000104431      0.665725      0.329871   0.000533655    0.00328492   6.34984e-14   0.000585638      -4.77625      -5.29596
00000       1633.15         56000  -2.81004e-05  -2.58138e-05  -5.20505e-05  -3.16301e-05      0.665785      0.330066   0.000497284    0.00310122   6.35552e-14   0.000549982      -4.71633      -5.27607
00000       1633.15         57000   0.000243366   2.59118e-05   0.000200453   4.26205e-06      0.665841       0.33025    0.00046377    0.00292914   6.36078e-14   0.000516836       -4.6568       -5.2579
00000       1633.15         58000   -6.5037e-05   1.24624e-05  -0.000178506  -2.13472e-05      0.665892      0.330421   0.000432857    0.00276786   6.36562e-14   0.000485996      -4.59765      -5.24146
00000       1633.15         59000   -2.2596e-06  -2.56375e-05  -1.95695e-06   3.42773e-05       0.66594      0.330582   0.000404315     0.0026166   6.37006e-14   0.000457278      -4.53887      -5.22674
00000       1633.15         60000   -0.00015872   5.36937e-05   0.000197982   3.59087e-05      0.665984      0.330733   0.000377936    0.00247467   6.37412e-14   0.000430514      -4.48045      -5.21376
00000       1633.15         61000   3.19922e-05   5.39136e-06   0.000174117   0.000228174      0.666025      0.330874   0.000353533    0.00234141   6.37781e-14    0.00040555      -4.42239       -5.2025
00000       1633.15         62000  -2.75809e-05  -5.46349e-05  -0.000118946  -9.71305e-05      0.666064      0.331007   0.000330938    0.00221621   6.38114e-14    0.00038225      -4.36466      -5.19296
00000       1633.15         63000   0.000107308   0.000180246  -0.000106576  -7.16957e-05        0.6661      0.331131   0.000309999    0.00209854   6.38413e-14   0.000360484      -4.30727      -5.18516
00000       1633.15         64000   5.96877e-05   3.13059e-05   0.000308199   0.000216478      0.666133      0.331249   0.000290578    0.00198788   6.38678e-14   0.000340138       -4.2502      -5.17908
00000       1633.15         65000   0.000117872   -3.0967e-05  -0.000224791    -4.576e-05      0.666164      0.331359    0.00027255    0.00188376   6.38911e-14   0.000321106      -4.19345      -5.17472
00000       1633.15         66000   0.000105574   5.22115e-06   3.63294e-05    6.7092e-06      0.666193      0.331462   0.000255801    0.00178575   6.39113e-14   0.000303291        -4.137       -5.1721
00000       1633.15         67000  -4.35572e-07  -9.04251e-06   7.32224e-05   7.55272e-05       0.66622       0.33156   0.000240228    0.00169344   6.39285e-14   0.000286604      -4.08086      -5.17119
00000       1633.15         68000   0.000198565  -0.000267491  -0.000579486  -3.05531e-05      0.666245      0.331652   0.000225739    0.00160647   6.39427e-14   0.000270965      -4.02502      -5.17202
00000       1633.15         69000  -0.000151288  -1.92143e-05  -0.000129586  -1.71715e-05      0.666269      0.331738   0.000212246    0.00152448    6.3954e-14   0.000256297      -3.96946      -5.17457
00000       1633.15         70000  -9.88207e-05   3.58907e-05    2.8529e-06  -7.76866e-05      0.666291       0.33182   0.000199674    0.00144715   6.39626e-14   0.000242532      -3.91418      -5.17885
00000       1633.15         71000   7.38503e-06  -6.90911e-05  -3.21293e-06   7.10352e-05      0.666312      0.331896   0.000187951     0.0013742   6.39685e-14   0.000229608      -3.85918      -5.18486
00000       1633.15         72000   3.51097e-05  -3.30096e-05  -2.93264e-05  -4.70485e-05      0.666331      0.331969   0.000177011    0.00130534   6.39717e-14   0.000217466      -3.80444       -5.1926
00000       1633.15         73000     9.168e-06  -1.84979e-05   6.16673e-06  -3.50506e-05      0.666349      0.332037   0.000166797    0.00124032   6.39724e-14   0.000206052      -3.74997      -5.20206
00000       1633.15         74000   2.97175e-05  -4.26151e-06  -1.48801e-05   3.13279e-05      0.666367      0.332102   0.000157253    0.00117889   6.39706e-14   0.000195317      -3.69576      -5.21324
00000       1633.15         75000   5.09013e-06   2.32902e-06  -4.95689e-05  -1.00145e-05      0.666383      0.332163   0.000148329    0.00112084   6.39664e-14   0.000185215       -3.6418      -5.22616
00000       1633.15         76000   4.12303e-06   1.07135e-06   2.85716e-06   7.95006e-06      0.666398      0.332221   0.000139982    0.00106596   6.39598e-14   0.000175705      -3.58808       -5.2408
00000       1633.15         77000  -1.20114e-05   2.15839e-06  -1.87401e-05  -4.67908e-06      0.666412      0.332275   0.000132168    0.00101406    6.3951e-14   0.000166746      -3.53461      -5.25716
00000       1633.15         78000  -2.54658e-05    4.9789e-07    0.00018653   8.34178e-05      0.666425      0.332327   0.000124848   0.000964956   6.39398e-14   0.000158303      -3.48138      -5.27526
00000       1633.15         79000  -7.15558e-06  -1.66469e-05   1.32191e-05  -3.43433e-05      0.666438      0.332376   0.000117989   0.000918482   6.39265e-14   0.000150342      -3.42838      -5.29508
00000       1633.15         80000  -1.33287e-05   1.38243e-05   2.35733e-05   1.82516e-05      0.666449      0.332422   0.000111557   0.000874482    6.3911e-14   0.000142833      -3.37561      -5.31663
00000       1633.15         81000  -1.86171e-05  -1.40354e-05  -7.43896e-05  -3.69309e-05      0.666461      0.332465   0.000105522   0.000832809   6.38934e-14   0.000135746      -3.32306       -5.3399
00000       1633.15         82000    0.00011417   1.73226e-05  -4.38384e-05   1.22995e-05      0.666471      0.332507   9.98575e-05   0.000793328   6.38738e-14   0.000129054      -3.27073       -5.3649
00000       1633.15         83000   5.98402e-05  -2.74874e-05   0.000130037   0.000115297      0.666481      0.332546   9.45368e-05   0.000755911   6.38521e-14   0.000122734      -3.21862      -5.39163
00000       1633.15         84000  -6.90292e-06   4.24103e-06  -1.72363e-05  -3.76769e-06       0.66649      0.332583   8.95369e-05   0.000720439   6.38285e-14   0.000116761      -3.16672      -5.42008
00000       1633.15         85000   4.05122e-05  -2.58162e-05  -5.77681e-05    4.9605e-05      0.666499      0.332618   8.48361e-05   0.000686799    6.3803e-14   0.000111115      -3.11503      -5.45026
00000       1633.15         86000   1.72725e-05  -2.36625e-05   3.58637e-05    3.6823e-05      0.666507      0.332652   8.04142e-05   0.000654887   6.37756e-14   0.000105775      -3.06355      -5.48217
00000       1633.15         87000   2.88122e-05   2.65101e-05   1.08505e-05   1.12037e-05      0.666515      0.332683   7.62527e-05   0.000624606   6.37464e-14   0.000100723      -3.01226      -5.51581
00000       1633.15         88000  -4.44743e-08  -1.58276e-06  -1.16849e-05  -7.92767e-06      0.666523      0.332713   7.23345e-05   0.000595863   6.37153e-14   9.59408e-05      -2.96117      -5.55117
00000       1633.15         89000   7.50324e-06   3.45851e-06  -2.28833e-07  -3.56573e-06      0.666529      0.332742   6.86435e-05   0.000568572   6.36825e-14    9.1413e-05      -2.91028      -5.58825
00000       1633.15         90000   1.43603e-05   4.09684e-05  -9.13405e-05   4.81837e-06      0.666536      0.332769   6.51651e-05   0.000542652    6.3648e-14   8.71242e-05      -2.85958      -5.62707
00000       1633.15         91000  -1.27823e-05  -1.81258e-05   4.64358e-05  -2.97554e-05      0.666542      0.332795   6.18854e-05   0.000518028   6.36118e-14   8.30603e-05      -2.80907      -5.66761
00000       1633.15         92000  -3.01887e-05  -8.03678e-05   3.50251e-05   1.49885e-07      0.666548      0.332819   5.87918e-05   0.000494628   6.35739e-14   7.92082e-05      -2.75874      -5.70988
00000       1633.15         93000   2.69113e-05   3.00958e-05  -0.000225625  -0.000127431      0.666554      0.332842   5.58725e-05   0.000472386   6.35344e-14   7.55555e-05      -2.70859      -5.75387
00000       1633.15         94000  -1.51902e-06   8.47299e-06  -9.78573e-05  -5.41748e-05      0.666559      0.332864   5.31165e-05   0.000451239   6.34932e-14   7.20908e-05      -2.65862      -5.79959
00000       1633.15         95000  -0.000195152  -8.45794e-05    1.4965e-05  -5.98576e-05      0.666564      0.332885   5.05136e-05   0.000431126   6.34506e-14   6.88032e-05      -2.60883      -5.84704
00000       1633.15         96000   3.05022e-05  -1.06561e-05   1.40206e-05   5.77788e-05      0.666569      0.332905   4.80542e-05   0.000411994   6.34063e-14   6.56826e-05      -2.55921      -5.89622
00000       1633.15         97000   1.20955e-05  -1.26453e-05  -8.72247e-05   -4.7552e-05      0.666573      0.332924   4.57295e-05   0.000393789   6.33606e-14   6.27196e-05      -2.50976      -5.94712
00000       1633.15         98000  -2.47413e-05   8.94823e-06  -7.19585e-05  -2.47852e-05      0.666578      0.332942   4.35314e-05   0.000376462   6.33134e-14   5.99054e-05      -2.46048      -5.99975
00000       1633.15         99000  -2.17589e-05  -4.72603e-05   8.68323e-05   1.28539e-05      0.666582       0.33296    4.1452e-05   0.000359967   6.32647e-14   5.72316e-05      -2.41137       -6.0541
00000       1633.15        100000  -9.74369e-06  -1.11067e-05  -2.16044e-05   5.30257e-06      0.666586      0.332976   3.94842e-05    0.00034426   6.32146e-14   5.46905e-05      -2.36242      -6.11018
00000       1633.15        101000  -1.97865e-05   3.98772e-06    1.3085e-05   2.74069e-05      0.666589      0.332991   3.76214e-05     0.0003293   6.31631e-14   5.22747e-05      -2.31363      -6.16799
00000       1633.15        102000   3.47774e-06   3.50443e-05    5.5658e-05   7.88053e-05      0.666593      0.333006   3.58573e-05   0.000315048   6.31103e-14   4.99774e-05        -2.265      -6.22753
00000       1633.15        103000   -7.9523e-06   1.83625e-05  -3.54767e-05   -2.8275e-05      0.666596       0.33302   3.41861e-05   0.000301467    6.3056e-14   4.77921e-05      -2.21653      -6.28879
00000       1633.15        104000   -5.3821e-05  -4.69314e-05  -1.56365e-05   3.15216e-05      0.666599      0.333034   3.26023e-05   0.000288524   6.30005e-14   4.57128e-05      -2.16821      -6.35178
00000       1633.15        105000   0.000109981   7.50894e-05  -0.000126691    4.3759e-05      0.666602      0.333047   3.11008e-05   0.000276184   6.29437e-14   4.37337e-05      -2.12004      -6.41649
00000       1633.15        106000  -8.16665e-06  -6.27927e-06   1.58624e-05  -6.82761e-07      0.666605      0.333059   2.96768e-05   0.000264419   6.28855e-14   4.18496e-05      -2.07202      -6.48294
00000       1633.15        107000  -5.19894e-05    2.0672e-05   7.50564e-05   3.84152e-05      0.666608      0.333071    2.8326e-05   0.000253197   6.28261e-14   4.00553e-05      -2.02415       -6.5511
00000       1633.15        108000   1.89925e-05   3.88324e-06  -2.62368e-05  -7.95764e-06       0.66661      0.333082    2.7044e-05   0.000242493   6.27655e-14   3.83462e-05      -1.97643        -6.621
00000       1633.15        109000   1.94164e-06  -1.16343e-05   4.42388e-05   -9.3899e-06      0.666613      0.333092   2.58271e-05    0.00023228   6.27037e-14   3.67177e-05      -1.92885      -6.69262
00000       1633.15        110000  -1.28709e-06  -6.18784e-08  -9.79402e-06  -5.69796e-06      0.666615      0.333103   2.46715e-05   0.000222534   6.26407e-14   3.51657e-05      -1.88141      -6.76597
00000       1633.15        111000  -2.58209e-05  -1.16914e-07  -3.58222e-05  -2.78796e-05      0.666617      0.333112   2.35738e-05   0.000213231   6.25765e-14   3.36862e-05      -1.83411      -6.84105
00000       1633.15        112000   6.95217e-06   6.68017e-07  -1.99222e-05   5.81561e-06      0.666619      0.333121   2.25308e-05   0.000204349   6.25111e-14   3.22754e-05      -1.78695      -6.91785
00000       1633.15        113000   1.88765e-05   7.12843e-05   0.000176896   6.34468e-05      0.666621       0.33313   2.15394e-05   0.000195868   6.24446e-14   3.09298e-05      -1.73993      -6.99638
00000       1633.15        114000   3.59697e-05   3.38577e-05   7.29356e-05    7.7062e-05      0.666623      0.333139   2.05968e-05   0.000187768   6.23771e-14   2.96461e-05      -1.69304      -7.07664
00000       1633.15        115000   -1.1204e-05  -1.69195e-05  -2.43188e-05  -1.77229e-05      0.666625      0.333147   1.97003e-05   0.000180031   6.23084e-14   2.84212e-05      -1.64629      -7.15862
00000       1633.15        116000  -1.03638e-05  -2.00313e-06   5.23653e-06  -1.22188e-05      0.666627      0.333154   1.88475e-05   0.000172638   6.22386e-14   2.72521e-05      -1.59966      -7.24233
00000       1633.15        117000  -1.44192e-05  -4.14459e-06  -4.04567e-05  -5.53722e-06      0.666629      0.333162    1.8036e-05   0.000165574   6.21678e-14   2.61359e-05      -1.55317      -7.32776
00000       1633.15        118000  -1.05894e-05  -2.29611e-05   4.46994e-05   1.93025e-05       0.66663      0.333169   1.72634e-05   0.000158822    6.2096e-14   2.50701e-05       -1.5068      -7.41493
00000       1633.15        119000  -7.70307e-05    2.1593e-05   4.35383e-05   4.27611e-05      0.666632      0.333175   1.65279e-05   0.000152367   6.20231e-14   2.40522e-05      -1.46056      -7.50382
00000       1633.15        120000  -2.24417e-05   4.25347e-05   3.42931e-06  -9.63278e-05      0.666633      0.333182   1.58274e-05   0.000146196   6.19492e-14   2.30797e-05      -1.41445      -7.59443
00000       1633.15        121000   3.34417e-06  -1.25135e-05   7.99479e-05    1.5093e-05      0.666634      0.333188     1.516e-05   0.000140295   6.18744e-14   2.21505e-05      -1.36846      -7.68678
00000       1633.15        122000  -7.99074e-06   5.38423e-05  -1.81231e-06   8.84455e-06      0.666636      0.333194    1.4524e-05    0.00013465   6.17985e-14   2.12624e-05      -1.32259      -7.78084
00000       1633.15        123000  -3.42292e-06   -6.3815e-06   3.58826e-05   4.82857e-06      0.666637      0.333199   1.39178e-05   0.000129251   6.17217e-14   2.04134e-05      -1.27685      -7.87664
00000       1633.15        124000  -1.11722e-08   2.39193e-05  -2.43759e-06  -1.54367e-05      0.666638      0.333205   1.33398e-05   0.000124084    6.1644e-14   1.96016e-05      -1.23122      -7.97416
00000       1633.15        125000   1.13254e-05   1.48669e-05  -4.97267e-05  -2.19408e-05      0.666639       0.33321   1.27886e-05   0.000119141   6.15654e-14   1.88253e-05      -1.18571      -8.07341
00000       1633.15        126000   1.78989e-05   4.46538e-05  -5.37159e-05  -1.17853e-05       0.66664      0.333215   1.22628e-05   0.000114409   6.14858e-14   1.80828e-05      -1.14031      -8.17439
00000       1633.15        127000   -5.6186e-07   7.00982e-06   3.47284e-05   1.02257e-05      0.666641       0.33322   1.17611e-05    0.00010988   6.14054e-14   1.73723e-05      -1.09504      -8.27709
00000       1633.15        128000   3.40412e-05  -3.66608e-05   6.18474e-05   4.58353e-05      0.666642      0.333224   1.12823e-05   0.000105544   6.13241e-14   1.66925e-05      -1.04987      -8.38152
00000       1633.15        129000   8.03735e-07  -1.53575e-06   1.48879e-05  -8.95435e-06      0.666643      0.333228   1.08252e-05   0.000101392   6.12419e-14   1.60418e-05      -1.00482      -8.48768
00000       1633.15        130000   1.23133e-05  -1.22592e-05  -1.99791e-05  -4.53675e-06      0.666644      0.333232   1.03887e-05   9.74152e-05   6.11589e-14    1.5419e-05     -0.959882      -8.59557
00000       1633.15        131000   1.62194e-05  -1.08942e-05  -1.95755e-05   1.33543e-05      0.666645      0.333236   9.97181e-06   9.36064e-05   6.10751e-14   1.48226e-05     -0.915053      -8.70518
00000       1633.15        132000   7.64485e-06   2.83203e-06   5.80634e-05   2.20135e-05      0.666646       0.33324   9.57356e-06   8.99577e-05   6.09904e-14   1.42515e-05     -0.870332      -8.81651
00000       1633.15        133000  -9.82863e-06    6.2733e-06     7.778e-06   1.33308e-05      0.666647      0.333244   9.19303e-06   8.64617e-05   6.09049e-14   1.37044e-05      -0.82572      -8.92958
00000       1633.15        134000   3.84316e-08   2.04942e-06  -2.41458e-06  -3.04281e-07      0.666648      0.333247   8.82932e-06   8.31116e-05   6.08187e-14   1.31804e-05     -0.781215      -9.04437
00000       1633.15        135000    1.2987e-06  -1.67952e-05  -7.41123e-06  -9.34653e-05      0.666648      0.333251   8.48163e-06   7.99009e-05   6.07317e-14   1.26782e-05     -0.736815      -9.16088
00000       1633.15        136000  -1.07928e-05  -2.58209e-07  -8.19383e-06  -7.93469e-06      0.666649      0.333254   8.14917e-06   7.68233e-05   6.06439e-14    1.2197e-05     -0.692519      -9.27913
00000       1633.15        137000  -1.84179e-05   -1.9631e-05   0.000135565   2.64985e-05       0.66665      0.333257    7.8312e-06   7.38729e-05   6.05553e-14   1.17357e-05     -0.648328       -9.3991
00000       1633.15        138000  -8.30553e-06  -1.58671e-05  -5.08758e-06   3.16062e-06       0.66665       0.33326   7.52703e-06    7.1044e-05   6.04661e-14   1.12935e-05     -0.604238       -9.5208
00000       1633.15        139000   2.74296e-05   2.57806e-05  -0.000100381  -6.56365e-05      0.666651      0.333263     7.236e-06   6.83312e-05    6.0376e-14   1.08695e-05      -0.56025      -9.64422
00000       1633.15        140000  -2.88799e-06  -1.96222e-06   4.02397e-05   1.03105e-05      0.666652      0.333265   6.95747e-06   6.57294e-05   6.02853e-14   1.04629e-05     -0.516362      -9.76937
00000       1633.15        141000   3.81682e-07   1.22164e-05   1.79896e-05   7.02165e-06      0.666652      0.333268   6.69086e-06   6.32338e-05   6.01939e-14   1.00728e-05     -0.472573      -9.89625
00000       1633.15        142000   -2.2257e-06   2.35888e-06  -1.68867e-05  -1.16043e-05      0.666653       0.33327    6.4356e-06   6.08396e-05   6.01018e-14   9.69865e-06     -0.428883      -10.0249
00000       1633.15        143000  -6.33585e-06  -1.63586e-05  -2.86364e-06  -5.52388e-06      0.666653      0.333273   6.19116e-06   5.85425e-05   6.00091e-14   9.33964e-06      -0.38529      -10.1552
00000       1633.15        144000   2.16811e-05  -1.04857e-05  -2.49972e-05  -1.03131e-05      0.666654      0.333275   5.95703e-06   5.63382e-05   5.99156e-14   8.99511e-06     -0.341793      -10.2872
00000       1633.15        145000  -8.52127e-06  -1.29114e-05    2.4958e-05  -8.56913e-06      0.666654      0.333277   5.73273e-06   5.42227e-05   5.98215e-14   8.66444e-06     -0.298392       -10.421
00000       1633.15        146000  -2.07526e-06   1.15376e-05  -3.99403e-05  -1.28403e-05      0.666655      0.333279   5.51781e-06   5.21922e-05   5.97268e-14   8.34701e-06     -0.255085      -10.5565
00000       1633.15        147000   9.16046e-06   1.04577e-05  -2.48459e-05   2.92962e-06      0.666655      0.333281   5.31183e-06    5.0243e-05   5.96315e-14   8.04225e-06     -0.211872      -10.6938
00000       1633.15        148000   2.35784e-05   2.30139e-05  -2.56837e-05  -6.49436e-06      0.666656      0.333283   5.11438e-06   4.83716e-05   5.95355e-14   7.74961e-06     -0.168752      -10.8327
00000       1633.15        149000   3.86839e-06   1.33635e-05   2.28174e-06   7.01912e-07      0.666656      0.333285   4.92508e-06   4.65747e-05   5.94389e-14   7.46855e-06     -0.125723      -10.9734
00000       1633.15        150000   5.08597e-06   7.64165e-07  -1.43168e-05  -1.03047e-05      0.666656      0.333287   4.74355e-06   4.48492e-05   5.93417e-14   7.19859e-06    -0.0827851      -11.1158
00000       1633.15        151000   1.04077e-05  -5.92913e-06  -6.62672e-06     2.093e-06      0.666657      0.333289   4.56944e-06   4.31918e-05    5.9244e-14   6.93924e-06    -0.0399374        -11.26
00000       1633.15        152000  -3.06114e-06   1.29521e-05  -3.22681e-05  -5.19957e-06      0.666657       0.33329   4.40241e-06   4.15999e-05   5.91456e-14   6.69005e-06    0.00282111      -11.4059
00000       1633.15        153000   -2.3828e-05  -3.61163e-05  -2.75407e-05  -6.97218e-05      0.666657      0.333292   4.24216e-06   4.00706e-05   5.90467e-14   6.45059e-06     0.0454912      -11.5535
00000       1633.15        154000  -8.46531e-06   7.03178e-06  -1.01552e-05  -9.94187e-07      0.666658      0.333293   4.08837e-06   3.86013e-05   5.89473e-14   6.22044e-06     0.0880737      -11.7028
00000       1633.15        155000   6.33975e-06  -1.17057e-05  -2.79748e-05  -1.36332e-05      0.666658      0.333295   3.94077e-06   3.71895e-05   5.88473e-14   5.99922e-06      0.130569      -11.8538
00000       1633.15        156000  -1.34323e-06  -1.04236e-05  -3.37887e-05   -3.0654e-05      0.666658      0.333296   3.79906e-06   3.58328e-05   5.87468e-14   5.78654e-06      0.172979      -12.0066
00000       1633.15        157000  -7.59926e-06  -1.54041e-05   2.15943e-05   8.76696e-06      0.666659      0.333298     3.663e-06   3.45288e-05   5.86457e-14   5.58205e-06      0.215304      -12.1611
00000       1633.15        158000  -9.62989e-06   3.01997e-05  -2.51596e-05   9.19885e-07      0.666659      0.333299   3.53234e-06   3.32754e-05   5.85441e-14    5.3854e-06      0.257544      -12.3174
00000       1633.15        159000  -1.01726e-05  -1.58056e-06   1.44647e-05  -8.98044e-06      0.666659        0.3333   3.40685e-06   3.20704e-05   5.84421e-14   5.19627e-06        0.2997      -12.4753
00000       1633.15        160000   9.90288e-06   1.64188e-06   2.11465e-05  -6.37661e-06      0.666659      0.333301   3.28629e-06    3.0912e-05   5.83395e-14   5.01435e-06      0.341773       -12.635
00000       1633.15        161000   3.26231e-05   3.44176e-05  -0.000111128  -4.81207e-05       0.66666      0.333302   3.17045e-06   2.97981e-05   5.82365e-14   4.83934e-06      0.383764      -12.7964
00000       1633.15        162000  -1.83069e-06  -1.47823e-05   5.49381e-05   3.90115e-05       0.66666      0.333304   3.05913e-06    2.8727e-05   5.81329e-14   4.67094e-06      0.425674      -12.9595
00000       1633.15        163000  -2.45441e-05  -2.27384e-06  -4.18155e-05  -4.97187e-06       0.66666      0.333305   2.95214e-06   2.76968e-05   5.80289e-14    4.5089e-06      0.467502      -13.1244
00000       1633.15        164000   -1.1158e-05  -4.22294e-06   -1.5161e-05  -1.31023e-05       0.66666      0.333306   2.84929e-06    2.6706e-05   5.79245e-14   4.35295e-06      0.509251       -13.291
00000       1633.15        165000    9.8351e-06   1.59943e-05   4.57351e-05   3.68736e-05      0.666661      0.333307    2.7504e-06   2.57529e-05   5.78196e-14   4.20285e-06       0.55092      -13.4593
00000       1633.15        166000   9.36422e-06   2.92331e-06  -1.00288e-05   1.88449e-06      0.666661      0.333308   2.65531e-06   2.48359e-05   5.77142e-14   4.05835e-06       0.59251      -13.6294
00000       1633.15        167000  -9.04591e-07   4.35855e-06   4.12467e-06   2.91337e-06      0.666661      0.333309   2.56386e-06   2.39537e-05   5.76085e-14   3.91923e-06      0.634022      -13.8011
00000       1633.15        168000  -1.10404e-05  -5.09978e-05  -4.86809e-05  -3.73107e-06      0.666661      0.333309   2.47589e-06   2.31048e-05   5.75023e-14   3.78527e-06      0.675457      -13.9746
00000       1633.15        169000   2.15238e-05   1.63156e-05   2.34963e-05   2.65475e-05      0.666661       0.33331   2.39126e-06   2.22879e-05   5.73957e-14   3.65627e-06      0.716815      -14.1499
00000       1633.15        170000   2.82629e-05  -2.44295e-06   3.06415e-05   6.79426e-06      0.666662      0.333311   2.30982e-06   2.15016e-05   5.72886e-14   3.53203e-06      0.758097      -14.3268
00000       1633.15        171000   1.65673e-05  -2.78611e-05  -3.84942e-05   6.47188e-06      0.666662      0.333312   2.23145e-06   2.07449e-05   5.71812e-14   3.41235e-06      0.799303      -14.5055
00000       1633.15        172000  -7.79419e-06  -5.28918e-07  -2.56431e-05   -2.3039e-05      0.666662      0.333313   2.15602e-06   2.00164e-05   5.70734e-14   3.29706e-06      0.840434      -14.6859
00000       1633.15        173000   2.53229e-05  -7.03101e-06   5.34203e-05   3.23287e-05      0.666662      0.333313   2.08341e-06   1.93151e-05   5.69652e-14   3.18604e-06      0.881491       -14.868
00000       1633.15        174000  -1.85858e-05  -1.72461e-05    1.4127e-05   6.44663e-06      0.666662      0.333314    2.0135e-06   1.86398e-05   5.68567e-14   3.07894e-06      0.922474      -15.0519
00000       1633.15        175000   3.09449e-05  -5.85147e-05  -3.37426e-05  -4.08599e-05      0.666662      0.333315   1.94618e-06   1.79897e-05   5.67477e-14   2.97579e-06      0.963384      -15.2375
00000       1633.15        176000   3.62704e-05  -1.19451e-05  -4.26221e-05   8.86575e-07      0.666663      0.333315   1.88134e-06   1.73635e-05   5.66384e-14   2.87637e-06       1.00422      -15.4248
00000       1633.15        177000  -2.03909e-05   4.80709e-06  -4.99648e-05  -4.08697e-05      0.666663      0.333316    1.8189e-06   1.67605e-05   5.65288e-14   2.78054e-06       1.04499      -15.6138
00000       1633.15        178000   3.12451e-05  -1.02845e-05  -4.30597e-05   9.12476e-06      0.666663      0.333317   1.75874e-06   1.61798e-05   5.64188e-14   2.68816e-06       1.08568      -15.8046
00000       1633.15        179000  -1.37889e-05  -4.82953e-06   4.31879e-05  -2.11032e-07      0.666663      0.333317   1.70077e-06   1.56203e-05   5.63085e-14   2.59909e-06        1.1263      -15.9971
00000       1633.15        180000   2.24508e-05   3.00041e-05  -1.09595e-05  -4.03289e-05      0.666663      0.333318   1.64492e-06   1.50814e-05   5.61979e-14   2.51321e-06       1.16686      -16.1913
00000       1633.15        181000   5.31958e-06  -2.93265e-06   2.12168e-06  -3.15355e-06      0.666663      0.333318   1.59109e-06   1.45621e-05   5.60869e-14   2.43038e-06       1.20734      -16.3873
00000       1633.15        182000   9.93841e-06  -1.48952e-05   1.82622e-05   -4.6879e-07      0.666663      0.333319   1.53921e-06   1.40619e-05   5.59756e-14   2.35051e-06       1.24775      -16.5849
00000       1633.15        183000   6.55493e-05  -1.61912e-06  -1.25081e-05    1.4345e-05      0.666663      0.333319   1.48919e-06   1.35798e-05    5.5864e-14   2.27346e-06        1.2881      -16.7843
00000       1633.15        184000  -1.84462e-05  -5.48575e-06  -2.43288e-05   1.69339e-05      0.666664       0.33332   1.44096e-06   1.31152e-05   5.57521e-14   2.19914e-06       1.32838      -16.9855
00000       1633.15        185000   2.09935e-05  -5.01334e-06   2.27659e-05   1.07849e-05      0.666664       0.33332   1.39446e-06   1.26675e-05     5.564e-14   2.12744e-06       1.36859      -17.1883
00000       1633.15        186000   4.12101e-05  -6.74819e-05   -5.3929e-05   -6.8816e-05      0.666664      0.333321   1.34961e-06   1.22359e-05   5.55275e-14   2.05825e-06       1.40873      -17.3929
00000       1633.15        187000  -4.46364e-06  -5.99729e-05    2.8985e-05  -1.88214e-05      0.666664      0.333321   1.30636e-06   1.18199e-05   5.54147e-14   1.99149e-06        1.4488      -17.5992
00000       1633.15        188000    5.4007e-05   6.88716e-06  -7.78763e-05   -7.6498e-06      0.666664      0.333321   1.26463e-06   1.14189e-05   5.53017e-14   1.92707e-06       1.48881      -17.8072
00000       1633.15        189000  -5.13437e-05  -5.89383e-05    6.1201e-05   3.83804e-05      0.666664      0.333322   1.22437e-06   1.10323e-05   5.51884e-14   1.86488e-06       1.52876       -18.017
00000       1633.15        190000   3.81908e-06  -1.71213e-05    1.4892e-05  -2.69655e-05      0.666664      0.333322   1.18552e-06   1.06595e-05   5.50749e-14   1.80486e-06       1.56863      -18.2285
00000       1633.15        191000   3.00615e-05  -6.71294e-06  -4.23897e-05   -2.0127e-05      0.666664      0.333323   1.14804e-06      1.03e-05   5.49611e-14   1.74692e-06       1.60845      -18.4417
00000       1633.15        192000  -2.78377e-06  -2.98631e-06  -6.93966e-06  -6.93748e-07      0.666664      0.333323   1.11186e-06   9.95339e-06    5.4847e-14   1.69098e-06        1.6482      -18.6566
00000       1633.15        193000  -7.09415e-06   1.13387e-05  -7.46084e-05  -6.29846e-05      0.666664      0.333323   1.07693e-06   9.61909e-06   5.47328e-14   1.63697e-06       1.68788      -18.8733
00000       1633.15        194000   1.59131e-05   1.47198e-06  -9.55724e-05  -2.28435e-05      0.666664      0.333324   1.04322e-06   9.29665e-06   5.46182e-14   1.58482e-06       1.72751      -19.0917
00000       1633.15        195000  -6.31905e-06   1.83005e-05  -5.28248e-05  -2.98832e-06      0.666664      0.333324   1.01066e-06   8.98564e-06   5.45035e-14   1.53445e-06       1.76707      -19.3118
00000       1633.15        196000  -1.90413e-05  -9.83408e-06   0.000149593   5.75045e-05      0.666665      0.333324   9.79231e-07   8.68562e-06   5.43885e-14    1.4858e-06       1.80656      -19.5337
00000       1633.15        197000  -1.73028e-06  -3.05279e-06   5.87566e-06   3.48309e-06      0.666665      0.333325   9.48874e-07   8.39619e-06   5.42733e-14   1.43881e-06         1.846      -19.7572
00000       1633.15        198000  -8.33759e-06  -1.66525e-05   1.91328e-05   1.17858e-05      0.666665      0.333325   9.19553e-07   8.11694e-06   5.41579e-14   1.39342e-06       1.88537      -19.9825
00000       1633.15        199000  -3.92375e-05  -2.38961e-05  -2.96375e-05   -1.4609e-05      0.666665      0.333325    8.9123e-07    7.8475e-06   5.40423e-14   1.34957e-06       1.92469      -20.2096
00000       1633.15        200000  -5.13867e-05  -8.90423e-06  -8.87105e-05  -8.73323e-05      0.666665      0.333325   8.63867e-07   7.58751e-06   5.39265e-14    1.3072e-06       1.96394      -20.4383
00000       1633.15        201000     1.705e-06  -1.03875e-05  -2.42154e-05  -9.86941e-06      0.666665      0.333326   8.37429e-07    7.3366e-06   5.38105e-14   1.26626e-06       2.00313      -20.6688
00000       1633.15        202000  -3.21561e-05   6.94484e-05   6.34193e-06   2.67793e-05      0.666665      0.333326   8.11882e-07   7.09446e-06   5.36944e-14    1.2267e-06       2.04226       -20.901
00000       1633.15        203000  -2.16874e-06   4.02099e-05  -4.09793e-05   -2.1919e-06      0.666665      0.333326   7.87193e-07   6.86075e-06    5.3578e-14   1.18846e-06       2.08133      -21.1349
00000       1633.15        204000   2.78751e-05  -1.67788e-05  -2.34228e-05   2.09937e-05      0.666665      0.333326   7.63329e-07   6.63516e-06   5.34615e-14   1.15151e-06       2.12035      -21.3706
00000       1633.15        205000  -8.18504e-06   -8.4599e-06   1.15881e-05   2.45102e-05      0.666665      0.333327   7.40262e-07    6.4174e-06   5.33448e-14   1.11579e-06        2.1593       -21.608
00000       1633.15        206000   1.22556e-05   1.61168e-05   8.30978e-05   4.61594e-05      0.666665      0.333327   7.17962e-07   6.20717e-06   5.32279e-14   1.08125e-06        2.1982      -21.8471
00000       1633.15        207000   1.53125e-05   1.08499e-07  -6.71022e-06   7.75079e-07      0.666665      0.333327     6.964e-07   6.00421e-06   5.31108e-14   1.04787e-06       2.23704       -22.088
00000       1633.15        208000   6.55072e-06   5.61673e-06  -4.06154e-05  -3.30373e-05      0.666665      0.333327   6.75551e-07   5.80824e-06   5.29937e-14   1.01559e-06       2.27582      -22.3305
00000       1633.15        209000  -9.23792e-06   1.49252e-05   5.81366e-05   4.01288e-06      0.666665      0.333327   6.55388e-07   5.61902e-06   5.28763e-14   9.84375e-07       2.31454      -22.5748
00000       1633.15        210000   1.01598e-05   1.12879e-06  -2.88683e-05  -1.68833e-06      0.666665      0.333328   6.35888e-07   5.43629e-06   5.27588e-14    9.5419e-07       2.35321      -22.8208
00000       1633.15        211000   1.35123e-05   1.77522e-05  -3.53519e-05  -3.08391e-06      0.666665      0.333328   6.17025e-07   5.25983e-06   5.26412e-14   9.24998e-07       2.39182      -23.0686
00000       1633.15        212000   4.62263e-06    -1.483e-05  -3.01869e-05  -2.44124e-05      0.666665      0.333328   5.98777e-07    5.0894e-06   5.25235e-14   8.96764e-07       2.43038      -23.3181
00000       1633.15        213000  -4.40958e-06  -8.08286e-06  -4.72777e-07  -7.19748e-06      0.666665      0.333328   5.81122e-07   4.92479e-06   5.24056e-14   8.69453e-07       2.46888      -23.5693
00000       1633.15        214000  -3.04605e-05  -4.96906e-05    2.5763e-05  -2.33346e-05      0.666665      0.333328    5.6404e-07   4.76578e-06   5.22876e-14   8.43034e-07       2.50732      -23.8222
00000       1633.15        215000  -8.50487e-07   1.41875e-05  -1.82341e-06   2.73489e-05      0.666665      0.333329    5.4751e-07   4.61218e-06   5.21694e-14   8.17475e-07       2.54571      -24.0768
00000       1633.15        216000   2.22925e-05  -5.31261e-06   3.48764e-05   1.29296e-05      0.666666      0.333329   5.31512e-07    4.4638e-06   5.20512e-14   7.92745e-07       2.58405      -24.3332
00000       1633.15        217000   -2.0404e-05   2.56869e-05   7.09792e-05   6.44835e-05      0.666666      0.333329   5.16027e-07   4.32044e-06   5.19328e-14   7.68818e-07       2.62233      -24.5913
00000       1633.15        218000   1.73726e-05  -1.19218e-06     2.208e-05   5.06979e-06      0.666666      0.333329   5.01038e-07   4.18193e-06   5.18144e-14   7.45663e-07       2.66056      -24.8512
00000       1633.15        219000   2.35462e-06   3.17706e-06   2.71997e-05   1.07031e-05      0.666666      0.333329   4.86528e-07   4.04809e-06   5.16958e-14   7.23255e-07       2.69873      -25.1127
00000       1633.15        220000   4.56772e-06   1.76129e-06   2.02093e-06  -2.10768e-06      0.666666      0.333329   4.72479e-07   3.91875e-06   5.15771e-14   7.01569e-07       2.73685       -25.376
00000       1633.15        221000  -8.02154e-06  -1.50666e-05   2.04226e-05   2.43437e-05      0.666666      0.333329   4.58876e-07   3.79377e-06   5.14584e-14   6.80578e-07       2.77492       -25.641
00000       1633.15        222000   6.49442e-06  -6.19458e-05   1.96451e-05   2.92079e-06      0.666666       0.33333   4.45703e-07   3.67297e-06   5.13396e-14   6.60259e-07       2.81293      -25.9078
00000       1633.15        223000  -3.08128e-06  -4.09919e-06   -7.6888e-06  -6.18323e-06      0.666666       0.33333   4.32945e-07   3.55623e-06   5.12206e-14   6.40589e-07        2.8509      -26.1762
00000       1633.15        224000   3.75044e-05  -1.31916e-05   2.71592e-05    1.9706e-05      0.666666       0.33333   4.20588e-07   3.44338e-06   5.11016e-14   6.21546e-07       2.88881      -26.4464
00000       1633.15        225000  -1.83686e-06  -3.38897e-06   -9.7203e-06  -6.55231e-06      0.666666       0.33333   4.08618e-07    3.3343e-06   5.09826e-14   6.03109e-07       2.92667      -26.7184
00000       1633.15        226000   9.09418e-06   3.93369e-06   -2.6486e-05  -1.94838e-05      0.666666       0.33333   3.97023e-07   3.22885e-06   5.08634e-14   5.85256e-07       2.96448       -26.992
00000       1633.15        227000   4.49175e-05  -6.04261e-05  -1.52093e-05  -1.79394e-05      0.666666       0.33333   3.85788e-07   3.12691e-06   5.07442e-14   5.67969e-07       3.00224      -27.2674
00000       1633.15        228000   -1.9344e-05  -8.12577e-06    2.3214e-05   1.51645e-06      0.666666       0.33333   3.74902e-07   3.02835e-06   5.06249e-14   5.51227e-07       3.03994      -27.5445
00000       1633.15        229000  -6.65267e-05  -2.42424e-05   0.000179021   5.56944e-05      0.666666       0.33333   3.64354e-07   2.93306e-06   5.05056e-14   5.35013e-07        3.0776      -27.8233
00000       1633.15        230000   3.45569e-05   2.03131e-05   5.37933e-05   0.000124408      0.666666       0.33333   3.54131e-07   2.84091e-06   5.03862e-14   5.19309e-07       3.11521      -28.1039
00000       1633.15        231000   8.58781e-07   1.47762e-06   1.52078e-06   1.59918e-07      0.666666       0.33333   3.44223e-07   2.75181e-06   5.02668e-14   5.04097e-07       3.15277      -28.3862
00000       1633.15        232000   -2.3014e-06   6.06728e-07  -6.02479e-05  -3.90865e-05      0.666666      0.333331   3.34619e-07   2.66564e-06   5.01473e-14   4.89361e-07       3.19027      -28.6702
00000       1633.15        233000   1.66572e-05   1.36548e-05   2.83284e-05   2.20282e-05      0.666666      0.333331   3.25309e-07    2.5823e-06   5.00278e-14   4.75085e-07       3.22773      -28.9559
00000       1633.15        234000   -2.5737e-06   1.82395e-06  -2.32365e-05   -1.4397e-05      0.666666      0.333331   3.16283e-07    2.5017e-06   4.99082e-14   4.61254e-07       3.26514      -29.2434
00000       1633.15        235000  -8.41332e-05  -8.43842e-05    0.00012348   3.49353e-05      0.666666      0.333331   3.07532e-07   2.42374e-06   4.97886e-14   4.47853e-07       3.30251      -29.5326
00000       1633.15        236000  -4.72106e-06  -2.47936e-06   2.24331e-05   1.78475e-06      0.666666      0.333331   2.99046e-07   2.34833e-06    4.9669e-14   4.34868e-07       3.33982      -29.8235
00000       1633.15        237000   2.21939e-05   7.69297e-06   -1.4723e-05  -4.76868e-06      0.666666      0.333331   2.90817e-07   2.27539e-06   4.95494e-14   4.22285e-07       3.37709      -30.1161
00000       1633.15        238000   9.37453e-06   1.78819e-05  -6.67978e-05  -4.69363e-05      0.666666      0.333331   2.82837e-07   2.20482e-06   4.94297e-14    4.1009e-07        3.4143      -30.4105
00000       1633.15        239000   6.74532e-05   4.14333e-05  -3.66254e-05   4.23318e-06      0.666666      0.333331   2.75096e-07   2.13655e-06     4.931e-14   3.98271e-07       3.45147      -30.7066
00000       1633.15        240000  -1.34402e-05   9.92492e-06  -2.85462e-05   5.85355e-06      0.666666      0.333331   2.67588e-07   2.07049e-06   4.91903e-14   3.86815e-07        3.4886      -31.0044
00000       1633.15        241000   8.67166e-06   -1.0221e-05  -7.63737e-06  -6.54382e-06      0.666666      0.333331   2.60304e-07   2.00658e-06   4.90706e-14   3.75711e-07       3.52568       -31.304
00000       1633.15        242000  -3.45356e-06   1.14334e-07   4.65074e-05   2.33538e-05      0.666666      0.333331   2.53238e-07   1.94474e-06   4.89508e-14   3.64947e-07       3.56271      -31.6052
00000       1633.15        243000  -1.98085e-06   1.53344e-05  -3.28007e-06   2.15016e-05      0.666666      0.333331   2.46382e-07    1.8849e-06   4.88311e-14   3.54512e-07       3.59969      -31.9082
00000       1633.15        244000   2.22422e-06   1.16501e-05  -0.000201913  -6.89813e-05      0.666666      0.333331   2.39729e-07   1.82698e-06   4.87114e-14   3.44395e-07       3.63663       -32.213
00000       1633.15        245000  -6.35904e-06   2.10848e-05  -2.37741e-05  -3.41933e-05      0.666666      0.333331   2.33273e-07   1.77094e-06   4.85916e-14   3.34586e-07       3.67352      -32.5194
00000       1633.15        246000   -1.1577e-05   4.53924e-05  -3.14691e-05  -9.53331e-06      0.666666      0.333332   2.27008e-07   1.71669e-06   4.84719e-14   3.25075e-07       3.71037      -32.8276
00000       1633.15        247000   1.28409e-05   6.89381e-06    2.0947e-05   1.69627e-05      0.666666      0.333332   2.20927e-07   1.66419e-06   4.83522e-14   3.15852e-07       3.74717      -33.1375
00000       1633.15        248000   1.73694e-05   1.09771e-05  -2.52303e-05   8.89384e-06      0.666666      0.333332   2.15024e-07   1.61337e-06   4.82325e-14   3.06908e-07       3.78393      -33.4492
00000       1633.15        249000  -2.43053e-05   1.17159e-06   1.91973e-06   1.81189e-05      0.666666      0.333332   2.09295e-07   1.56417e-06   4.81128e-14   2.98233e-07       3.82064      -33.7625
00000       1633.15        250000  -1.71002e-05  -2.47421e-05   1.51345e-05   1.19148e-05      0.666666      0.333332   2.03732e-07   1.51655e-06   4.79931e-14    2.8982e-07        3.8573      -34.0776
00000       1633.15        251000   3.19044e-05  -2.48069e-05  -2.41083e-05  -2.36465e-05      0.666666      0.333332   1.98331e-07   1.47045e-06   4.78734e-14    2.8166e-07       3.89393      -34.3944
00000       1633.15        252000   8.25571e-06   1.24673e-05  -1.84667e-05   7.87812e-07      0.666666      0.333332   1.93088e-07   1.42581e-06   4.77538e-14   2.73744e-07       3.93051       -34.713
00000       1633.15        253000   1.59779e-05  -8.18144e-06   1.81501e-05   9.25348e-06      0.666666      0.333332   1.87995e-07   1.38259e-06   4.76342e-14   2.66066e-07       3.96704      -35.0332
00000       1633.15        254000  -4.80317e-06   2.60115e-07  -8.94975e-06  -8.33749e-06      0.666666      0.333332    1.8305e-07   1.34075e-06   4.75146e-14   2.58616e-07       4.00353      -35.3552
00000       1633.15        255000  -2.41844e-05   2.26058e-05  -5.80913e-05  -3.96364e-05      0.666666      0.333332   1.78248e-07   1.30023e-06   4.73951e-14   2.51389e-07       4.03998       -35.679
00000       1633.15        256000   2.56137e-05   -3.3542e-05   3.92587e-05   4.93956e-05      0.666666      0.333332   1.73583e-07   1.26099e-06   4.72756e-14   2.44377e-07       4.07639      -36.0044
00000       1633.15        257000   3.51801e-05   1.56028e-05   1.60018e-05   8.99756e-06      0.666666      0.333332   1.69052e-07   1.22299e-06   4.71561e-14   2.37572e-07       4.11275      -36.3316
00000       1633.15        258000  -4.29858e-06  -3.15922e-06  -4.40651e-05  -1.90046e-05      0.666666      0.333332   1.64651e-07   1.18619e-06   4.70367e-14    2.3097e-07       4.14907      -36.6605
00000       1633.15        259000   1.05564e-05   5.33207e-05  -5.83244e-06  -1.14513e-05      0.666666      0.333332   1.60374e-07   1.15055e-06   4.69173e-14   2.24563e-07       4.18535      -36.9911
00000       1633.15        260000  -3.51125e-06   3.15892e-06  -2.50696e-06   5.29516e-06      0.666666      0.333332    1.5622e-07   1.11603e-06   4.67979e-14   2.18345e-07       4.22158      -37.3235
00000       1633.15        261000   6.46908e-06   3.17063e-06  -1.98657e-06   2.86355e-06      0.666666      0.333332   1.52183e-07    1.0826e-06   4.66787e-14   2.12309e-07       4.25778      -37.6576
00000       1633.15        262000  -1.69267e-05  -5.22545e-07  -5.90907e-06   7.52998e-06      0.666666      0.333332    1.4826e-07   1.05021e-06   4.65594e-14   2.06452e-07       4.29393      -37.9934
00000       1633.15        263000  -4.25179e-06  -1.98913e-05  -2.47724e-05   -3.7271e-05      0.666666      0.333332   1.44448e-07   1.01884e-06   4.64402e-14   2.00766e-07       4.33004      -38.3309
00000       1633.15        264000   3.64563e-05    1.7975e-06  -1.24918e-05   1.03845e-06      0.666666      0.333332   1.40743e-07   9.88441e-07   4.63211e-14   1.95247e-07       4.36611      -38.6702
00000       1633.15        265000   6.31992e-05  -8.29569e-05   3.92131e-05   5.81811e-05      0.666666      0.333332   1.37142e-07   9.58995e-07   4.62021e-14   1.89889e-07       4.40214      -39.0112
00000       1633.15        266000   1.16014e-06    -1.039e-05  -6.55821e-06   1.11026e-05      0.666666      0.333332   1.33642e-07   9.30466e-07   4.60831e-14   1.84687e-07       4.43812      -39.3539
00000       1633.15        267000    3.1472e-05  -3.55754e-05   4.55545e-05   9.43198e-05      0.666666      0.333332    1.3024e-07   9.02825e-07   4.59641e-14   1.79637e-07       4.47407      -39.6983
00000       1633.15        268000  -1.68961e-05   1.41231e-05  -6.01681e-06  -1.68031e-05      0.666666      0.333332   1.26932e-07   8.76042e-07   4.58453e-14   1.74734e-07       4.50998      -40.0445
00000       1633.15        269000  -1.58304e-05   1.13995e-05  -3.28241e-05  -1.69904e-05      0.666666      0.333332   1.23716e-07   8.50089e-07   4.57265e-14   1.69973e-07       4.54584      -40.3924
00000       1633.15        270000   1.60799e-06  -9.91957e-06   5.87463e-05   1.29564e-05      0.666666      0.333332    1.2059e-07    8.2494e-07   4.56078e-14   1.65349e-07       4.58167       -40.742
00000       1633.15        271000   3.06653e-07  -1.12644e-05   3.70538e-05   2.39198e-05      0.666666      0.333332   1.17549e-07   8.00569e-07   4.54891e-14   1.60859e-07       4.61745      -41.0934
00000       1633.15        272000  -2.49569e-05  -3.07871e-05  -1.63594e-05   3.38835e-05      0.666666      0.333333   1.14593e-07    7.7695e-07   4.53706e-14   1.56499e-07        4.6532      -41.4465
00000       1633.15        273000  -6.78649e-06  -1.37974e-05   0.000122136   5.19434e-05      0.666666      0.333333   1.11717e-07   7.54059e-07   4.52521e-14   1.52264e-07       4.68891      -41.8013
00000       1633.15        274000  -8.55439e-06  -1.82543e-05   6.42358e-06  -6.52821e-06      0.666666      0.333333   1.08921e-07   7.31873e-07   4.51337e-14   1.48151e-07       4.72457      -42.1578
00000       1633.15        275000   2.70434e-05   1.24836e-05   1.11367e-05   1.85614e-05      0.666666      0.333333   1.06201e-07   7.10368e-07   4.50154e-14   1.44156e-07        4.7602      -42.5161
00000       1633.15        276000   1.65666e-05   1.35144e-07   0.000130205   8.39984e-05      0.666666      0.333333   1.03556e-07   6.89523e-07   4.48971e-14   1.40276e-07       4.79579       -42.876
00000       1633.15        277000   1.20591e-05   3.10034e-06   3.74469e-06   6.84103e-06      0.666666      0.333333   1.00982e-07   6.69318e-07    4.4779e-14   1.36506e-07       4.83134      -43.2378
00000       1633.15        278000  -1.53407e-05  -2.99261e-05  -6.14337e-06  -2.40994e-05      0.666666      0.333333   9.84783e-08    6.4973e-07    4.4661e-14   1.32843e-07       4.86686      -43.6012
00000       1633.15        279000   3.37441e-05   3.55639e-05  -3.31221e-06   1.76213e-05      0.666666      0.333333   9.60424e-08   6.30741e-07    4.4543e-14   1.29285e-07       4.90233      -43.9664
00000       1633.15        280000  -1.32546e-05  -1.51338e-05   4.80318e-06     7.253e-06      0.666666      0.333333   9.36724e-08   6.12332e-07   4.44252e-14   1.25829e-07       4.93777      -44.3332
00000       1633.15        281000   1.26247e-05   -1.4085e-05   8.16362e-08  -1.38516e-05      0.666666      0.333333   9.13662e-08   5.94483e-07   4.43074e-14    1.2247e-07       4.97317      -44.7019
00000       1633.15        282000   -4.0083e-06   3.74392e-07   1.69691e-06  -9.94427e-07      0.666666      0.333333   8.91221e-08   5.77178e-07   4.41897e-14   1.19206e-07       5.00853      -45.0722
00000       1633.15        283000   1.76475e-05  -8.74854e-06   2.29377e-05   1.85614e-05      0.666666      0.333333   8.69382e-08   5.60398e-07   4.40722e-14   1.16035e-07       5.04385      -45.4443
00000       1633.15        284000   2.11186e-05   3.21289e-05  -8.96343e-06  -4.12446e-05      0.666666      0.333333   8.48128e-08   5.44127e-07   4.39548e-14   1.12953e-07       5.07914      -45.8181
00000       1633.15        285000  -1.06736e-05  -1.52548e-05   4.74379e-05   3.51777e-05      0.666667      0.333333   8.27441e-08   5.28349e-07   4.38374e-14   1.09957e-07       5.11439      -46.1936
00000       1633.15        286000   1.74056e-05   1.84897e-05   4.64846e-07   1.69511e-06      0.666667      0.333333   8.07305e-08   5.13049e-07   4.37202e-14   1.07047e-07        5.1496      -46.5709
00000       1633.15        287000   3.90765e-05   2.98707e-05   7.34892e-05    9.2583e-05      0.666667      0.333333   7.87704e-08   4.98211e-07   4.36031e-14   1.04217e-07       5.18477      -46.9498
00000       1633.15        288000  -1.77228e-05  -1.08333e-05  -2.13898e-05  -1.30346e-05      0.666667      0.333333   7.68623e-08    4.8382e-07   4.34861e-14   1.01467e-07       5.21991      -47.3305
00000       1633.15        289000  -1.26603e-06  -5.14886e-06  -0.000135655  -4.38213e-05      0.666667      0.333333   7.50047e-08   4.69863e-07   4.33692e-14   9.87943e-08       5.25502       -47.713
00000       1633.15        290000    -6.665e-06  -7.04991e-06  -3.19942e-05  -2.47363e-05      0.666667      0.333333   7.31961e-08   4.56326e-07   4.32524e-14   9.61959e-08       5.29008      -48.0971
00000       1633.15        291000  -5.10768e-06  -3.67331e-06   3.15177e-05   1.34326e-05      0.666667      0.333333   7.14351e-08   4.43196e-07   4.31357e-14   9.36699e-08       5.32511       -48.483
00000       1633.15        292000   4.18256e-06   8.05172e-06  -5.10675e-06   5.84151e-06      0.666667      0.333333   6.97203e-08   4.30459e-07   4.30192e-14   9.12142e-08       5.36011      -48.8706
00000       1633.15        293000   1.17637e-05   1.56384e-05  -3.24014e-06   1.03343e-05      0.666667      0.333333   6.80505e-08   4.18105e-07   4.29028e-14   8.88267e-08       5.39506        -49.26
00000       1633.15        294000   5.97505e-06   6.43298e-06   1.28749e-05   9.31199e-07      0.666667      0.333333   6.64244e-08    4.0612e-07   4.27865e-14   8.65054e-08       5.42999       -49.651
00000       1633.15        295000   4.05972e-06   8.72284e-06   2.89074e-05   2.24663e-05      0.666667      0.333333   6.48406e-08   3.94493e-07   4.26703e-14   8.42484e-08       5.46487      -50.0438
00000       1633.15        296000  -2.16645e-05   6.21149e-07   1.08871e-05  -1.88942e-05      0.666667      0.333333   6.32981e-08   3.83213e-07   4.25543e-14   8.20537e-08       5.49973      -50.4384
00000       1633.15        297000  -8.49864e-06   -5.1289e-06   -3.2401e-05  -2.45111e-05      0.666667      0.333333   6.17956e-08   3.72269e-07   4.24384e-14   7.99196e-08       5.53454      -50.8346
00000       1633.15        298000   2.06758e-06   -5.7304e-07   1.25238e-06  -1.20517e-06      0.666667      0.333333    6.0332e-08   3.61651e-07   4.23226e-14   7.78443e-08       5.56933      -51.2326
00000       1633.15        299000   1.03708e-05   8.01726e-06   1.33136e-05    1.4703e-05      0.666667      0.333333   5.89063e-08   3.51348e-07    4.2207e-14    7.5826e-08       5.60407      -51.6323
00000       1633.15        300000  -4.62273e-05  -2.34949e-05  -1.81682e-05  -1.49205e-05      0.666667      0.333333   5.75173e-08   3.41351e-07   4.20915e-14   7.38631e-08       5.63878      -52.0337

