00000          1500          1000   8.83419e-05   0.000163045      -14.2527     -0.182884       0.34368       0.65632   5.58875e-15      -11.1703      -10.1376
00000          1500          2000   -0.00249217  -0.000983279      -14.0968     -0.291602      0.489027      0.510973   8.00154e-15      -10.6355      -10.0144
00000          1500          3000   1.45031e-05   0.000159989      -14.0189     -0.374438      0.577758      0.422242    9.5751e-15      -10.3039      -9.89313
00000          1500          4000   3.80555e-06   5.91133e-05      -13.9677     -0.442907      0.639344      0.360656   1.07728e-14      -10.0513      -9.77371
00000          1500          5000    1.1151e-05   5.77757e-06      -13.9293     -0.501614      0.684945      0.315055   1.17669e-14      -9.84095      -9.65617
00000          1500          6000  -1.88566e-06   -2.0056e-05      -13.8947     -0.564061       0.72714       0.27286   1.27425e-14      -9.63892      -9.54051
00000          1500          7000  -3.22976e-07   3.04619e-07      -13.8682     -0.623655      0.762127      0.237873   1.35463e-14      -9.46076      -9.42673
00000          1500          8000   9.11008e-07    1.2847e-06      -13.8469      -0.68055      0.791335      0.208665   1.42265e-14      -9.29961      -9.31483
00000          1500          9000  -7.66002e-07  -2.38103e-06      -13.8293     -0.734956      0.815904      0.184096   1.48152e-14      -9.15124      -9.20481
00000          1500         10000  -0.000263273    0.00265364      -13.8143     -0.787096      0.836731      0.163269   1.53343e-14      -9.01283      -9.09667
00000          1500         11000   -0.00219447    0.00173064      -13.8014     -0.837181      0.854515      0.145485   1.57993e-14      -8.88245      -8.99041
00000          1500         12000  -0.000514647   0.000826175      -13.7899     -0.885402      0.869804      0.130196   1.62214e-14      -8.75866      -8.88603
00000          1500         13000    0.00163175  -0.000629747      -13.7797     -0.931933      0.883032      0.116968   1.66088e-14      -8.64043      -8.78353
00000          1500         14000   -0.00101729    0.00010652      -13.7704     -0.976926      0.894543      0.105457   1.69678e-14      -8.52693      -8.68291
00000          1500         15000     0.0003906  -0.000479021      -13.7619      -1.02052      0.904614     0.0953859    1.7303e-14      -8.41753      -8.58417
00000          1500         16000  -4.23677e-05   -0.00140948       -13.754      -1.06282      0.913468     0.0865324   1.76184e-14      -8.31172      -8.48731
00000          1500         17000   0.000484652    -2.481e-05      -13.7467      -1.10395      0.921286     0.0787143   1.79167e-14      -8.20909      -8.39233
00000          1500         18000  -0.000649816    -0.0008314      -13.7399      -1.14398      0.928218      0.071782   1.82003e-14      -8.10929      -8.29923
00000          1500         19000   0.000103441   0.000198811      -13.7335      -1.18302      0.934388      0.065612   1.84712e-14      -8.01204      -8.20801
00000          1500         20000  -3.82366e-05   1.65094e-06      -13.7274      -1.22112      0.939899     0.0601012   1.87309e-14      -7.91711      -8.11867
00000          1500         21000   6.57155e-05  -1.99561e-05      -13.7217      -1.25835      0.944837     0.0551634   1.89808e-14      -7.82427      -8.03121
00000          1500         22000   1.97091e-05  -8.32203e-05      -13.7162      -1.29477      0.949274     0.0507257   1.92218e-14      -7.73337      -7.94563
00000          1500         23000   0.000310966   0.000481207       -13.711      -1.33044      0.953274     0.0467263    1.9455e-14      -7.64423      -7.86193
00000          1500         24000   9.01612e-06   1.72813e-05       -13.706       -1.3654      0.956887     0.0431127   1.96811e-14      -7.55674      -7.78011
00000          1500         25000   4.19662e-05   7.03727e-05      -13.7011      -1.39969       0.96016     0.0398396   1.99007e-14      -7.47077      -7.70017
00000          1500         26000  -7.54027e-05  -4.54629e-05      -13.6965      -1.43335      0.963132     0.0368683   2.01145e-14      -7.38621      -7.62211
00000          1500         27000  -1.24631e-05  -2.40129e-05       -13.692      -1.46642      0.965835     0.0341651   2.03229e-14      -7.30298      -7.54593
00000          1500         28000    -6.098e-05   6.51233e-06      -13.6877      -1.49893      0.968299     0.0317011   2.05264e-14      -7.22099      -7.47163
00000          1500         29000   3.79887e-05   2.38992e-05      -13.6835       -1.5309      0.970549     0.0294507   2.07253e-14      -7.14016      -7.39921
00000          1500         30000  -3.98697e-05  -4.91743e-05      -13.6794      -1.56238      0.972608     0.0273918     2.092e-14      -7.06044      -7.32867
00000          1500         31000   0.000172176   3.09214e-05      -13.6755      -1.59338      0.974495     0.0255049   2.11107e-14      -6.98175      -7.26001
00000          1500         32000   1.25931e-05  -7.01582e-05      -13.6717      -1.62392      0.976227     0.0237729   2.12978e-14      -6.90405      -7.19323
00000          1500         33000  -6.61709e-06  -7.74865e-06      -13.6679      -1.65402      0.977819     0.0221807   2.14814e-14      -6.82727      -7.12833
00000          1500         34000  -1.47582e-05  -2.37888e-05      -13.6643      -1.68372      0.979285     0.0207149   2.16618e-14      -6.75139      -7.06531
00000          1500         35000   5.43098e-06  -1.59492e-06      -13.6608      -1.71301      0.980636     0.0193637   2.18392e-14      -6.67635      -7.00417
00000          1500         36000  -1.29275e-05    1.0061e-05      -13.6573      -1.74193      0.981884     0.0181163   2.20136e-14      -6.60211      -6.94491
00000          1500         37000  -3.24138e-05   1.87497e-05      -13.6539      -1.77048      0.983036     0.0169636   2.21853e-14      -6.52864      -6.88753
00000          1500         38000   -1.1561e-05   2.60046e-06      -13.6506      -1.79869      0.984103     0.0158969   2.23545e-14      -6.45591      -6.83203
00000          1500         39000  -8.19653e-06   5.91027e-06      -13.6474      -1.82656      0.985091     0.0149087   2.25211e-14      -6.38388      -6.77841
00000          1500         40000  -1.50416e-06  -8.07056e-06      -13.6443      -1.85411      0.986008     0.0139924   2.26854e-14      -6.31253      -6.72667
00000          1500         41000  -2.24458e-05   2.06142e-07      -13.6412      -1.88135      0.986858     0.0131417   2.28474e-14      -6.24183      -6.67681
00000          1500         42000   -4.0354e-05  -8.92554e-06      -13.6381      -1.90829      0.987649     0.0123512   2.30073e-14      -6.17175      -6.62883
00000          1500         43000  -5.38183e-06   9.98871e-06      -13.6352      -1.93495      0.988384      0.011616   2.31651e-14      -6.10227      -6.58273
00000          1500         44000   4.15635e-07    1.8646e-06      -13.6323      -1.96132      0.989069     0.0109314   2.33209e-14      -6.03337      -6.53851
00000          1500         45000   4.93989e-06  -1.74637e-06      -13.6294      -1.98743      0.989706     0.0102936   2.34747e-14      -5.96503      -6.49617
00000          1500         46000   1.08686e-05  -8.88348e-06      -13.6266      -2.01329      0.990301    0.00969871   2.36267e-14      -5.89723      -6.45571
00000          1500         47000    4.4058e-05   7.94188e-06      -13.6238      -2.03889      0.990857    0.00914348   2.37769e-14      -5.82995      -6.41713
00000          1500         48000   7.17595e-07  -1.48191e-05      -13.6211      -2.06425      0.991375    0.00862483   2.39254e-14      -5.76317      -6.38043
00000          1500         49000   4.75029e-05  -7.95547e-06      -13.6185      -2.08938       0.99186    0.00813998   2.40722e-14      -5.69688      -6.34561
00000          1500         50000   1.99332e-07  -3.45756e-06      -13.6159      -2.11428      0.992314     0.0076864   2.42173e-14      -5.63106      -6.31267
00000          1500         51000   2.74618e-06  -1.03269e-06      -13.6133      -2.13896      0.992738    0.00726177   2.43609e-14       -5.5657      -6.28161
00000          1500         52000   7.89769e-08    1.5461e-05      -13.6108      -2.16342      0.993136    0.00686397   2.45029e-14      -5.50078      -6.25243
00000          1500         53000  -1.08361e-06   1.50494e-06      -13.6083      -2.18769      0.993509    0.00649105   2.46434e-14       -5.4363      -6.22513
00000          1500         54000  -7.82221e-06   7.47194e-06      -13.6059      -2.21174      0.993859    0.00614123   2.47824e-14      -5.37223      -6.19971
00000          1500         55000   1.19959e-06  -1.46862e-06      -13.6035      -2.23561      0.994187    0.00581287     2.492e-14      -5.30857      -6.17617
00000          1500         56000   1.36804e-06  -2.93006e-07      -13.6011      -2.25928      0.994496    0.00550448   2.50563e-14      -5.24531      -6.15451
00000          1500         57000  -9.72455e-06  -1.40223e-05      -13.5988      -2.28277      0.994785    0.00521467   2.51911e-14      -5.18243      -6.13473
00000          1500         58000  -5.08601e-06  -9.22638e-06      -13.5965      -2.30608      0.995058    0.00494216   2.53246e-14      -5.11993      -6.11683
00000          1500         59000   5.04878e-06  -2.54534e-06      -13.5942      -2.32922      0.995314    0.00468578   2.54569e-14      -5.05779      -6.10081
00000          1500         60000   1.48715e-05   4.27595e-06       -13.592      -2.35218      0.995556    0.00444444   2.55878e-14        -4.996      -6.08667
00000          1500         61000   6.32589e-06   1.59832e-06      -13.5898      -2.37498      0.995783    0.00421714   2.57175e-14      -4.93457      -6.07441
00000          1500         62000  -2.85134e-05  -2.55285e-06      -13.5876      -2.39762      0.995997    0.00400297   2.58459e-14      -4.87347      -6.06403
00000          1500         63000  -2.15189e-05  -1.55808e-06      -13.5855       -2.4201      0.996199    0.00380105   2.59732e-14      -4.81271      -6.05553
00000          1500         64000  -2.06764e-06  -1.46814e-07      -13.5834      -2.44242      0.996389    0.00361059   2.60993e-14      -4.75226      -6.04891
00000          1500         65000   1.04761e-05   -1.5057e-06      -13.5813       -2.4646      0.996569    0.00343087   2.62242e-14      -4.69213      -6.04417
00000          1500         66000  -1.50868e-05   1.68482e-06      -13.5793      -2.48662      0.996739     0.0032612   2.63479e-14      -4.63231      -6.04131
00000          1500         67000   1.64328e-06   3.03327e-06      -13.5772      -2.50851      0.996899    0.00310094   2.64705e-14       -4.5728      -6.04033
00000          1500         68000   1.26264e-05   7.61062e-06      -13.5752      -2.53025       0.99705    0.00294951   2.65921e-14      -4.51357      -6.04123
00000          1500         69000  -2.52039e-08   1.71515e-06      -13.5733      -2.55186      0.997194    0.00280636   2.67125e-14      -4.45463      -6.04401
00000          1500         70000   9.49797e-06  -2.24153e-06      -13.5713      -2.57333      0.997329    0.00267098   2.68319e-14      -4.39598      -6.04867
00000          1500         71000  -2.44415e-05  -6.20566e-06      -13.5694      -2.59467      0.997457     0.0025429   2.69502e-14       -4.3376      -6.05521
00000          1500         72000  -2.34573e-05  -1.20438e-05      -13.5676      -2.61588      0.997578    0.00242167   2.70674e-14      -4.27949      -6.06363
00000          1500         73000    -0.0245042   -0.00948772      -13.5657      -2.63697      0.997693     0.0023069   2.71837e-14      -4.22165      -6.07393
00000          1500         74000   2.29978e-06   8.50909e-07      -13.5639      -2.65794      0.997802    0.00219818   2.72988e-14      -4.16407      -6.08611
00000          1500         75000  -7.17357e-06  -2.17289e-05       -13.562      -2.67878      0.997905    0.00209517   2.74131e-14      -4.10674      -6.10017
00000          1500         76000  -1.38426e-06  -3.62898e-06      -13.5603      -2.69951      0.998002    0.00199753   2.75263e-14      -4.04966      -6.11611
00000          1500         77000  -1.58165e-05  -4.08509e-05      -13.5585      -2.72012      0.998095    0.00190494   2.76385e-14      -3.99283      -6.13393
00000          1500         78000   1.40758e-05   1.10967e-05      -13.5567      -2.74062      0.998183    0.00181712   2.77498e-14      -3.93623      -6.15363
00000          1500         79000   5.72713e-06   5.90859e-06       -13.555        -2.761      0.998266     0.0017338   2.78601e-14      -3.87987      -6.17521
00000          1500         80000   2.79359e-06  -2.98349e-06      -13.5533      -2.78128      0.998345     0.0016547   2.79695e-14      -3.82375      -6.19867
00000          1500         81000   1.23802e-06   2.87459e-06      -13.5516      -2.80145       0.99842    0.00157961   2.80779e-14      -3.76784      -6.22401
00000          1500         82000   1.69239e-08   7.95801e-07        -13.55      -2.82152      0.998492    0.00150829   2.81854e-14      -3.71217      -6.25123
00000          1500         83000   2.17102e-06  -4.51107e-06      -13.5483      -2.84148      0.998559    0.00144053    2.8292e-14      -3.65671      -6.28033
00000          1500         84000   3.39239e-05   7.09411e-06      -13.5467      -2.86134      0.998624    0.00137613   2.83977e-14      -3.60147      -6.31131
00000          1500         85000   4.14708e-07   3.56319e-06      -13.5451       -2.8811      0.998685    0.00131491   2.85025e-14      -3.54644      -6.34417
00000          1500         86000   5.35059e-07   3.76996e-07      -13.5435      -2.90077      0.998743     0.0012567   2.86064e-14      -3.49161      -6.37891
00000          1500         87000  -1.02925e-05   1.60366e-06       -13.542      -2.92034      0.998799    0.00120133   2.87095e-14        -3.437      -6.41553
00000          1500         88000  -1.31426e-07   2.46051e-07      -13.5404      -2.93981      0.998851    0.00114864   2.88117e-14      -3.38258      -6.45403
00000          1500         89000  -2.88623e-06  -2.77134e-07      -13.5389       -2.9592      0.998901    0.00109851    2.8913e-14      -3.32836      -6.49441
00000          1500         90000   2.12209e-05   2.88965e-05      -13.5374      -2.97849      0.998949    0.00105077   2.90134e-14      -3.27434      -6.53667
00000          1500         91000   2.25239e-05  -4.00987e-06      -13.5359      -2.99769      0.998995    0.00100532   2.91131e-14       -3.2205      -6.58081
00000          1500         92000   7.09349e-06   8.27604e-06      -13.5344      -3.01681      0.999038   0.000962035   2.92118e-14      -3.16686      -6.62683
00000          1500         93000    1.9592e-05  -2.44504e-05       -13.533      -3.03584      0.999079   0.000920792   2.93098e-14       -3.1134      -6.67473
00000          1500         94000   -4.7405e-06  -4.74048e-06      -13.5316      -3.05478      0.999119    0.00088149   2.94069e-14      -3.06013      -6.72451
00000          1500         95000   8.20343e-06   1.17576e-05      -13.5301      -3.07364      0.999156   0.000844027   2.95033e-14      -3.00703      -6.77617
00000          1500         96000  -1.20247e-05  -2.42871e-05      -13.5287      -3.09242      0.999192    0.00080831   2.95988e-14      -2.95412      -6.82971
00000          1500         97000   6.71724e-06   1.21524e-05      -13.5273      -3.11112      0.999226   0.000774248   2.96935e-14      -2.90137      -6.88513
00000          1500         98000  -4.58022e-08   7.96081e-06       -13.526      -3.12974      0.999258   0.000741757   2.97874e-14       -2.8488      -6.94243
00000          1500         99000   5.27813e-06  -1.78698e-06      -13.5246      -3.14828      0.999289   0.000710759   2.98805e-14       -2.7964      -7.00161
00000          1500        100000   2.54112e-06  -3.62726e-06      -13.5233      -3.16674      0.999319   0.000681176   2.99729e-14      -2.74417      -7.06267
00000          1500        101000  -2.37633e-07  -6.61676e-07      -13.5219      -3.18513      0.999347    0.00065294   3.00644e-14       -2.6921      -7.12561
00000          1500        102000  -2.32263e-07  -2.21403e-06      -13.5206      -3.20344      0.999374   0.000625981   3.01552e-14      -2.64019      -7.19043
00000          1500        103000  -1.73457e-06   7.29455e-06      -13.5193      -3.22168        0.9994   0.000600238   3.02453e-14      -2.58845      -7.25713
00000          1500        104000  -2.82387e-06  -8.32324e-06      -13.5181      -3.23984      0.999424    0.00057565   3.03345e-14      -2.53686      -7.32571
00000          1500        105000  -8.30798e-07   3.37604e-08      -13.5168      -3.25794      0.999448    0.00055216   3.04231e-14      -2.48543      -7.39617
00000          1500        106000   4.69063e-05   2.56693e-05      -13.5155      -3.27596       0.99947   0.000529714   3.05108e-14      -2.43415      -7.46851
00000          1500        107000   6.95786e-06  -5.30041e-06      -13.5143      -3.29391      0.999492   0.000508263   3.05979e-14      -2.38302      -7.54273
00000          1500        108000   4.71835e-06  -1.13187e-06      -13.5131       -3.3118      0.999512   0.000487757   3.06842e-14      -2.33205      -7.61883
00000          1500        109000  -4.10912e-06   8.90801e-06      -13.5119      -3.32961      0.999532   0.000468151   3.07697e-14      -2.28122      -7.69681
00000          1500        110000  -6.51395e-07  -7.43821e-08      -13.5107      -3.34736      0.999551   0.000449403   3.08546e-14      -2.23053      -7.77667
00000          1500        111000   -3.8235e-06  -2.66838e-07      -13.5095      -3.36505      0.999569    0.00043147   3.09387e-14         -2.18      -7.85841
00000          1500        112000   1.12378e-05   7.05112e-06      -13.5083      -3.38267      0.999586   0.000414315   3.10221e-14       -2.1296      -7.94203
00000          1500        113000  -4.05721e-06   9.91891e-06      -13.5072      -3.40022      0.999602   0.000397901   3.11048e-14      -2.07934      -8.02753
00000          1500        114000  -2.35596e-07   9.08069e-07       -13.506      -3.41772      0.999618   0.000382193   3.11868e-14      -2.02923      -8.11491
00000          1500        115000    -0.0043753     -0.010372      -13.5049      -3.43515      0.999633   0.000367157   3.12681e-14      -1.97925      -8.20417
00000          1500        116000   3.36977e-06   2.02331e-06      -13.5038      -3.45252      0.999647   0.000352763   3.13487e-14       -1.9294      -8.29531
00000          1500        117000  -2.12647e-06  -2.32962e-06      -13.5027      -3.46983      0.999661    0.00033898   3.14286e-14      -1.87969      -8.38833
00000          1500        118000  -1.28521e-05  -1.48585e-05      -13.5016      -3.48707      0.999674   0.000325781   3.15078e-14      -1.83011      -8.48323
00000          1500        119000   7.70733e-06  -2.07531e-06      -13.5005      -3.50426      0.999687   0.000313139   3.15863e-14      -1.78066      -8.58001
00000          1500        120000   1.23674e-05   3.50516e-06      -13.4994      -3.52139      0.999699   0.000301027   3.16641e-14      -1.73134      -8.67867
00000          1500        121000  -3.32267e-06  -1.90639e-06      -13.4984      -3.53847      0.999711   0.000289423   3.17413e-14      -1.68215      -8.77921
00000          1500        122000   9.67879e-06   4.45544e-06      -13.4973      -3.55548      0.999722   0.000278302   3.18178e-14      -1.63308      -8.88163
00000          1500        123000    7.7032e-07  -5.41972e-06      -13.4963      -3.57244      0.999732   0.000267643   3.18936e-14      -1.58414      -8.98593
00000          1500        124000   7.86829e-07  -8.62688e-07      -13.4953      -3.58935      0.999743   0.000257426   3.19688e-14      -1.53532      -9.09211
00000          1500        125000   5.81768e-06   3.98775e-06      -13.4943       -3.6062      0.999752   0.000247629   3.20433e-14      -1.48662      -9.20017
00000          1500        126000  -7.34259e-06   2.14537e-06      -13.4933      -3.62299      0.999762   0.000238235   3.21172e-14      -1.43804      -9.31011
00000          1500        127000     0.0381718    0.00909294      -13.4923      -3.63974      0.999771   0.000229226   3.21903e-14      -1.38959      -9.42193
00000          1500        128000  -1.33034e-05   1.07653e-06      -13.4913      -3.65642      0.999779   0.000220585   3.22629e-14      -1.34124      -9.53563
00000          1500        129000  -6.01683e-06   2.57212e-06      -13.4903      -3.67306      0.999788   0.000212294   3.23348e-14      -1.29302      -9.65121
00000          1500        130000   1.63619e-05   1.12947e-05      -13.4894      -3.68965      0.999796    0.00020434   3.24061e-14      -1.24491      -9.76867
00000          1500        131000   1.51032e-05  -1.63374e-06      -13.4884      -3.70618      0.999803   0.000196707   3.24767e-14      -1.19692      -9.88801
00000          1500        132000   4.03573e-06   1.12264e-06      -13.4875      -3.72266      0.999811   0.000189381   3.25467e-14      -1.14903      -10.0092
00000          1500        133000    -4.209e-06   9.74894e-06      -13.4866       -3.7391      0.999818   0.000182348   3.26161e-14      -1.10126      -10.1323
00000          1500        134000   9.60446e-06  -3.34701e-05      -13.4857      -3.75548      0.999824   0.000175597   3.26849e-14       -1.0536      -10.2573
00000          1500        135000   1.82963e-06   5.52871e-07      -13.4847      -3.77182      0.999831   0.000169115    3.2753e-14      -1.00605      -10.3842
00000          1500        136000   3.48556e-05    3.5716e-06      -13.4839      -3.78811      0.999837    0.00016289   3.28205e-14     -0.958606      -10.5129
00000          1500        137000  -4.64888e-06   9.12805e-07       -13.483      -3.80434      0.999843   0.000156912   3.28874e-14     -0.911269      -10.6435
00000          1500        138000   3.89911e-07  -8.99654e-06      -13.4821      -3.82054      0.999849   0.000151169   3.29537e-14     -0.864038       -10.776
00000          1500        139000   1.64369e-06   1.05236e-06      -13.4812      -3.83668      0.999854   0.000145652   3.30194e-14     -0.816912      -10.9104
00000          1500        140000   2.53229e-05  -3.86243e-06      -13.4804      -3.85278       0.99986   0.000140352   3.30844e-14     -0.769889      -11.0467
00000          1500        141000   2.43725e-06   2.69968e-06      -13.4795      -3.86884      0.999865   0.000135258   3.31489e-14     -0.722969      -11.1848
00000          1500        142000  -4.01378e-07  -3.41816e-06      -13.4787      -3.88484       0.99987   0.000130363   3.32128e-14     -0.676151      -11.3248
00000          1500        143000  -3.72547e-06   7.47915e-06      -13.4779      -3.90081      0.999874   0.000125658   3.32761e-14     -0.629434      -11.4667
00000          1500        144000    -1.773e-05   -1.2436e-05      -13.4771      -3.91673      0.999879   0.000121135   3.33388e-14     -0.582816      -11.6105
00000          1500        145000   -1.0336e-06  -9.15342e-06      -13.4762       -3.9326      0.999883   0.000116787   3.34009e-14     -0.536297      -11.7562
00000          1500        146000   8.19148e-06   7.52221e-06      -13.4754      -3.94844      0.999887   0.000112606   3.34624e-14     -0.489875      -11.9037
00000          1500        147000   2.16074e-05   4.98779e-06      -13.4747      -3.96423      0.999891   0.000108586   3.35233e-14     -0.443551      -12.0531
00000          1500        148000   5.57659e-06   3.18976e-06      -13.4739      -3.97997      0.999895   0.000104719   3.35837e-14     -0.397322      -12.2044
00000          1500        149000        0.0235     0.0134567      -13.4731      -3.99568      0.999899      0.000101   3.36434e-14     -0.351189      -12.3576
00000          1500        150000   4.43326e-06   4.73492e-06      -13.4723      -4.01134      0.999903   9.74218e-05   3.37027e-14     -0.305149      -12.5127
00000          1500        151000   1.96158e-06  -4.32948e-06      -13.4716      -4.02697      0.999906   9.39796e-05   3.37613e-14     -0.259203      -12.6696
00000          1500        152000   1.59347e-06  -5.28328e-06      -13.4708      -4.04255      0.999909   9.06676e-05   3.38194e-14     -0.213349      -12.8284
00000          1500        153000   1.12768e-06   4.80788e-07      -13.4701      -4.05809      0.999913   8.74803e-05   3.38769e-14     -0.167587      -12.9891
00000          1500        154000  -3.08462e-06  -5.94818e-06      -13.4694      -4.07359      0.999916   8.44129e-05   3.39339e-14     -0.121916      -13.1517
00000          1500        155000  -1.54039e-05  -2.72564e-06      -13.4686      -4.08905      0.999919   8.14605e-05   3.39903e-14    -0.0763341      -13.3162
00000          1500        156000   3.91061e-05   1.65539e-05      -13.4679      -4.10448      0.999921   7.86184e-05   3.40461e-14    -0.0308417      -13.4825
00000          1500        157000   9.36925e-08  -1.51008e-05      -13.4672      -4.11986      0.999924   7.58822e-05   3.41014e-14     0.0145624      -13.6507
00000          1500        158000  -2.10039e-06  -2.60996e-07      -13.4665      -4.13521      0.999927   7.32478e-05   3.41562e-14     0.0598789      -13.8208
00000          1500        159000  -1.82294e-05   6.40436e-06      -13.4658      -4.15051      0.999929    7.0711e-05   3.42104e-14      0.105109      -13.9928
00000          1500        160000   2.94614e-06   2.15347e-06      -13.4652      -4.16578      0.999932    6.8268e-05    3.4264e-14      0.150252      -14.1667
00000          1500        161000   7.23323e-06    -4.622e-06      -13.4645      -4.18101      0.999934   6.59151e-05   3.43171e-14      0.195311      -14.3424
00000          1500        162000  -6.81893e-06   2.61737e-06      -13.4638      -4.19621      0.999936   6.36487e-05   3.43697e-14      0.240285        -14.52
00000          1500        163000  -1.27845e-06   3.71137e-06      -13.4632      -4.21137      0.999939   6.14655e-05   3.44217e-14      0.285175      -14.6995
00000          1500        164000    -0.0273552   -0.00367881      -13.4625      -4.22649      0.999941   5.93621e-05   3.44733e-14      0.329983      -14.8809
00000          1500        165000   -8.5219e-06   8.03171e-07      -13.4619      -4.24158      0.999943   5.73353e-05   3.45242e-14      0.374706      -15.0642
00000          1500        166000   4.37685e-06  -4.55948e-07      -13.4612      -4.25663      0.999945   5.53824e-05   3.45747e-14      0.419349      -15.2493
00000          1500        167000  -1.56565e-05  -5.97742e-06      -13.4606      -4.27164      0.999946   5.35003e-05   3.46246e-14      0.463911      -15.4363
00000          1500        168000  -3.88755e-06  -1.07213e-06        -13.46      -4.28662      0.999948   5.16864e-05    3.4674e-14      0.508392      -15.6252
00000          1500        169000    -0.0248284    -0.0125289      -13.4594      -4.30157       0.99995   4.99379e-05    3.4723e-14      0.552795       -15.816
00000          1500        170000   2.08125e-05  -1.94545e-06      -13.4588      -4.31648      0.999952   4.82525e-05   3.47713e-14      0.597117      -16.0087
00000          1500        171000  -2.74674e-06  -5.06921e-06      -13.4582      -4.33136      0.999953   4.66275e-05   3.48192e-14      0.641361      -16.2032
00000          1500        172000   1.20678e-05   -1.4378e-07      -13.4576       -4.3462      0.999955   4.50608e-05   3.48665e-14      0.685527      -16.3996
00000          1500        173000   2.71495e-05   7.73409e-06       -13.457      -4.36101      0.999956   4.35501e-05   3.49134e-14      0.729617      -16.5979
00000          1500        174000  -6.98717e-07  -5.26045e-06      -13.4564      -4.37579      0.999958   4.20933e-05   3.49597e-14       0.77363      -16.7981
00000          1500        175000     0.0303583     0.0186659      -13.4559      -4.39053      0.999959   4.06883e-05   3.50055e-14      0.817565      -17.0002
00000          1500        176000  -3.65795e-06   9.82449e-06      -13.4553      -4.40524      0.999961   3.93331e-05   3.50509e-14      0.861428      -17.2041
00000          1500        177000   7.09906e-06   3.69135e-06      -13.4547      -4.41992      0.999962    3.8026e-05   3.50957e-14      0.905215      -17.4099
00000          1500        178000  -2.34223e-06   2.15419e-06      -13.4542      -4.43457      0.999963   3.67649e-05   3.51401e-14      0.948927      -17.6176
00000          1500        179000  -2.44437e-06   1.02723e-06      -13.4537      -4.44918      0.999964   3.55483e-05   3.51839e-14      0.992566      -17.8272
00000          1500        180000  -6.32666e-07   -6.8173e-06      -13.4531      -4.46376      0.999966   3.43745e-05   3.52273e-14       1.03613      -18.0387
00000          1500        181000   6.23274e-06  -2.81019e-06      -13.4526      -4.47832      0.999967   3.32418e-05   3.52702e-14       1.07963       -18.252
00000          1500        182000   2.02746e-05  -1.47388e-05      -13.4521      -4.49284      0.999968   3.21488e-05   3.53125e-14       1.12305      -18.4672
00000          1500        183000   5.23774e-07   -1.7837e-07      -13.4516      -4.50733      0.999969   3.10939e-05   3.53544e-14        1.1664      -18.6843
00000          1500        184000   1.94406e-07  -2.50995e-06       -13.451      -4.52178       0.99997   3.00757e-05   3.53959e-14       1.20968      -18.9033
00000          1500        185000  -1.08346e-06  -4.30745e-06      -13.4505      -4.53621      0.999971   2.90929e-05   3.54368e-14       1.25289      -19.1242
00000          1500        186000  -3.48809e-06  -2.33837e-06        -13.45      -4.55061      0.999972   2.81441e-05   3.54773e-14       1.29603      -19.3469
00000          1500        187000   4.68875e-06   6.04581e-07      -13.4496      -4.56498      0.999973   2.72282e-05   3.55173e-14        1.3391      -19.5715
00000          1500        188000  -2.70228e-06   3.78972e-06      -13.4491      -4.57932      0.999974   2.63439e-05   3.55568e-14        1.3821       -19.798
00000          1500        189000  -2.42041e-06  -1.23302e-06      -13.4486      -4.59363      0.999975     2.549e-05   3.55958e-14       1.42503      -20.0264
00000          1500        190000  -8.26966e-06  -5.80545e-06      -13.4481      -4.60791      0.999975   2.46654e-05   3.56344e-14        1.4679      -20.2567
00000          1500        191000   5.97501e-06   1.45395e-05      -13.4477      -4.62216      0.999976   2.38691e-05   3.56726e-14       1.51069      -20.4888
00000          1500        192000  -9.34987e-06   -1.4994e-05      -13.4472      -4.63639      0.999977      2.31e-05   3.57102e-14       1.55343      -20.7228
00000          1500        193000   1.71571e-05  -9.98149e-06      -13.4468      -4.65058      0.999978   2.23572e-05   3.57474e-14       1.59609      -20.9587
00000          1500        194000   7.71521e-06  -2.58391e-07      -13.4463      -4.66475      0.999978   2.16397e-05   3.57842e-14       1.63869      -21.1965
00000          1500        195000  -2.32088e-05   1.77233e-05      -13.4459      -4.67889      0.999979   2.09465e-05   3.58204e-14       1.68122      -21.4362
00000          1500        196000   1.06949e-05   5.18496e-06      -13.4454        -4.693       0.99998   2.02769e-05   3.58563e-14       1.72369      -21.6777
00000          1500        197000  -5.70869e-06   5.67525e-06       -13.445      -4.70708       0.99998   1.96299e-05   3.58916e-14        1.7661      -21.9211
00000          1500        198000  -3.47183e-06   2.67143e-06      -13.4446      -4.72114      0.999981   1.90047e-05   3.59266e-14       1.80844      -22.1664
00000          1500        199000  -1.43097e-05   -1.4103e-05      -13.4442      -4.73517      0.999982   1.84006e-05   3.59611e-14       1.85072      -22.4136
00000          1500        200000   4.94273e-06   2.96488e-06      -13.4438      -4.74917      0.999982   1.78169e-05   3.59951e-14       1.89293      -22.6627
00000          1500        201000   1.17197e-05    8.5411e-06      -13.4434      -4.76314      0.999983   1.72527e-05   3.60287e-14       1.93508      -22.9136
00000          1500        202000   1.20285e-05   6.97923e-06       -13.443      -4.77709      0.999983   1.67073e-05   3.60619e-14       1.97717      -23.1664
00000          1500        203000   9.71655e-06   6.49873e-06      -13.4426      -4.79102      0.999984   1.61802e-05   3.60946e-14        2.0192      -23.4211
00000          1500        204000  -1.59707e-06  -5.17306e-07      -13.4422      -4.80491      0.999984   1.56707e-05   3.61269e-14       2.06116      -23.6777
00000          1500        205000   3.24499e-06   7.75402e-06      -13.4418      -4.81878      0.999985   1.51781e-05   3.61587e-14       2.10307      -23.9362
00000          1500        206000   9.58642e-06   4.87801e-06      -13.4414      -4.83263      0.999985   1.47019e-05   3.61901e-14       2.14491      -24.1965
00000          1500        207000   1.29627e-05   2.86207e-06       -13.441      -4.84644      0.999986   1.42415e-05   3.62211e-14        2.1867      -24.4587
00000          1500        208000   2.87525e-06   3.01853e-06      -13.4407      -4.86024      0.999986   1.37963e-05   3.62517e-14       2.22842      -24.7228
00000          1500        209000    -0.0362009    -0.0235106      -13.4403      -4.87401      0.999987   1.33658e-05   3.62819e-14       2.27009      -24.9888
00000          1500        210000  -6.23704e-06   7.70844e-06        -13.44      -4.88775      0.999987   1.29494e-05   3.63115e-14       2.31169      -25.2567
00000          1500        211000  -2.30383e-06   1.05934e-05      -13.4396      -4.90147      0.999987   1.25468e-05   3.63408e-14       2.35324      -25.5264
00000          1500        212000   1.34677e-05   8.44171e-07      -13.4393      -4.91516      0.999988   1.21574e-05   3.63697e-14       2.39473       -25.798
00000          1500        213000    4.5481e-05  -5.52813e-07      -13.4389      -4.92883      0.999988   1.17807e-05   3.63982e-14       2.43616      -26.0715
00000          1500        214000  -4.58327e-07   4.20024e-06      -13.4386      -4.94247      0.999989   1.14163e-05   3.64262e-14       2.47753      -26.3469
00000          1500        215000   1.83274e-05   8.96314e-06      -13.4383      -4.95609      0.999989   1.10638e-05   3.64538e-14       2.51885      -26.6242
00000          1500        216000  -3.73248e-06   1.48165e-06      -13.4379      -4.96969      0.999989   1.07228e-05    3.6481e-14       2.56011      -26.9033
00000          1500        217000  -1.98903e-05  -6.62281e-06      -13.4376      -4.98326       0.99999   1.03929e-05   3.65078e-14       2.60131      -27.1843
00000          1500        218000    -0.0022682    -0.0154181      -13.4373      -4.99681       0.99999   1.00737e-05   3.65343e-14       2.64246      -27.4672
00000          1500        219000  -3.06216e-06   5.70281e-06       -13.437      -5.01034       0.99999   9.76479e-06   3.65602e-14       2.68355       -27.752
00000          1500        220000   1.35085e-06  -2.46514e-06      -13.4367      -5.02384      0.999991   9.46588e-06   3.65858e-14       2.72459      -28.0387
00000          1500        221000   4.47285e-06  -8.51665e-07      -13.4364      -5.03732      0.999991   9.17661e-06    3.6611e-14       2.76557      -28.3272
00000          1500        222000   4.49899e-06  -8.61887e-06      -13.4361      -5.05077      0.999991   8.89665e-06   3.66358e-14        2.8065      -28.6176
00000          1500        223000  -2.04895e-05   -7.5204e-06      -13.4358      -5.06421      0.999991   8.62569e-06   3.66602e-14       2.84737      -28.9099
00000          1500        224000  -1.10541e-05   3.94108e-06      -13.4355      -5.07762      0.999992   8.36342e-06   3.66842e-14       2.88819      -29.2041
00000          1500        225000   1.23346e-05   3.13556e-06      -13.4352        -5.091      0.999992   8.10955e-06   3.67078e-14       2.92896      -29.5002
00000          1500        226000   8.18167e-06  -1.17553e-05       -13.435      -5.10437      0.999992   7.86378e-06    3.6731e-14       2.96967      -29.7981
00000          1500        227000   1.20532e-05   3.68126e-06      -13.4347      -5.11771      0.999992   7.62586e-06   3.67539e-14       3.01033      -30.0979
00000          1500        228000  -2.62284e-07   2.57131e-06      -13.4344      -5.13103      0.999993   7.39552e-06   3.67763e-14       3.05093      -30.3996
00000          1500        229000  -6.34766e-06  -1.60134e-06      -13.4342      -5.14433      0.999993   7.17249e-06   3.67983e-14       3.09149      -30.7032
00000          1500        230000     6.099e-07    5.0792e-07      -13.4339      -5.15761      0.999993   6.95654e-06     3.682e-14       3.13199      -31.0087
00000          1500        231000  -9.29169e-07    3.8927e-06      -13.4337      -5.17086      0.999993   6.74743e-06   3.68413e-14       3.17244       -31.316
00000          1500        232000   1.72819e-06   7.56409e-07      -13.4334      -5.18409      0.999993   6.54493e-06   3.68622e-14       3.21284      -31.6252
00000          1500        233000  -1.74597e-06   2.43512e-07      -13.4332      -5.19731      0.999994   6.34883e-06   3.68827e-14       3.25318      -31.9363
00000          1500        234000   7.30783e-06   1.88944e-06      -13.4329       -5.2105      0.999994    6.1589e-06   3.69029e-14       3.29348      -32.2493
00000          1500        235000  -4.78321e-07    1.2032e-06      -13.4327      -5.22367      0.999994   5.97494e-06   3.69227e-14       3.33373      -32.5642
00000          1500        236000    4.4262e-06   4.22055e-06      -13.4325      -5.23681      0.999994   5.79676e-06   3.69421e-14       3.37392      -32.8809
00000          1500        237000   3.02721e-06   1.03238e-05      -13.4323      -5.24994      0.999994   5.62416e-06   3.69611e-14       3.41407      -33.1995
00000          1500        238000   1.38391e-05   8.06991e-06       -13.432      -5.26305      0.999995   5.45696e-06   3.69798e-14       3.45416        -33.52
00000          1500        239000   2.83908e-07  -1.15368e-07      -13.4318      -5.27613      0.999995   5.29499e-06   3.69981e-14       3.49421      -33.8424
00000          1500        240000  -2.44385e-07  -3.60495e-07      -13.4316       -5.2892      0.999995   5.13807e-06    3.7016e-14       3.53421      -34.1667
00000          1500        241000   1.22193e-05   6.08113e-06      -13.4314      -5.30225      0.999995   4.98603e-06   3.70336e-14       3.57416      -34.4928
00000          1500        242000   1.97116e-05   1.66855e-05      -13.4312      -5.31527      0.999995   4.83871e-06   3.70508e-14       3.61406      -34.8208
00000          1500        243000   1.05018e-05    1.3198e-06       -13.431      -5.32827      0.999995   4.69597e-06   3.70676e-14       3.65391      -35.1507
00000          1500        244000  -1.40097e-06   -1.9932e-06      -13.4308      -5.34126      0.999995   4.55765e-06   3.70841e-14       3.69371      -35.4825
00000          1500        245000   5.03671e-07   7.10867e-06      -13.4306      -5.35422      0.999996    4.4236e-06   3.71002e-14       3.73347      -35.8162
00000          1500        246000   3.70125e-06   1.17265e-05      -13.4304      -5.36717      0.999996   4.29369e-06    3.7116e-14       3.77318      -36.1517
00000          1500        247000  -2.57092e-06  -7.95539e-07      -13.4303      -5.38009      0.999996   4.16779e-06   3.71314e-14       3.81284      -36.4891
00000          1500        248000    -0.0196572    -0.0150825      -13.4301        -5.393      0.999996   4.04576e-06   3.71465e-14       3.85246      -36.8284
00000          1500        249000     0.0364473    0.00361633      -13.4299      -5.40589      0.999996   3.92747e-06   3.71611e-14       3.89202      -37.1696
00000          1500        250000  -7.24423e-06    7.4971e-06      -13.4297      -5.41875      0.999996   3.81282e-06   3.71756e-14       3.93155      -37.5127
00000          1500        251000    2.3671e-06  -3.93542e-07      -13.4296       -5.4316      0.999996   3.70168e-06   3.71896e-14       3.97102      -37.8576
00000          1500        252000   1.45828e-06  -5.97467e-06      -13.4294      -5.44443      0.999996   3.59393e-06   3.72033e-14       4.01045      -38.2044
00000          1500        253000  -2.06131e-06   2.37125e-05      -13.4293      -5.45724      0.999997   3.48948e-06   3.72166e-14       4.04984      -38.5531
00000          1500        254000  -1.73337e-06  -6.19529e-06      -13.4291      -5.47003      0.999997    3.3882e-06   3.72296e-14       4.08918      -38.9037
00000          1500        255000  -2.22243e-06  -2.46031e-06       -13.429       -5.4828      0.999997   3.29001e-06   3.72423e-14       4.12847      -39.2562
00000          1500        256000   1.30216e-06   1.60472e-05      -13.4288      -5.49556      0.999997    3.1948e-06   3.72546e-14       4.16772      -39.6105
00000          1500        257000   2.32231e-05   1.27962e-05      -13.4287      -5.50829      0.999997   3.10248e-06   3.72666e-14       4.20692      -39.9667
00000          1500        258000   1.75237e-06  -7.64536e-06      -13.4285      -5.52101      0.999997   3.01295e-06   3.72783e-14       4.24608      -40.3248
00000          1500        259000  -2.79117e-06  -2.38344e-06      -13.4284      -5.53371      0.999997   2.92613e-06   3.72896e-14        4.2852      -40.6848
00000          1500        260000   6.58423e-06   2.72092e-06      -13.4283      -5.54639      0.999997   2.84193e-06   3.73006e-14       4.32427      -41.0467
00000          1500        261000    2.2808e-05   3.61506e-05      -13.4282      -5.55905      0.999997   2.76027e-06   3.73112e-14        4.3633      -41.4104
00000          1500        262000  -1.08793e-06  -6.38232e-06       -13.428      -5.57169      0.999997   2.68107e-06   3.73216e-14       4.40228       -41.776
00000          1500        263000   8.27626e-07   1.17347e-07      -13.4279      -5.58432      0.999997   2.60425e-06   3.73316e-14       4.44122      -42.1435
00000          1500        264000   1.34943e-05  -1.43474e-05      -13.4278      -5.59693      0.999997   2.52973e-06   3.73412e-14       4.48012      -42.5129
00000          1500        265000   6.68288e-06  -1.14454e-05      -13.4277      -5.60952      0.999998   2.45744e-06   3.73506e-14       4.51897      -42.8842
00000          1500        266000    -1.047e-05  -1.00348e-05      -13.4276      -5.62209      0.999998   2.38732e-06   3.73596e-14       4.55779      -43.2573
00000          1500        267000   5.42865e-06  -7.25733e-07      -13.4275      -5.63465      0.999998   2.31929e-06   3.73684e-14       4.59656      -43.6323
00000          1500        268000   2.41736e-07  -2.72456e-06      -13.4274      -5.64718      0.999998   2.25329e-06   3.73768e-14       4.63528      -44.0092
00000          1500        269000     0.0168238    0.00938967      -13.4273       -5.6597      0.999998   2.18925e-06   3.73848e-14       4.67397       -44.388
00000          1500        270000   6.98448e-07   -1.9921e-06      -13.4272      -5.67221      0.999998   2.12712e-06   3.73926e-14       4.71261      -44.7687
00000          1500        271000  -1.13659e-06   6.20431e-06      -13.4271      -5.68469      0.999998   2.06684e-06   3.74001e-14       4.75121      -45.1512
00000          1500        272000  -1.26485e-05  -1.23921e-06       -13.427      -5.69716      0.999998   2.00834e-06   3.74072e-14       4.78978      -45.5356
00000          1500        273000  -1.02831e-06   5.72953e-07       -13.427      -5.70962      0.999998   1.95157e-06   3.74141e-14        4.8283      -45.9219
00000          1500        274000   3.63842e-07   1.34576e-07      -13.4269      -5.72205      0.999998   1.89648e-06   3.74206e-14       4.86677      -46.3101
00000          1500        275000   2.53758e-06   1.14864e-06      -13.4268      -5.73447      0.999998   1.84302e-06   3.74268e-14       4.90521      -46.7002
00000          1500        276000  -7.78738e-06   1.07057e-06      -13.4267      -5.74687      0.999998   1.79114e-06   3.74327e-14       4.94361      -47.0921
00000          1500        277000  -1.40469e-05  -3.81719e-06      -13.4267      -5.75926      0.999998   1.74078e-06   3.74383e-14       4.98197      -47.4859
00000          1500        278000   1.16604e-07   1.25312e-06      -13.4266      -5.77163      0.999998    1.6919e-06   3.74436e-14       5.02029      -47.8816
00000          1500        279000   4.11586e-06  -1.77135e-05      -13.4266      -5.78398      0.999998   1.64445e-06   3.74486e-14       5.05856      -48.2792
00000          1500        280000    -0.0336909    -0.0182078      -13.4265      -5.79632      0.999998    1.5984e-06   3.74534e-14        5.0968      -48.6787
00000          1500        281000    3.2832e-07   3.05384e-06      -13.4265      -5.80864      0.999998   1.55369e-06   3.74578e-14         5.135        -49.08
00000          1500        282000  -1.79268e-06  -1.81593e-06      -13.4264      -5.82094      0.999998   1.51029e-06   3.74619e-14       5.17316      -49.4832
00000          1500        283000    -0.0353804   -0.00156869      -13.4264      -5.83323      0.999999   1.46816e-06   3.74658e-14       5.21128      -49.8883
00000          1500        284000   3.37517e-07   7.16609e-07      -13.4263       -5.8455      0.999999   1.42725e-06   3.74692e-14       5.24936      -50.2953
00000          1500        285000   2.96376e-06    1.1971e-06      -13.4263      -5.85775      0.999999   1.38754e-06   3.74725e-14        5.2874      -50.7042
00000          1500        286000   1.14479e-05   1.66062e-06      -13.4263         -5.87      0.999999   1.34898e-06   3.74754e-14        5.3254      -51.1149
00000          1500        287000   2.07432e-06  -8.44071e-06      -13.4262      -5.88222      0.999999   1.31154e-06   3.74781e-14       5.36337      -51.5275
00000          1500        288000   1.75904e-06   6.22502e-07      -13.4262      -5.89443      0.999999   1.27518e-06   3.74804e-14       5.40129       -51.942
00000          1500        289000  -1.81631e-06  -5.50979e-07      -13.4262      -5.90662      0.999999   1.23988e-06   3.74825e-14       5.43918      -52.3584
00000          1500        290000  -8.87158e-07  -4.21918e-07      -13.4262       -5.9188      0.999999   1.20559e-06   3.74843e-14       5.47703      -52.7767
00000          1500        291000  -2.03447e-06  -2.61175e-06      -13.4261      -5.93096      0.999999    1.1723e-06   3.74858e-14       5.51485      -53.1968
00000          1500        292000     0.0317407     0.0193885      -13.4261      -5.94311      0.999999   1.13996e-06    3.7487e-14       5.55262      -53.6188
00000          1500        293000   3.22082e-06  -4.94519e-06      -13.4261      -5.95524      0.999999   1.10856e-06    3.7488e-14       5.59036      -54.0427
00000          1500        294000  -2.22049e-06  -1.11607e-06      -13.4261      -5.96736      0.999999   1.07806e-06   3.74887e-14       5.62806      -54.4685
00000          1500        295000   8.93408e-06  -1.37443e-07      -13.4261      -5.97946      0.999999   1.04843e-06   3.74891e-14       5.66572      -54.8962
00000          1500        296000  -0.000234704     0.0023231      -13.4261      -5.99155      0.999999   1.01966e-06   3.74892e-14       5.70335      -55.3257
00000          1500        297000  -2.27524e-05   7.54614e-06      -13.4261      -6.00362      0.999999   9.91705e-07   3.74891e-14       5.74094      -55.7571
00000          1500        298000   -3.0739e-05  -1.75851e-05      -13.4261      -6.01567      0.999999   9.64553e-07   3.74887e-14       5.77849      -56.1904
00000          1500        299000   4.28298e-06   4.25789e-07      -13.4261      -6.02772      0.999999   9.38175e-07    3.7488e-14       5.81601      -56.6256
00000          1500        300000  -1.59028e-06  -6.54894e-07      -13.4261      -6.03974      0.999999    9.1255e-07    3.7487e-14       5.85349      -57.0627

