00000          1500          5000   6.87223e-06   6.66809e-06  -7.80012e-06   8.32631e-07      0.407101      0.130229      0.208732      0.133527   2.20125e-15      0.120411      -10.5375      -9.65617
00000          1500          6000    0.00048408  -2.64326e-05   0.000458437   0.000289835      0.464631      0.160015      0.167866      0.117363   2.61079e-15     0.0901252      -10.2648      -9.54051
00000          1500          7000   4.97185e-05   0.000292582  -0.000313237  -0.000152657      0.515474      0.189045      0.126864         0.102   2.97592e-15     0.0666162      -10.0244      -9.42673
00000          1500          8000  -6.27583e-05  -3.97015e-05  -0.000114331  -6.06459e-05      0.554076      0.213921     0.0942653     0.0879909   3.26664e-15     0.0497469      -9.81474      -9.31483
00000          1500          9000  -1.51702e-05   7.14442e-06  -6.16772e-05  -2.56689e-05      0.581566      0.233921     0.0706943     0.0758475    3.4887e-15     0.0379711      -9.63042      -9.20481
00000          1500         10000   3.05889e-06  -3.72708e-06  -2.16227e-07   6.16972e-06      0.600995      0.249733     0.0539951     0.0656016    3.6591e-15     0.0296752      -9.46537      -9.09667
00000          1500         11000  -6.35325e-06   -9.5137e-06  -1.68614e-05   3.23172e-06      0.614944      0.262288     0.0420454     0.0570303   3.79278e-15     0.0236919      -9.31486      -8.99041
00000          1500         12000  -1.84544e-06  -4.40774e-06   1.16261e-05  -8.01549e-07      0.625187      0.272371     0.0333257     0.0498536   3.90031e-15     0.0192629      -9.17552      -8.88603
00000          1500         13000   2.06016e-06  -5.69955e-07  -6.02978e-06   -3.7413e-07      0.632878      0.280576     0.0268278     0.0438151   3.98885e-15     0.0159038      -9.04498      -8.78353
00000          1500         14000  -4.80635e-07  -2.55954e-07   -1.1155e-05  -2.20374e-06      0.638773      0.287335     0.0218891     0.0387017   4.06323e-15     0.0133012      -8.92153      -8.68291
00000          1500         15000   5.22032e-07  -8.05336e-07   4.49168e-06   3.66103e-06      0.643374      0.292968     0.0180687     0.0343425    4.1268e-15     0.0112471      -8.80394      -8.58417
00000          1500         16000   2.25657e-07  -1.46888e-06  -3.25627e-06  -2.83582e-06      0.647022      0.297709     0.0150668      0.030602   4.18191e-15    0.00959999      -8.69126      -8.48731
00000          1500         17000   -0.00209584   -0.00330142   -0.00923838   -0.00564666      0.649955      0.301735     0.0126755     0.0273727    4.2303e-15    0.00826089       -8.5828      -8.39233
00000          1500         18000   -0.00033721  -0.000422625    -0.0018832   -0.00294518      0.652343      0.305182     0.0107475     0.0245691   4.27322e-15    0.00715916      -8.47798      -8.29923
00000          1500         19000   -0.00310625   -0.00593268   -0.00338333  -0.000568174      0.654306      0.308152    0.00917632     0.0221223   4.31163e-15    0.00624322      -8.37635      -8.20801
00000          1500         20000    0.00104108    0.00145359  -0.000578727   -0.00128321      0.655936      0.310729    0.00788375     0.0199769   4.34629e-15    0.00547473      -8.27755      -8.11867
00000          1500         21000   0.000946022   0.000572375   -0.00353643  -0.000847376      0.657301      0.312975    0.00681131     0.0180875   4.37775e-15    0.00482468      -8.18128      -8.03121
00000          1500         22000   4.49378e-05   0.000916891    0.00276805  -0.000107624      0.658453      0.314945     0.0059147      0.016417    4.4065e-15    0.00427081      -8.08729      -7.94563
00000          1500         23000   -0.00070385   -0.00191437   -0.00140392  -0.000390331      0.659431      0.316679    0.00515991     0.0149345   4.43289e-15    0.00379582      -7.99537      -7.86193
00000          1500         24000   9.81914e-05   0.000234721  -0.000614409  -7.18811e-05      0.660267      0.318212    0.00452053     0.0136145   4.45723e-15    0.00338607      -7.90534      -7.78011
00000          1500         25000  -0.000581649   0.000820992  -0.000339219  -0.000205001      0.660985      0.319573    0.00397581     0.0124355   4.47976e-15    0.00303071      -7.81704      -7.70017
00000          1500         26000  -0.000498806   -8.0628e-05   0.000401976  -0.000760216      0.661606      0.320784     0.0035093     0.0113793   4.50069e-15    0.00272103      -7.73033      -7.62211
00000          1500         27000   0.000259783  -2.00683e-05   0.000260237   0.000770032      0.662145      0.321867    0.00310785     0.0104307    4.5202e-15    0.00244996      -7.64511      -7.54593
00000          1500         28000   2.03078e-05  -0.000144369    -0.0003042   0.000402761      0.662614      0.322837    0.00276085    0.00957652   4.53842e-15    0.00221172      -7.56127      -7.47163
00000          1500         29000   0.000929238  -0.000191254   -0.00168086  -0.000598296      0.663025      0.323708    0.00245968     0.0088056   4.55548e-15    0.00200153      -7.47871      -7.39921
00000          1500         30000  -0.000140091  -0.000104345   0.000467985   5.57324e-05      0.663386      0.324493    0.00219728    0.00810828   4.57149e-15    0.00181546      -7.39736      -7.32867
00000          1500         31000    -0.0003343   -0.00010195   1.09461e-05  -7.03433e-05      0.663705      0.325201    0.00196785    0.00747624   4.58654e-15     0.0016502      -7.31714      -7.26001
00000          1500         32000  -0.000244844   7.43288e-05    8.2101e-05   8.21148e-05      0.663986      0.325842    0.00176658    0.00690226    4.6007e-15    0.00150299      -7.23798      -7.19323
00000          1500         33000   0.000252777   0.000374514   0.000340613     0.0003154      0.664236      0.326423    0.00158945    0.00638006   4.61405e-15    0.00137148      -7.15983      -7.12833
00000          1500         34000   6.43444e-06  -3.79348e-05    5.9489e-05   8.82937e-06      0.664458      0.326951    0.00143312    0.00590414   4.62665e-15    0.00125369      -7.08263      -7.06531
00000          1500         35000   2.94975e-05   0.000332611  -0.000128757   2.02733e-05      0.664656      0.327432    0.00129476    0.00546971   4.63854e-15    0.00114793      -7.00634      -7.00417
00000          1500         36000  -2.03698e-05  -0.000146231   3.76524e-05  -0.000108473      0.664833       0.32787    0.00117198    0.00507252   4.64978e-15    0.00105275      -6.93091      -6.94491
00000          1500         37000   4.36629e-05   7.46527e-06   0.000371868   0.000186307      0.664991       0.32827    0.00106277    0.00470886    4.6604e-15   0.000966914      -6.85629      -6.88753
00000          1500         38000   0.000133769  -7.37837e-06  -0.000138161   1.04239e-05      0.665134      0.328636   0.000965389    0.00437544   4.67045e-15   0.000889334      -6.78246      -6.83203
00000          1500         39000   9.33596e-06  -3.86908e-05   7.32793e-05   7.52432e-05      0.665262      0.328971   0.000878372    0.00406932   4.67996e-15   0.000819084      -6.70937      -6.77841
00000          1500         40000  -6.12764e-05  -2.40978e-05   4.48434e-05  -7.02858e-05      0.665378      0.329279    0.00080045    0.00378793   4.68896e-15   0.000755352      -6.63699      -6.72667
00000          1500         41000  -7.95368e-05   3.75479e-05   0.000202719   6.89192e-05      0.665482      0.329561   0.000730533    0.00352894   4.69747e-15   0.000697433       -6.5653      -6.67681
00000          1500         42000  -2.99609e-05  -4.13333e-06   3.97276e-05   4.04438e-05      0.665577       0.32982   0.000667678    0.00329031   4.70551e-15    0.00064471      -6.49427      -6.62883
00000          1500         43000   2.24247e-05   -6.5345e-07    4.1672e-05   2.80597e-05      0.665663      0.330059   0.000611068    0.00307019   4.71312e-15    0.00059664      -6.42386      -6.58273
00000          1500         44000   7.79246e-05   0.000157862   0.000185705   2.18041e-05      0.665741       0.33028   0.000559995    0.00286692   4.72031e-15   0.000552745      -6.35407      -6.53851
00000          1500         45000   -7.0034e-05   0.000158187   0.000277871   0.000172436      0.665812      0.330483    0.00051384    0.00267903    4.7271e-15   0.000512607      -6.28485      -6.49617
00000          1500         46000    2.6451e-06   4.28178e-06  -4.98623e-05  -4.29872e-05      0.665876      0.330671   0.000472062    0.00250519    4.7335e-15   0.000475851       -6.2162      -6.45571
00000          1500         47000   8.28947e-05   2.25257e-05  -9.89513e-05  -4.79499e-05      0.665935      0.330844   0.000434189    0.00234419   4.73954e-15    0.00044215       -6.1481      -6.41713
00000          1500         48000  -9.16243e-05    8.1214e-05    6.8435e-05   3.82432e-05      0.665989      0.331005   0.000399804    0.00219495   4.74522e-15    0.00041121      -6.08052      -6.38043
00000          1500         49000  -7.48859e-05  -8.36494e-05   5.23728e-05   2.63846e-05      0.666038      0.331154   0.000368543    0.00205649   4.75056e-15   0.000382771      -6.01344      -6.34561
00000          1500         50000   5.41485e-06   7.08809e-06  -3.39114e-05  -2.77903e-05      0.666083      0.331292   0.000340083    0.00192793   4.75557e-15   0.000356599      -5.94686      -6.31267
00000          1500         51000   6.28328e-05  -7.93389e-05  -0.000126381   2.94098e-05      0.666125       0.33142   0.000314139    0.00180845   4.76027e-15   0.000332488      -5.88076      -6.28161
00000          1500         52000   7.39423e-05  -1.58356e-05   7.11206e-05   6.51566e-05      0.666163      0.331539   0.000290458    0.00169734   4.76466e-15   0.000310251      -5.81511      -6.25243
00000          1500         53000   7.07647e-06   2.64309e-05  -5.12488e-05  -1.03326e-05      0.666198       0.33165   0.000268817    0.00159393   4.76875e-15   0.000289721      -5.74992      -6.22513
00000          1500         54000   1.22492e-05  -0.000105503  -2.75948e-05    0.00016521       0.66623      0.331753   0.000249017    0.00149761   4.77255e-15   0.000270748      -5.68515      -6.19971
00000          1500         55000   1.14754e-05  -9.72665e-07  -7.35686e-05  -1.39925e-05       0.66626      0.331849    0.00023088    0.00140784   4.77608e-15   0.000253198      -5.62081      -6.17617
00000          1500         56000  -1.77308e-06  -1.53328e-05   3.84763e-05    3.4403e-05      0.666287      0.331938   0.000214249    0.00132411   4.77933e-15   0.000236948      -5.55688      -6.15451
00000          1500         57000   5.11124e-05   1.99316e-05  -9.15457e-05  -7.11631e-05      0.666312      0.332021   0.000198982    0.00124597   4.78232e-15   0.000221889      -5.49335      -6.13473
00000          1500         58000   4.38922e-08    4.4328e-05  -4.16182e-05  -1.24591e-05      0.666335      0.332099   0.000184952    0.00117299   4.78506e-15   0.000207921       -5.4302      -6.11683
00000          1500         59000   3.04265e-05   7.23748e-05  -0.000177616  -4.31124e-05      0.666357      0.332171   0.000172048     0.0011048   4.78754e-15   0.000194954      -5.36743      -6.10081
00000          1500         60000   -9.2833e-05   5.70201e-05  -0.000182854  -1.23253e-06      0.666377      0.332239   0.000160166    0.00104104   4.78979e-15   0.000182908      -5.30503      -6.08667
00000          1500         61000  -0.000136923  -3.47791e-05  -0.000148819  -0.000108284      0.666395      0.332302   0.000149216    0.00098138    4.7918e-15   0.000171707      -5.24299      -6.07441
00000          1500         62000   0.000194495   1.14646e-05   6.77444e-05  -5.28595e-05      0.666413      0.332361   0.000139115   0.000925535   4.79357e-15   0.000161284       -5.1813      -6.06403
00000          1500         63000   1.60685e-06   6.52828e-06   1.35964e-05    1.9304e-05      0.666429      0.332417   0.000129789   0.000873229   4.79513e-15   0.000151578      -5.11995      -6.05553
00000          1500         64000   8.10264e-06  -1.73716e-05    3.4718e-05    2.6275e-05      0.666443      0.332469   0.000121172   0.000824212   4.79646e-15   0.000142534      -5.05893      -6.04891
00000          1500         65000  -1.37458e-05  -2.27856e-05    5.8765e-05   2.60709e-05      0.666457      0.332517   0.000113202   0.000778252   4.79758e-15   0.000134101      -4.99823      -6.04417
00000          1500         66000  -3.89991e-05  -2.07858e-05   1.87921e-05   3.62984e-06       0.66647      0.332563   0.000105826   0.000735137   4.79849e-15   0.000126231      -4.93786      -6.04131
00000          1500         67000   2.51035e-05   3.17864e-05  -2.16116e-05   3.01482e-05      0.666482      0.332606   9.89925e-05   0.000694671   4.79919e-15   0.000118882      -4.87779      -6.04033
00000          1500         68000   5.95777e-05   6.39863e-05   3.05313e-05   5.31298e-05      0.666493      0.332646    9.2658e-05   0.000656672    4.7997e-15   0.000112016      -4.81803      -6.04123
00000          1500         69000   2.03081e-05   3.66997e-05  -1.12359e-05   5.53951e-06      0.666503      0.332683   8.67814e-05   0.000620974   4.80001e-15   0.000105597      -4.75856      -6.04401
00000          1500         70000  -1.05012e-05    1.5186e-06  -2.04286e-05  -1.98072e-05      0.666513      0.332719   8.13254e-05   0.000587422   4.80012e-15    9.9592e-05      -4.69939      -6.04867
00000          1500         71000   1.17786e-06   6.86437e-06  -5.60372e-05  -1.80735e-05      0.666522      0.332752   7.62564e-05   0.000555873   4.80005e-15   9.39708e-05      -4.64049      -6.05521
00000          1500         72000   2.05193e-05   3.06028e-06  -6.32178e-05  -2.62133e-05       0.66653      0.332783   7.15435e-05   0.000526194    4.7998e-15   8.87062e-05      -4.58188      -6.06363
00000          1500         73000  -2.33742e-05  -8.59924e-06  -8.79239e-05  -2.43456e-05      0.666538      0.332813    6.7159e-05   0.000498262   4.79936e-15   8.37726e-05      -4.52354      -6.07393
00000          1500         74000  -4.60047e-05  -7.74401e-06   0.000317884   0.000179559      0.666545       0.33284    6.3077e-05   0.000471964   4.79875e-15   7.91468e-05      -4.46546      -6.08611
00000          1500         75000   7.60285e-06   1.75008e-05  -1.62231e-05  -2.66255e-05      0.666552      0.332866   5.92743e-05   0.000447194   4.79796e-15   7.48072e-05      -4.40765      -6.10017
00000          1500         76000   8.61978e-06  -6.38822e-07   9.35585e-05   3.18234e-05      0.666559      0.332891   5.57296e-05   0.000423854   4.79701e-15    7.0734e-05      -4.35009      -6.11611
00000          1500         77000   3.16564e-06   1.16175e-05  -5.84047e-05  -3.44387e-05      0.666565      0.332914   5.24232e-05   0.000401853   4.79588e-15    6.6909e-05      -4.29279      -6.13393
00000          1500         78000  -3.20159e-05  -2.88726e-05  -4.50431e-05  -1.43555e-05       0.66657      0.332936   4.93373e-05   0.000381106    4.7946e-15   6.33152e-05      -4.23573      -6.15363
00000          1500         79000  -2.55155e-05    8.0282e-06   7.76739e-05   9.22751e-06      0.666576      0.332956   4.64555e-05   0.000361534   4.79315e-15    5.9937e-05      -4.17891      -6.17521
00000          1500         80000   4.52934e-06   1.57806e-05   1.43531e-05   3.10481e-06      0.666581      0.332976   4.37628e-05   0.000343065   4.79155e-15     5.676e-05      -4.12233      -6.19867
00000          1500         81000   4.35436e-05   1.22259e-06    6.9532e-06   1.87644e-06      0.666585      0.332994   4.12452e-05   0.000325629   4.78979e-15   5.37708e-05      -4.06599      -6.22401
00000          1500         82000  -5.31509e-07  -1.57084e-06  -2.45265e-06  -1.10529e-06       0.66659      0.333011   3.88901e-05   0.000309164   4.78788e-15   5.09571e-05      -4.00987      -6.25123
00000          1500         83000   2.55787e-05   6.46197e-06  -2.72836e-05  -1.70897e-05      0.666594      0.333027   3.66858e-05   0.000293609   4.78582e-15   4.83073e-05      -3.95398      -6.28033
00000          1500         84000  -2.85876e-05  -9.81594e-06   1.39148e-06   -4.6271e-05      0.666598      0.333043   3.46215e-05    0.00027891   4.78361e-15    4.5811e-05      -3.89831      -6.31131
00000          1500         85000   2.09751e-05  -3.88893e-05  -2.11414e-05   4.57186e-05      0.666601      0.333057   3.26874e-05   0.000265015   4.78126e-15    4.3458e-05      -3.84286      -6.34417
00000          1500         86000   1.39118e-05   4.93198e-05   0.000104752   0.000102646      0.666605      0.333071   3.08743e-05   0.000251876   4.77877e-15   4.12394e-05      -3.78762      -6.37891
00000          1500         87000   1.96763e-05   1.93586e-05   6.32057e-05    2.1287e-05      0.666608      0.333084   2.91738e-05   0.000239447   4.77614e-15   3.91466e-05      -3.73258      -6.41553
00000          1500         88000  -3.27665e-05  -1.82183e-05  -4.24375e-05  -3.99588e-05      0.666611      0.333096   2.75781e-05   0.000227687   4.77337e-15   3.71717e-05      -3.67776      -6.45403
00000          1500         89000  -1.67082e-05  -4.54349e-05  -1.53311e-05   -5.0005e-05      0.666614      0.333108     2.608e-05   0.000216557   4.77047e-15   3.53073e-05      -3.62314      -6.49441
00000          1500         90000  -1.87207e-05  -5.92034e-05   2.77472e-05  -3.67325e-05      0.666617      0.333119    2.4673e-05   0.000206019   4.76743e-15   3.35465e-05      -3.56872      -6.53667
00000          1500         91000   -6.9287e-05   4.05727e-06  -5.43417e-05  -2.71357e-05      0.666619       0.33313   2.33508e-05   0.000196039   4.76427e-15    3.1883e-05      -3.51449      -6.58081
00000          1500         92000   6.23603e-06    6.7831e-06   5.77733e-06   7.56921e-06      0.666622      0.333139   2.21077e-05   0.000186585   4.76098e-15   3.03109e-05      -3.46046      -6.62683
00000          1500         93000   6.86409e-06   2.81313e-06   2.17721e-05   4.64696e-06      0.666624      0.333149   2.09386e-05   0.000177627   4.75756e-15   2.88245e-05      -3.40662      -6.67473
00000          1500         94000  -2.12245e-05  -5.87948e-05  -2.02588e-05  -1.11084e-05      0.666626      0.333158   1.98385e-05   0.000169135   4.75403e-15   2.74187e-05      -3.35297      -6.72451
00000          1500         95000  -4.02611e-06  -7.82649e-06  -1.07656e-05  -9.75946e-06      0.666628      0.333166   1.88029e-05   0.000161085   4.75037e-15   2.60887e-05       -3.2995      -6.77617
00000          1500         96000   5.17214e-06   9.67814e-06  -8.82064e-06   3.55534e-06       0.66663      0.333174   1.78276e-05    0.00015345   4.74659e-15   2.48299e-05      -3.24621      -6.82971
00000          1500         97000   5.02001e-05   4.10147e-05  -5.00477e-05  -2.25486e-06      0.666632      0.333181   1.69088e-05   0.000146208   4.74269e-15   2.36382e-05       -3.1931      -6.88513
00000          1500         98000   -7.0114e-06  -1.41629e-05   7.87932e-06  -1.52736e-05      0.666633      0.333189   1.60427e-05   0.000139336   4.73868e-15   2.25096e-05      -3.14017      -6.94243
00000          1500         99000  -1.56513e-05   -4.1011e-05   -0.00011038  -2.46555e-05      0.666635      0.333195   1.52261e-05   0.000132814   4.73456e-15   2.14404e-05      -3.08741      -7.00161
00000          1500        100000   1.68248e-05   1.81382e-06  -2.39002e-05   2.32054e-06      0.666637      0.333202   1.44559e-05   0.000126623   4.73032e-15   2.04272e-05      -3.03483      -7.06267
00000          1500        101000   1.12106e-05  -2.09717e-05  -5.01485e-05  -1.21697e-05      0.666638      0.333208    1.3729e-05   0.000120744   4.72598e-15   1.94667e-05      -2.98241      -7.12561
00000          1500        102000   4.13907e-06    8.2278e-07  -2.49765e-06  -5.94149e-06      0.666639      0.333214   1.30428e-05    0.00011516   4.72152e-15    1.8556e-05      -2.93016      -7.19043
00000          1500        103000  -1.07744e-05   1.23256e-05  -5.75099e-07  -7.58846e-06      0.666641      0.333219   1.23948e-05   0.000109855   4.71696e-15   1.76921e-05      -2.87807      -7.25713
00000          1500        104000  -1.77211e-05   0.000135861  -1.14107e-05   6.71283e-05      0.666642      0.333225   1.17826e-05   0.000104814    4.7123e-15   1.68724e-05      -2.82614      -7.32571
00000          1500        105000  -4.69235e-06  -1.03551e-05  -2.01566e-05  -1.66269e-06      0.666643       0.33323   1.12041e-05   0.000100024   4.70754e-15   1.60945e-05      -2.77438      -7.39617
00000          1500        106000  -1.75661e-06   2.05972e-05   9.05349e-05    3.8139e-05      0.666644      0.333234   1.06571e-05   9.54691e-05   4.70267e-15    1.5356e-05      -2.72277      -7.46851
00000          1500        107000   1.94035e-05   2.89876e-05  -0.000123289   -8.3695e-05      0.666645      0.333239   1.01399e-05   9.11384e-05   4.69771e-15   1.46547e-05      -2.67132      -7.54273
00000          1500        108000   1.83544e-05   -3.4125e-05   6.53303e-06   1.02174e-05      0.666646      0.333243    9.6505e-06   8.70195e-05   4.69264e-15   1.39886e-05      -2.62002      -7.61883
00000          1500        109000   3.39525e-05  -3.26124e-06  -3.14179e-05  -3.44052e-05      0.666647      0.333247   9.18739e-06   8.31012e-05   4.68749e-15   1.33557e-05      -2.56887      -7.69681
00000          1500        110000  -1.67977e-05   1.81367e-05  -1.08088e-05  -9.26731e-06      0.666648      0.333251   8.74897e-06   7.93731e-05   4.68223e-15   1.27542e-05      -2.51787      -7.77667
00000          1500        111000  -8.63058e-06  -1.55707e-05  -2.65468e-05  -1.09278e-05      0.666649      0.333255   8.33378e-06    7.5825e-05   4.67689e-15   1.21823e-05      -2.46702      -7.85841
00000          1500        112000   4.39613e-08  -2.71811e-06   1.39143e-05   2.63787e-06       0.66665      0.333258   7.94047e-06   7.24477e-05   4.67145e-15   1.16386e-05      -2.41632      -7.94203
00000          1500        113000   4.71689e-06  -2.79471e-05   1.46401e-05   5.89433e-06      0.666651      0.333262   7.56776e-06   6.92323e-05   4.66593e-15   1.11214e-05      -2.36575      -8.02753
00000          1500        114000   1.14636e-05   8.81701e-07   1.36859e-05  -1.92782e-05      0.666651      0.333265   7.21446e-06   6.61703e-05   4.66031e-15   1.06294e-05      -2.31533      -8.11491
00000          1500        115000   1.49898e-05   4.40703e-05   -3.6236e-05   3.26519e-06      0.666652      0.333268   6.87946e-06    6.3254e-05   4.65461e-15   1.01612e-05      -2.26505      -8.20417
00000          1500        116000   1.35844e-05   6.76438e-06   5.58369e-06   1.18387e-05      0.666653      0.333271   6.56171e-06   6.04757e-05   4.64882e-15   9.71561e-06      -2.21491      -8.29531
00000          1500        117000   7.83562e-07  -4.19261e-06  -8.08857e-06  -6.10496e-06      0.666653      0.333273   6.26024e-06   5.78286e-05   4.64295e-15   9.29134e-06      -2.16491      -8.38833
00000          1500        118000   1.83349e-05   2.19735e-05   3.35623e-05   5.92246e-05      0.666654      0.333276   5.97412e-06   5.53058e-05     4.637e-15   8.88731e-06      -2.11504      -8.48323
00000          1500        119000  -2.08042e-05  -3.38175e-06  -3.39077e-06   -1.8361e-05      0.666654      0.333279   5.70249e-06   5.29012e-05   4.63097e-15   8.50247e-06       -2.0653      -8.58001
00000          1500        120000   7.79495e-06   -1.4243e-06   5.76403e-06   1.50547e-05      0.666655      0.333281   5.44454e-06   5.06087e-05   4.62485e-15   8.13583e-06       -2.0157      -8.67867
00000          1500        121000    3.6414e-05  -2.66749e-05   2.09727e-05   1.26555e-05      0.666655      0.333283   5.19952e-06   4.84228e-05   4.61866e-15   7.78644e-06      -1.96622      -8.77921
00000          1500        122000  -1.12178e-05    6.1372e-06   4.89881e-06   1.40338e-05      0.666656      0.333285   4.96671e-06   4.63381e-05   4.61239e-15   7.45342e-06      -1.91688      -8.88163
00000          1500        123000   2.24705e-05  -1.93852e-05  -8.32681e-05  -8.51008e-06      0.666656      0.333287   4.74544e-06   4.43496e-05   4.60605e-15   7.13594e-06      -1.86766      -8.98593
00000          1500        124000  -4.02659e-06   1.20215e-05   -8.3926e-07   2.17907e-05      0.666657      0.333289   4.53509e-06   4.24524e-05   4.59962e-15   6.83319e-06      -1.81857      -9.09211
00000          1500        125000   6.70939e-05   3.80951e-05   6.50128e-05   7.05887e-05      0.666657      0.333291   4.33505e-06   4.06422e-05   4.59313e-15   6.54444e-06       -1.7696      -9.20017
00000          1500        126000  -1.03073e-06   1.68207e-05   9.28958e-06  -6.62883e-06      0.666658      0.333293   4.14477e-06   3.89146e-05   4.58657e-15   6.26898e-06      -1.72075      -9.31011
00000          1500        127000   6.85648e-06   5.83637e-06  -2.32831e-09   3.82964e-06      0.666658      0.333295   3.96374e-06   3.72656e-05   4.57993e-15   6.00615e-06      -1.67203      -9.42193
00000          1500        128000   5.27755e-06  -5.42837e-07   3.34444e-06   3.22994e-07      0.666658      0.333296   3.79144e-06   3.56914e-05   4.57322e-15   5.75531e-06      -1.62343      -9.53563
00000          1500        129000    0.00994476     0.0102823   -0.00648877   -0.00362067      0.666659      0.333298   3.62743e-06   3.41882e-05   4.56644e-15   5.51587e-06      -1.57495      -9.65121
00000          1500        130000   1.68986e-06   3.05843e-05  -5.02222e-05   -1.5877e-05      0.666659      0.333299   3.47126e-06   3.27527e-05    4.5596e-15   5.28726e-06      -1.52658      -9.76867
00000          1500        131000  -1.06534e-05  -4.68638e-06  -1.72225e-05  -1.25865e-05      0.666659      0.333301   3.32252e-06   3.13817e-05    4.5527e-15   5.06895e-06      -1.47833      -9.88801
00000          1500        132000  -9.18328e-06  -1.65168e-06   2.51818e-05   4.92949e-06       0.66666      0.333302   3.18082e-06   3.00719e-05   4.54572e-15   4.86044e-06       -1.4302      -10.0092
00000          1500        133000  -1.14836e-05   2.37272e-06  -2.26189e-06  -5.26775e-06       0.66666      0.333303    3.0458e-06   2.88205e-05   4.53868e-15   4.66125e-06      -1.38218      -10.1323
00000          1500        134000    3.0387e-05   9.88019e-06   2.53216e-05   9.63708e-06       0.66666      0.333305   2.91711e-06   2.76247e-05   4.53158e-15   4.47093e-06      -1.33427      -10.2573
00000          1500        135000  -1.07555e-05  -1.98488e-05  -1.44313e-05  -1.49953e-05      0.666661      0.333306   2.79442e-06   2.64818e-05   4.52442e-15   4.28904e-06      -1.28647      -10.3842
00000          1500        136000   1.47746e-06   -3.1588e-05  -7.68663e-06  -1.26748e-05      0.666661      0.333307   2.67743e-06   2.53894e-05    4.5172e-15   4.11518e-06      -1.23879      -10.5129
00000          1500        137000   7.63899e-06   2.90958e-05  -4.19685e-07     2.249e-06      0.666661      0.333308   2.56584e-06    2.4345e-05   4.50992e-15   3.94897e-06      -1.19121      -10.6435
00000          1500        138000  -6.38734e-07  -3.92095e-06   1.41958e-06  -5.19678e-06      0.666661      0.333309   2.45939e-06   2.33464e-05   4.50257e-15   3.79004e-06      -1.14374       -10.776
00000          1500        139000  -1.91232e-05   -1.1669e-06   1.74791e-06  -7.78094e-06      0.666661       0.33331   2.35781e-06   2.23915e-05   4.49517e-15   3.63805e-06      -1.09638      -10.9104
00000          1500        140000   1.28679e-06   4.51647e-06   1.35602e-05   3.01266e-05      0.666662      0.333311   2.26086e-06   2.14782e-05   4.48772e-15   3.49267e-06      -1.04913      -11.0467
00000          1500        141000  -1.76234e-05    2.5479e-06    7.2724e-06  -1.90814e-05      0.666662      0.333312    2.1683e-06   2.06046e-05   4.48021e-15   3.35357e-06      -1.00198      -11.1848
00000          1500        142000  -7.73246e-06   1.40365e-05  -4.80937e-06  -2.33284e-05      0.666662      0.333313   2.07992e-06   1.97688e-05   4.47264e-15   3.22048e-06     -0.954931      -11.3248
00000          1500        143000   -1.0439e-06  -4.87784e-06   2.30006e-05   2.42304e-05      0.666662      0.333314   1.99552e-06   1.89691e-05   4.46502e-15   3.09311e-06     -0.907988      -11.4667
00000          1500        144000  -2.64185e-05   1.06621e-05  -5.35251e-05   -2.2496e-05      0.666662      0.333314   1.91489e-06   1.82038e-05   4.45735e-15    2.9712e-06     -0.861147      -11.6105
00000          1500        145000  -7.90746e-06   2.85627e-06  -3.11992e-06   2.17493e-07      0.666663      0.333315   1.83785e-06   1.74714e-05   4.44963e-15   2.85448e-06     -0.814406      -11.7562
00000          1500        146000  -2.03991e-05  -3.31108e-05  -2.13797e-05  -2.98791e-05      0.666663      0.333316   1.76422e-06   1.67703e-05   4.44185e-15   2.74272e-06     -0.767766      -11.9037
00000          1500        147000   -2.7449e-05   2.22874e-05  -8.19977e-05  -5.82817e-05      0.666663      0.333317   1.69385e-06   1.60991e-05   4.43403e-15    2.6357e-06     -0.721224      -12.0531
00000          1500        148000  -2.31824e-05  -2.07659e-05   8.58244e-06  -2.52317e-06      0.666663      0.333317   1.62656e-06   1.54565e-05   4.42616e-15   2.53319e-06     -0.674781      -12.2044
00000          1500        149000   1.06302e-08   6.40791e-06  -6.32922e-06  -8.53906e-08      0.666663      0.333318   1.56222e-06   1.48411e-05   4.41823e-15   2.43499e-06     -0.628435      -12.3576
00000          1500        150000     1.533e-05   2.36467e-05  -4.68619e-05   -1.3024e-05      0.666663      0.333319   1.50068e-06   1.42518e-05   4.41027e-15   2.34091e-06     -0.582185      -12.5127
00000          1500        151000   8.94568e-06   5.71982e-05   2.19385e-05       3.7e-05      0.666663      0.333319   1.44181e-06   1.36873e-05   4.40225e-15   2.25075e-06      -0.53603      -12.6696
00000          1500        152000  -1.02723e-05   9.16843e-08   6.36269e-06    4.6054e-06      0.666664       0.33332   1.38549e-06   1.31466e-05   4.39419e-15   2.16434e-06      -0.48997      -12.8284
00000          1500        153000  -2.02913e-05  -7.67541e-06  -1.25452e-05  -1.36162e-06      0.666664       0.33332   1.33158e-06   1.26285e-05   4.38609e-15   2.08151e-06     -0.444003      -12.9891
00000          1500        154000   1.02906e-05   1.19716e-05   -1.6401e-05  -2.92064e-05      0.666664      0.333321   1.27998e-06   1.21321e-05   4.37794e-15   2.00211e-06     -0.398129      -13.1517
00000          1500        155000  -6.83041e-06  -1.87786e-05  -0.000104901  -7.26749e-05      0.666664      0.333321   1.23058e-06   1.16564e-05   4.36975e-15   1.92597e-06     -0.352347      -13.3162
00000          1500        156000  -4.91562e-05  -1.39729e-05  -5.26555e-05   -5.4036e-05      0.666664      0.333322   1.18328e-06   1.12005e-05   4.36152e-15   1.85296e-06     -0.306656      -13.4825
00000          1500        157000     -4.09e-05  -1.21657e-05  -8.52456e-06  -2.40211e-05      0.666664      0.333322   1.13798e-06   1.07635e-05   4.35324e-15   1.78293e-06     -0.261055      -13.6507
00000          1500        158000   7.59683e-06  -7.61852e-06   1.38886e-05   8.95525e-07      0.666664      0.333323   1.09458e-06   1.03445e-05   4.34493e-15   1.71576e-06     -0.215544      -13.8208
00000          1500        159000   1.52422e-06  -4.53735e-06   2.78501e-05   2.01762e-06      0.666664      0.333323   1.05301e-06   9.94286e-06   4.33658e-15   1.65131e-06     -0.170121      -13.9928
00000          1500        160000  -2.80768e-06  -6.98935e-06   8.22414e-06  -1.30557e-05      0.666664      0.333323   1.01317e-06   9.55773e-06   4.32818e-15   1.58947e-06     -0.124786      -14.1667
00000          1500        161000  -6.67026e-06   1.43577e-05   1.00621e-06  -1.60765e-05      0.666664      0.333324   9.74985e-07   9.18841e-06   4.31975e-15   1.53013e-06    -0.0795388      -14.3424
00000          1500        162000  -0.000104101  -6.54881e-06  -7.90838e-06  -1.30145e-05      0.666665      0.333324   9.38382e-07    8.8342e-06   4.31129e-15   1.47317e-06    -0.0343775        -14.52
00000          1500        163000   3.30063e-06  -2.09752e-05   5.02604e-06   7.61202e-06      0.666665      0.333325    9.0329e-07   8.49444e-06   4.30278e-15    1.4185e-06     0.0106981      -14.6995
00000          1500        164000    7.5157e-07   -1.3683e-05  -5.05201e-05  -5.21042e-05      0.666665      0.333325   8.69639e-07   8.16852e-06   4.29424e-15   1.36601e-06     0.0556889      -14.8809
00000          1500        165000  -4.20144e-06    4.4788e-06   3.99871e-06  -1.69539e-06      0.666665      0.333325   8.37365e-07   7.85583e-06   4.28567e-15   1.31561e-06      0.100595      -15.0642
00000          1500        166000  -1.51406e-05  -1.10081e-05  -2.34685e-05  -7.34934e-06      0.666665      0.333326   8.06406e-07   7.55581e-06   4.27706e-15   1.26721e-06      0.145419      -15.2493
00000          1500        167000   1.43256e-06  -1.51487e-05   5.16915e-05   1.85872e-05      0.666665      0.333326   7.76704e-07    7.2679e-06   4.26842e-15   1.22073e-06      0.190159      -15.4363
00000          1500        168000   1.91287e-05   1.22986e-06   3.00728e-05   1.39656e-05      0.666665      0.333326   7.48203e-07    6.9916e-06   4.25974e-15   1.17608e-06      0.234817      -15.6252
00000          1500        169000  -1.25748e-05   -1.4595e-05   2.73654e-05   1.01821e-05      0.666665      0.333326    7.2085e-07   6.72655e-06   4.25104e-15   1.13321e-06      0.279394       -15.816
00000          1500        170000  -5.74643e-06  -6.31459e-06  -8.62537e-05  -4.62046e-05      0.666665      0.333327   6.94594e-07   6.47184e-06    4.2423e-15   1.09197e-06       0.32389      -16.0087
00000          1500        171000   8.44918e-05  -5.04562e-06   4.05476e-05   4.11328e-05      0.666665      0.333327   6.69388e-07   6.22746e-06   4.23353e-15   1.05237e-06      0.368306      -16.2032
00000          1500        172000   1.03236e-05   2.18016e-05  -8.10377e-06   -1.7071e-05      0.666665      0.333327   6.45186e-07   5.99283e-06   4.22473e-15   1.01431e-06      0.412642      -16.3996
00000          1500        173000   1.37793e-05   1.20141e-05    1.0589e-05   1.24125e-05      0.666665      0.333327   6.21943e-07   5.76754e-06    4.2159e-15   9.77735e-07        0.4569      -16.5979
00000          1500        174000   1.21476e-05   1.94908e-05   7.44164e-06   3.92238e-06      0.666665      0.333328   5.99619e-07   5.55119e-06   4.20704e-15   9.42571e-07      0.501079      -16.7981
00000          1500        175000   2.40367e-05   3.20773e-05   6.39873e-05   5.16039e-05      0.666665      0.333328   5.78174e-07   5.34342e-06   4.19816e-15   9.08766e-07      0.545181      -17.0002
00000          1500        176000  -8.74489e-06  -8.82934e-06  -2.48079e-05    1.2327e-05      0.666665      0.333328    5.5757e-07   5.14385e-06   4.18925e-15   8.76262e-07      0.589206      -17.2041
00000          1500        177000   3.06638e-05   2.18635e-05   3.87153e-06   8.97897e-07      0.666665      0.333328    5.3777e-07   4.95215e-06   4.18031e-15   8.45005e-07      0.633155      -17.4099
00000          1500        178000    -3.629e-05  -4.70267e-05  -5.40964e-05   4.73135e-05      0.666666      0.333328   5.18742e-07   4.76799e-06   4.17134e-15   8.14945e-07      0.677028      -17.6176
00000          1500        179000  -1.98043e-05  -3.44489e-05   1.64613e-06   3.80006e-06      0.666666      0.333329   5.00451e-07   4.59105e-06   4.16235e-15   7.86032e-07      0.720826      -17.8272
00000          1500        180000  -2.07662e-05  -5.27387e-06   3.98463e-05   2.03052e-05      0.666666      0.333329   4.82868e-07   4.42105e-06   4.15333e-15   7.58219e-07      0.764549      -18.0387
00000          1500        181000   1.02188e-05   4.70703e-06   2.69184e-05   3.01086e-05      0.666666      0.333329   4.65961e-07   4.25768e-06   4.14429e-15   7.31461e-07      0.808198       -18.252
00000          1500        182000   3.17928e-05   2.97794e-06  -2.77934e-07  -4.68446e-05      0.666666      0.333329   4.49703e-07   4.10067e-06   4.13523e-15   7.05715e-07      0.851774      -18.4672
00000          1500        183000  -2.48056e-06  -4.75442e-06   2.87351e-05   3.53624e-05      0.666666      0.333329   4.34066e-07   3.94977e-06   4.12614e-15    6.8094e-07      0.895277      -18.6843
00000          1500        184000   6.98122e-06    1.2505e-05  -2.84336e-05  -7.42814e-06      0.666666      0.333329   4.19025e-07   3.80472e-06   4.11703e-15   6.57098e-07      0.938707      -18.9033
00000          1500        185000  -1.26364e-06  -2.80758e-06   2.58364e-05  -3.67279e-06      0.666666       0.33333   4.04555e-07   3.66529e-06    4.1079e-15   6.34149e-07      0.982066      -19.1242
00000          1500        186000   9.51254e-06  -4.93181e-06    2.7611e-06  -5.01116e-06      0.666666       0.33333   3.90632e-07   3.53123e-06   4.09875e-15   6.12059e-07       1.02535      -19.3469
00000          1500        187000  -2.05902e-05  -6.94163e-06  -1.01878e-05  -1.09156e-05      0.666666       0.33333   3.77233e-07   3.40235e-06   4.08958e-15   5.90793e-07       1.06857      -19.5715
00000          1500        188000  -4.04793e-06   5.19583e-07    7.6084e-07   1.49143e-06      0.666666       0.33333   3.64338e-07   3.27841e-06   4.08038e-15   5.70319e-07       1.11172       -19.798
00000          1500        189000   1.41668e-05   5.90277e-07  -7.34503e-06  -1.15749e-06      0.666666       0.33333   3.51925e-07   3.15924e-06   4.07117e-15   5.50603e-07       1.15479      -20.0264
00000          1500        190000   2.83784e-07  -3.87364e-06   9.65363e-06   6.89906e-06      0.666666       0.33333   3.39976e-07   3.04462e-06   4.06194e-15   5.31617e-07        1.1978      -20.2567
00000          1500        191000    6.9391e-06  -1.62075e-05   1.16552e-05  -9.02286e-06      0.666666       0.33333    3.2847e-07   2.93438e-06   4.05269e-15   5.13331e-07       1.24074      -20.4888
00000          1500        192000   1.54993e-05   2.64684e-05    8.2106e-05  -2.27064e-05      0.666666       0.33333    3.1739e-07   2.82834e-06   4.04342e-15   4.95719e-07       1.28361      -20.7228
00000          1500        193000  -3.41412e-06   -2.2264e-05  -3.14069e-05  -1.14379e-05      0.666666      0.333331   3.06719e-07   2.72633e-06   4.03413e-15   4.78752e-07       1.32642      -20.9587
00000          1500        194000  -6.75867e-06   2.90742e-06  -1.11968e-05  -1.09031e-05      0.666666      0.333331   2.96441e-07   2.62819e-06   4.02483e-15   4.62406e-07       1.36915      -21.1965
00000          1500        195000  -8.75963e-06  -4.00707e-06  -2.81486e-06   -1.6198e-05      0.666666      0.333331   2.86539e-07   2.53377e-06   4.01551e-15   4.46657e-07       1.41182      -21.4362
00000          1500        196000  -8.96701e-06  -6.79885e-06   2.68949e-05   9.11455e-06      0.666666      0.333331      2.77e-07   2.44291e-06   4.00617e-15   4.31482e-07       1.45442      -21.6777
00000          1500        197000  -1.15811e-05  -4.59178e-05   3.21206e-05  -1.68912e-05      0.666666      0.333331   2.67807e-07   2.35548e-06   3.99682e-15   4.16857e-07       1.49696      -21.9211
00000          1500        198000   1.25283e-05   2.96926e-06  -5.94591e-08  -1.72709e-06      0.666666      0.333331   2.58948e-07   2.27134e-06   3.98746e-15   4.02762e-07       1.53943      -22.1664
00000          1500        199000  -3.28175e-06  -8.36288e-06   6.46086e-06   7.09624e-07      0.666666      0.333331    2.5041e-07   2.19036e-06   3.97808e-15   3.89176e-07       1.58184      -22.4136
00000          1500        200000  -1.50221e-05   3.25397e-05  -3.78108e-05  -5.15084e-06      0.666666      0.333331   2.42179e-07   2.11242e-06   3.96868e-15    3.7608e-07       1.62418      -22.6627
00000          1500        201000   3.73014e-05  -9.61761e-06  -1.67037e-05  -2.56533e-05      0.666666      0.333331   2.34244e-07   2.03738e-06   3.95927e-15   3.63454e-07       1.66646      -22.9136
00000          1500        202000   1.84966e-05   6.63901e-06   2.12231e-05   2.12118e-05      0.666666      0.333331   2.26593e-07   1.96515e-06   3.94985e-15   3.51281e-07       1.70868      -23.1664
00000          1500        203000   -1.8367e-05  -9.38401e-06   2.85046e-05   1.44698e-05      0.666666      0.333331   2.19215e-07   1.89561e-06   3.94042e-15   3.39542e-07       1.75083      -23.4211
00000          1500        204000   1.38465e-05  -1.56504e-05   4.08737e-06   7.82845e-06      0.666666      0.333331     2.121e-07   1.82865e-06   3.93097e-15   3.28223e-07       1.79292      -23.6777
00000          1500        205000    3.0278e-05   3.03783e-05   -8.6606e-05  -4.05372e-05      0.666666      0.333332   2.05237e-07   1.76418e-06   3.92151e-15   3.17306e-07       1.83494      -23.9362
00000          1500        206000   1.68581e-05   8.90053e-06  -6.21795e-05  -3.24882e-05      0.666666      0.333332   1.98617e-07   1.70209e-06   3.91204e-15   3.06777e-07       1.87691      -24.1965
00000          1500        207000  -1.79021e-05   8.71698e-06   1.13478e-05  -1.24656e-05      0.666666      0.333332    1.9223e-07   1.64229e-06   3.90257e-15    2.9662e-07       1.91881      -24.4587
00000          1500        208000   -5.9414e-06  -2.47742e-06  -4.48755e-06   -2.1379e-06      0.666666      0.333332   1.86067e-07    1.5847e-06   3.89307e-15   2.86822e-07       1.96066      -24.7228
00000          1500        209000     1.623e-06  -1.06209e-05   -9.4189e-06  -3.43685e-06      0.666666      0.333332    1.8012e-07   1.52923e-06   3.88357e-15   2.77369e-07       2.00244      -24.9888
00000          1500        210000  -3.53085e-06   2.81843e-06   7.87369e-06  -2.86113e-06      0.666666      0.333332    1.7438e-07    1.4758e-06   3.87407e-15   2.68248e-07       2.04416      -25.2567
00000          1500        211000  -1.56045e-05  -2.76622e-05   6.89814e-05    1.1732e-05      0.666666      0.333332   1.68841e-07   1.42432e-06   3.86455e-15   2.59447e-07       2.08582      -25.5264
00000          1500        212000  -6.33483e-06  -1.06233e-05  -1.46074e-05  -7.06736e-06      0.666666      0.333332   1.63493e-07   1.37473e-06   3.85502e-15   2.50953e-07       2.12743       -25.798
00000          1500        213000   1.57346e-05  -9.16301e-06   3.49241e-05   2.62698e-05      0.666666      0.333332    1.5833e-07   1.32695e-06   3.84548e-15   2.42756e-07       2.16897      -26.0715
00000          1500        214000   1.49506e-06   1.37563e-05   2.96114e-05   3.00871e-05      0.666666      0.333332   1.53346e-07   1.28091e-06   3.83594e-15   2.34844e-07       2.21045      -26.3469
00000          1500        215000  -5.82976e-06   -5.2236e-06   7.69191e-06  -2.07436e-06      0.666666      0.333332   1.48532e-07   1.23655e-06   3.82639e-15   2.27207e-07       2.25188      -26.6242
00000          1500        216000   1.34072e-05   4.77225e-05  -5.62113e-05   2.14751e-05      0.666666      0.333332   1.43883e-07   1.19379e-06   3.81683e-15   2.19834e-07       2.29325      -26.9033
00000          1500        217000  -8.04689e-06  -7.86083e-06  -1.56592e-05  -1.42914e-05      0.666666      0.333332   1.39394e-07   1.15258e-06   3.80727e-15   2.12716e-07       2.33456      -27.1843
00000          1500        218000   3.34652e-05   9.43182e-07   4.51541e-05    6.7666e-06      0.666666      0.333332   1.35057e-07   1.11287e-06    3.7977e-15   2.05843e-07       2.37581      -27.4672
00000          1500        219000   4.69323e-06  -9.26136e-06  -4.21416e-05  -3.17994e-05      0.666666      0.333332   1.30867e-07   1.07459e-06   3.78812e-15   1.99207e-07       2.41701       -27.752
00000          1500        220000  -8.85176e-06  -2.57874e-05   6.01547e-07  -2.97138e-05      0.666666      0.333332   1.26819e-07   1.03769e-06   3.77854e-15   1.92799e-07       2.45815      -28.0387
00000          1500        221000   5.05027e-06   2.46181e-06  -2.54301e-06   2.21597e-06      0.666666      0.333332   1.22907e-07   1.00211e-06   3.76895e-15   1.86609e-07       2.49924      -28.3272
00000          1500        222000  -3.05951e-05  -7.10622e-06   2.67665e-05   1.30024e-05      0.666666      0.333332   1.19127e-07   9.67815e-07   3.75936e-15   1.80632e-07       2.54027      -28.6176
00000          1500        223000   5.06989e-08   1.30864e-05  -9.49818e-05  -4.71167e-05      0.666666      0.333332   1.15474e-07   9.34747e-07   3.74976e-15   1.74857e-07       2.58124      -28.9099
00000          1500        224000  -8.41991e-06  -3.31325e-06   3.18084e-06  -1.54921e-05      0.666666      0.333332   1.11943e-07   9.02862e-07   3.74016e-15    1.6928e-07       2.62216      -29.2041
00000          1500        225000   2.51022e-05  -1.14096e-05   1.32724e-05   3.90161e-05      0.666666      0.333332    1.0853e-07   8.72115e-07   3.73056e-15   1.63891e-07       2.66302      -29.5002
00000          1500        226000  -1.99895e-05   -3.3844e-06   1.50032e-05  -4.46719e-06      0.666666      0.333332    1.0523e-07   8.42464e-07   3.72095e-15   1.58685e-07       2.70383      -29.7981
00000          1500        227000  -2.06105e-06   8.73182e-06  -3.83554e-05  -4.66766e-05      0.666666      0.333332    1.0204e-07   8.13868e-07   3.71134e-15   1.53654e-07       2.74459      -30.0979
00000          1500        228000   6.66277e-06   1.23555e-05  -8.93122e-06  -1.33815e-05      0.666666      0.333333   9.89551e-08   7.86288e-07   3.70173e-15   1.48794e-07       2.78529      -30.3996
00000          1500        229000   8.85801e-06   2.92468e-05  -1.03173e-05   3.58324e-06      0.666666      0.333333   9.59717e-08   7.59686e-07   3.69211e-15   1.44096e-07       2.82593      -30.7032
00000          1500        230000  -2.66145e-05   2.28799e-05   -8.0871e-05  -8.57644e-05      0.666666      0.333333   9.30864e-08   7.34025e-07   3.68249e-15   1.39556e-07       2.86653      -31.0087
00000          1500        231000   8.38007e-06   5.00237e-06   -3.7703e-06  -1.44736e-05      0.666666      0.333333   9.02956e-08   7.09271e-07   3.67287e-15   1.35168e-07       2.90707       -31.316
00000          1500        232000   1.60974e-05  -1.51981e-05  -1.46855e-05   2.76762e-06      0.666666      0.333333    8.7596e-08    6.8539e-07   3.66325e-15   1.30927e-07       2.94756      -31.6252
00000          1500        233000   7.00049e-06   3.47868e-06  -9.04573e-06  -1.01999e-05      0.666666      0.333333   8.49843e-08   6.62349e-07   3.65363e-15   1.26827e-07         2.988      -31.9363
00000          1500        234000  -2.45161e-05  -1.20744e-05   1.31274e-05  -9.16039e-06      0.666666      0.333333   8.24574e-08   6.40119e-07   3.64401e-15   1.22863e-07       3.02838      -32.2493
00000          1500        235000   1.77848e-05   3.96694e-05   1.44162e-05   4.73647e-05      0.666666      0.333333   8.00124e-08   6.18668e-07   3.63439e-15   1.19031e-07       3.06872      -32.5642
00000          1500        236000  -1.60417e-06  -8.50114e-06   2.99387e-05   2.37627e-06      0.666666      0.333333   7.76463e-08   5.97969e-07   3.62477e-15   1.15326e-07         3.109      -32.8809
00000          1500        237000   5.12024e-05  -1.82088e-05   6.47295e-05   7.80452e-05      0.666667      0.333333   7.53565e-08   5.77994e-07   3.61514e-15   1.11743e-07       3.14923      -33.1995
00000          1500        238000   1.27958e-05   3.77613e-05   5.53481e-05   8.25799e-05      0.666667      0.333333   7.31401e-08   5.58715e-07   3.60552e-15   1.08278e-07       3.18941        -33.52
00000          1500        239000  -1.92794e-05  -9.19963e-06   7.32591e-06   7.65073e-06      0.666667      0.333333   7.09948e-08   5.40109e-07    3.5959e-15   1.04928e-07       3.22954      -33.8424
00000          1500        240000  -3.22523e-05   1.25633e-06  -1.91829e-05  -5.29708e-05      0.666667      0.333333   6.89179e-08    5.2215e-07   3.58628e-15   1.01687e-07       3.26962      -34.1667
00000          1500        241000  -2.57678e-05  -1.57561e-05  -1.91114e-05   5.61193e-06      0.666667      0.333333   6.69072e-08   5.04815e-07   3.57666e-15   9.85524e-08       3.30965      -34.4928
00000          1500        242000   4.61997e-06   5.48994e-06   1.14554e-05   1.11454e-05      0.666667      0.333333   6.49604e-08   4.88081e-07   3.56705e-15   9.55204e-08       3.34964      -34.8208
00000          1500        243000  -2.79346e-05   9.09428e-06  -8.52361e-05   -4.3361e-05      0.666667      0.333333   6.30752e-08   4.71926e-07   3.55743e-15   9.25873e-08       3.38957      -35.1507
00000          1500        244000  -2.76885e-06    2.3827e-06  -2.93288e-05  -9.10459e-06      0.666667      0.333333   6.12495e-08   4.56329e-07   3.54782e-15   8.97497e-08       3.42945      -35.4825
00000          1500        245000  -4.04555e-06  -4.52838e-06  -1.86225e-05  -4.60369e-06      0.666667      0.333333   5.94814e-08   4.41271e-07   3.53821e-15   8.70044e-08       3.46928      -35.8162
00000          1500        246000   5.39751e-06   5.83677e-06  -1.96787e-06  -3.39722e-07      0.666667      0.333333   5.77688e-08   4.26731e-07    3.5286e-15    8.4348e-08       3.50907      -36.1517
00000          1500        247000  -4.57917e-06   4.96977e-07     3.414e-06   2.09566e-05      0.666667      0.333333   5.61099e-08   4.12692e-07     3.519e-15   8.17776e-08       3.54881      -36.4891
00000          1500        248000  -1.85944e-05   2.92399e-05  -3.89793e-05  -3.94501e-05      0.666667      0.333333   5.45028e-08   3.99134e-07    3.5094e-15   7.92902e-08        3.5885      -36.8284
00000          1500        249000  -5.84702e-06   8.61558e-06   1.29263e-05   1.17439e-05      0.666667      0.333333   5.29457e-08   3.86042e-07    3.4998e-15    7.6883e-08       3.62814      -37.1696
00000          1500        250000  -3.01094e-06    6.7316e-06  -4.85717e-06  -1.19063e-05      0.666667      0.333333   5.14371e-08   3.73397e-07   3.49021e-15   7.45533e-08       3.66774      -37.5127
00000          1500        251000  -2.07859e-05  -1.50212e-05  -3.79249e-05  -2.60077e-05      0.666667      0.333333   4.99752e-08   3.61185e-07   3.48062e-15   7.22983e-08       3.70728      -37.8576
00000          1500        252000  -7.19959e-06   1.13838e-05  -1.09586e-05  -8.73667e-06      0.666667      0.333333   4.85585e-08   3.49389e-07   3.47104e-15   7.01156e-08       3.74678      -38.2044
00000          1500        253000  -2.55962e-06   8.82376e-06  -1.99615e-05  -1.85189e-05      0.666667      0.333333   4.71855e-08   3.37995e-07   3.46146e-15   6.80026e-08       3.78624      -38.5531
00000          1500        254000  -5.24396e-06  -1.13343e-05   8.26153e-06  -8.08729e-06      0.666667      0.333333   4.58547e-08   3.26988e-07   3.45188e-15   6.59571e-08       3.82565      -38.9037
00000          1500        255000   9.27306e-07   4.65283e-07  -2.26373e-06   1.01306e-05      0.666667      0.333333   4.45647e-08   3.16356e-07   3.44231e-15   6.39767e-08       3.86501      -39.2562
00000          1500        256000   1.00719e-05   -9.9928e-08  -1.34262e-05  -4.14984e-06      0.666667      0.333333   4.33141e-08   3.06083e-07   3.43275e-15   6.20593e-08       3.90432      -39.6105
00000          1500        257000   6.17243e-06  -9.67932e-06    4.0079e-05   1.22329e-06      0.666667      0.333333   4.21018e-08   2.96159e-07   3.42319e-15   6.02027e-08       3.94359      -39.9667
00000          1500        258000   1.65011e-05  -2.13932e-05   2.03929e-05   2.46331e-05      0.666667      0.333333   4.09263e-08    2.8657e-07   3.41364e-15   5.84049e-08       3.98282      -40.3248
00000          1500        259000   1.85011e-05   6.38558e-06   5.26469e-06   9.98705e-07      0.666667      0.333333   3.97864e-08   2.77305e-07   3.40409e-15   5.66639e-08         4.022      -40.6848
00000          1500        260000   -1.1996e-06    5.6766e-06  -2.41242e-07  -3.27219e-06      0.666667      0.333333   3.86811e-08   2.68351e-07   3.39455e-15   5.49779e-08       4.06113      -41.0467
00000          1500        261000  -1.01823e-05  -2.11013e-05   1.96688e-05   2.05129e-05      0.666667      0.333333   3.76092e-08     2.597e-07   3.38502e-15   5.33449e-08       4.10023      -41.4104
00000          1500        262000  -5.03639e-06    -2.738e-06  -1.80522e-06  -5.80585e-07      0.666667      0.333333   3.65695e-08   2.51338e-07   3.37549e-15   5.17632e-08       4.13927       -41.776
00000          1500        263000   4.40184e-06  -9.50445e-06   1.63383e-05  -1.44899e-05      0.666667      0.333333   3.55611e-08   2.43257e-07   3.36597e-15   5.02311e-08       4.17827      -42.1435
00000          1500        264000   -4.8482e-06   4.26336e-06   -1.9599e-05  -2.61141e-06      0.666667      0.333333   3.45829e-08   2.35447e-07   3.35646e-15    4.8747e-08       4.21723      -42.5129
00000          1500        265000    6.6917e-06  -4.72047e-06  -1.05598e-05  -1.37681e-06      0.666667      0.333333   3.36339e-08   2.27898e-07   3.34695e-15   4.73092e-08       4.25615      -42.8842
00000          1500        266000   1.88624e-05  -3.83607e-06   1.54615e-05  -1.11182e-05      0.666667      0.333333   3.27132e-08   2.20602e-07   3.33745e-15   4.59163e-08       4.29502      -43.2573
00000          1500        267000  -3.43079e-05   -2.6871e-05   4.99301e-05  -1.28111e-06      0.666667      0.333333   3.18199e-08   2.13548e-07   3.32796e-15   4.45667e-08       4.33384      -43.6323
00000          1500        268000  -1.29554e-05   -5.8203e-06   1.65327e-05  -1.80356e-07      0.666667      0.333333   3.09531e-08   2.06729e-07   3.31848e-15   4.32591e-08       4.37263      -44.0092
00000          1500        269000   1.25458e-06    1.6039e-05  -2.98435e-05    1.4593e-05      0.666667      0.333333   3.01119e-08   2.00137e-07   3.30901e-15    4.1992e-08       4.41137       -44.388
00000          1500        270000   6.58132e-06   1.33439e-05  -1.48216e-05   8.83564e-06      0.666667      0.333333   2.92956e-08   1.93764e-07   3.29954e-15   4.07642e-08       4.45007      -44.7687
00000          1500        271000   4.40956e-05   3.00648e-05  -6.95739e-05    2.5324e-07      0.666667      0.333333   2.85033e-08   1.87602e-07   3.29009e-15   3.95743e-08       4.48873      -45.1512
00000          1500        272000   1.07741e-05   1.35962e-05  -1.60126e-05  -7.09892e-06      0.666667      0.333333   2.77342e-08   1.81644e-07   3.28064e-15    3.8421e-08       4.52734      -45.5356
00000          1500        273000   1.54799e-05    7.3743e-06   7.12957e-06   6.72829e-06      0.666667      0.333333   2.69877e-08   1.75883e-07    3.2712e-15   3.73033e-08       4.56591      -45.9219
00000          1500        274000   1.11827e-05  -2.88968e-05   4.47131e-05   1.52477e-05      0.666667      0.333333    2.6263e-08   1.70312e-07   3.26177e-15   3.62199e-08       4.60444      -46.3101
00000          1500        275000    -1.763e-05  -4.38186e-05  -1.84834e-05  -2.26289e-05      0.666667      0.333333   2.55595e-08   1.64925e-07   3.25235e-15   3.51698e-08       4.64293      -46.7002
00000          1500        276000    3.9954e-05  -4.73342e-05  -1.04716e-05   2.29995e-05      0.666667      0.333333   2.48764e-08   1.59715e-07   3.24294e-15   3.41518e-08       4.68138      -47.0921
00000          1500        277000  -7.58647e-06   1.81564e-06  -1.27311e-05  -1.81238e-05      0.666667      0.333333   2.42131e-08   1.54676e-07   3.23353e-15   3.31649e-08       4.71979      -47.4859
00000          1500        278000  -2.57987e-06    -5.098e-06   9.95261e-06   4.32077e-06      0.666667      0.333333    2.3569e-08   1.49803e-07   3.22414e-15   3.22082e-08       4.75815      -47.8816
00000          1500        279000   4.33653e-06  -1.66803e-06   7.29729e-06   1.13706e-05      0.666667      0.333333   2.29435e-08   1.45089e-07   3.21476e-15   3.12806e-08       4.79648      -48.2792
00000          1500        280000  -4.10973e-05   2.85911e-05  -4.91034e-05  -4.79468e-05      0.666667      0.333333    2.2336e-08    1.4053e-07   3.20539e-15   3.03811e-08       4.83476      -48.6787
00000          1500        281000   1.13086e-05  -4.07399e-05  -5.83167e-06  -2.45808e-05      0.666667      0.333333    2.1746e-08    1.3612e-07   3.19603e-15    2.9509e-08       4.87301        -49.08
00000          1500        282000   1.05143e-06  -2.32751e-06   2.64257e-06  -5.30145e-06      0.666667      0.333333   2.11729e-08   1.31853e-07   3.18668e-15   2.86633e-08       4.91121      -49.4832
00000          1500        283000   3.04852e-05   3.93731e-05  -4.65828e-05   3.51537e-05      0.666667      0.333333   2.06162e-08   1.27726e-07   3.17734e-15   2.78432e-08       4.94937      -49.8883
00000          1500        284000   3.95776e-06   7.81698e-06  -5.01089e-06  -1.19529e-05      0.666667      0.333333   2.00753e-08   1.23733e-07   3.16801e-15   2.70478e-08        4.9875      -50.2953
00000          1500        285000   9.53877e-06   1.00655e-05   3.99283e-05   2.19915e-05      0.666667      0.333333   1.95499e-08   1.19869e-07   3.15869e-15   2.62764e-08       5.02558      -50.7042
00000          1500        286000  -2.15194e-07   3.20745e-06   1.52563e-05   1.15849e-05      0.666667      0.333333   1.90393e-08   1.16131e-07   3.14939e-15   2.55282e-08       5.06363      -51.1149
00000          1500        287000   -1.7631e-05  -1.02905e-05   1.40351e-05   2.72783e-06      0.666667      0.333333   1.85433e-08   1.12515e-07   3.14009e-15   2.48025e-08       5.10163      -51.5275
00000          1500        288000   8.26277e-06  -1.81936e-05   4.32962e-05   1.18343e-05      0.666667      0.333333   1.80612e-08   1.09015e-07   3.13081e-15   2.40985e-08        5.1396       -51.942
00000          1500        289000   3.30471e-06  -1.25979e-05  -1.40699e-05  -1.56579e-06      0.666667      0.333333   1.75928e-08   1.05628e-07   3.12154e-15   2.34156e-08       5.17753      -52.3584
00000          1500        290000   6.69537e-06  -2.16212e-06  -1.51162e-05   6.78549e-06      0.666667      0.333333   1.71375e-08   1.02351e-07   3.11228e-15   2.27531e-08       5.21542      -52.7767
00000          1500        291000  -2.31186e-07   6.84784e-07   2.04964e-06  -3.21506e-06      0.666667      0.333333    1.6695e-08   9.91792e-08   3.10303e-15   2.21104e-08       5.25327      -53.1968
00000          1500        292000  -1.78885e-06  -1.90972e-06   5.47181e-06   9.81669e-06      0.666667      0.333333   1.62649e-08   9.61096e-08    3.0938e-15   2.14868e-08       5.29108      -53.6188
00000          1500        293000   9.54907e-06  -6.71843e-06  -9.94933e-05   2.28272e-05      0.666667      0.333333   1.58468e-08   9.31388e-08   3.08457e-15   2.08817e-08       5.32886      -54.0427
00000          1500        294000   3.50907e-05   9.48927e-06  -1.08564e-05  -2.35534e-05      0.666667      0.333333   1.54403e-08   9.02633e-08   3.07536e-15   2.02946e-08        5.3666      -54.4685
00000          1500        295000   1.69374e-05   1.40849e-05  -1.47484e-05  -6.71808e-06      0.666667      0.333333   1.50452e-08     8.748e-08   3.06616e-15   1.97249e-08        5.4043      -54.8962
00000          1500        296000   4.00285e-06   2.72277e-05   4.89518e-05    2.9964e-05      0.666667      0.333333    1.4661e-08   8.47858e-08   3.05698e-15   1.91721e-08       5.44196      -55.3257
00000          1500        297000   1.81062e-05   4.93499e-07  -5.85811e-05   1.15158e-05      0.666667      0.333333   1.42874e-08   8.21778e-08    3.0478e-15   1.86355e-08       5.47958      -55.7571
00000          1500        298000   2.40519e-05   2.78178e-05  -6.61706e-06    1.2671e-05      0.666667      0.333333   1.39242e-08   7.96531e-08   3.03864e-15   1.81148e-08       5.51717      -56.1904
00000          1500        299000  -7.49769e-06   1.08594e-05   7.80713e-05   1.43571e-05      0.666667      0.333333    1.3571e-08   7.72089e-08    3.0295e-15   1.76094e-08       5.55472      -56.6256
00000          1500        300000   1.63384e-05   3.11785e-05  -1.57111e-05    2.0904e-05      0.666667      0.333333   1.32275e-08   7.48425e-08   3.02036e-15   1.71189e-08       5.59223      -57.0627
