00000          2000          5000  -3.47607e-06   1.56838e-06  -3.83501e-07  -1.10405e-06     0.0990235     0.0112374      0.268621      0.232556   5.64087e-13      0.388562      -8.26893      -6.08712
00000          2000          6000    -0.0111862  -6.88636e-05  -0.000547803  -0.000178174      0.106298     0.0132923       0.29123      0.222964   6.98096e-13      0.366216      -8.03061      -6.00038
00000          2000          7000   -0.00179918  -5.17789e-05  -0.000314301  -0.000166495      0.116548     0.0157091      0.307553      0.215107   8.51801e-13      0.345084      -7.81364      -5.91505
00000          2000          8000  -0.000462168   7.49284e-05   5.60015e-05   -2.5873e-05      0.129313     0.0185437      0.318876      0.208498   1.02813e-12      0.324769      -7.61207      -5.83112
00000          2000          9000  -0.000349729   8.47652e-06  -7.92553e-05  -0.000176545      0.144568     0.0218855      0.325749      0.202865   1.23116e-12      0.304933      -7.42176       -5.7486
00000          2000         10000   -0.00018954  -2.15818e-05  -0.000473262  -1.76777e-06      0.162536     0.0258633      0.328296      0.198038   1.46636e-12      0.285267      -7.23962       -5.6675
00000          2000         11000   -9.8065e-05   0.000127754   0.000143967  -6.51618e-05      0.183637     0.0306584      0.326341      0.193895   1.74103e-12      0.265469      -7.06313      -5.58781
00000          2000         12000  -0.000461673   0.000100725   1.74225e-05  -0.000449818      0.208471     0.0365255      0.319452      0.190324   2.06479e-12      0.245227      -6.89016      -5.50952
00000          2000         13000  -5.83143e-05  -0.000477385   0.000799168   0.000574444      0.237789     0.0438171      0.306984      0.187188   2.45004e-12      0.224222      -6.71879      -5.43264
00000          2000         14000   -0.00125906  -0.000814056  -5.27058e-05  -0.000580822       0.27234     0.0529926      0.288212       0.18427   2.91141e-12      0.202185      -6.54743      -5.35718
00000          2000         15000  -0.000208848   0.000197273  -0.000173792     0.0003745      0.312389     0.0645456      0.262782      0.181194   3.46175e-12       0.17909       -6.3754      -5.28312
00000          2000         16000  -0.000735369  -0.000236135   0.000113755   1.18149e-05      0.356722     0.0787184       0.23167      0.177391   4.10091e-12      0.155498      -6.20403      -5.21048
00000          2000         17000   8.26209e-05   0.000320154  -0.000280214  -0.000101681      0.401904     0.0950418      0.197996      0.172293    4.8016e-12      0.132766      -6.03742      -5.13924
00000          2000         18000  -3.71098e-05   3.42598e-05   -8.6548e-05  -0.000212259      0.443609      0.112299      0.165918      0.165728   5.51422e-12      0.112446      -5.88055      -5.06942
00000          2000         19000  -2.15937e-05  -3.89362e-05  -2.00538e-05  -2.75404e-05      0.479208      0.129233      0.138188      0.158038    6.1949e-12     0.0953334      -5.73607        -5.001
00000          2000         20000   1.05161e-05   1.41659e-05  -5.37501e-05  -1.71117e-05      0.508368      0.145103      0.115435      0.149752   6.82196e-12     0.0813419      -5.60377        -4.934
00000          2000         21000   1.89757e-05   1.14853e-05   6.71156e-06   4.59899e-06       0.53194      0.159649      0.097119      0.141311   7.39081e-12     0.0699805      -5.48205      -4.86841
00000          2000         22000  -3.45625e-06   6.56722e-06    1.0464e-05   3.89395e-06      0.551022      0.172864     0.0823977      0.133004   7.90463e-12     0.0607124      -5.36911      -4.80422
00000          2000         23000  -5.96826e-06   3.51074e-06  -1.01607e-05  -1.14991e-05      0.566587       0.18484     0.0704934      0.124995   8.36904e-12     0.0530838       -5.2634      -4.74144
00000          2000         24000  -1.31788e-05   3.13577e-06   1.31666e-05   9.50028e-06      0.579405        0.1957     0.0607814      0.117373   8.78983e-12     0.0467411      -5.16368      -4.68008
00000          2000         25000  -4.01448e-06  -1.54514e-06  -7.47883e-06  -2.21829e-06      0.590063      0.205562     0.0527823      0.110177    9.1723e-12      0.041415      -5.06899      -4.62013
00000          2000         26000   3.62659e-07  -3.77375e-06  -3.85559e-06   6.54109e-07       0.59901      0.214538     0.0461326      0.103418     9.521e-12     0.0369015      -4.97856      -4.56158
00000          2000         27000  -1.66439e-06    5.3714e-07  -6.33718e-06   -3.8853e-06      0.606585      0.222725     0.0405564     0.0970891   9.83989e-12     0.0330445       -4.8918      -4.50444
00000          2000         28000   5.19618e-06  -3.73294e-06  -9.86081e-06  -3.24906e-06      0.613048       0.23021      0.035843     0.0911757   1.01323e-11     0.0297234      -4.80822      -4.44872
00000          2000         29000   2.91265e-06   2.95741e-06   6.50696e-07   1.60656e-06      0.618603      0.237066     0.0318295     0.0856572   1.04011e-11     0.0268444      -4.72744       -4.3944
00000          2000         30000  -3.39169e-07  -3.48518e-09   -9.0064e-07    1.3446e-07      0.623408       0.24336     0.0283891     0.0805108   1.06488e-11      0.024333      -4.64915       -4.3415
00000          2000         31000   -0.00275825    0.00343161    0.00616946    0.00155349      0.627589      0.249147     0.0254217     0.0757127   1.08775e-11     0.0221301      -4.57307         -4.29
00000          2000         32000   5.14237e-06  -2.47772e-07    9.1087e-06   5.94778e-06      0.631247      0.254478      0.022848     0.0712394    1.1089e-11      0.020188      -4.49899      -4.23992
00000          2000         33000    0.00190343  -0.000574298    -0.0048636   -0.00114186      0.634463      0.259397     0.0206042     0.0670682    1.1285e-11     0.0184678      -4.42671      -4.19125
00000          2000         34000    0.00179949     0.0035775     0.0063215    0.00136972      0.637303      0.263943     0.0186387     0.0631775   1.14669e-11     0.0169376      -4.35607      -4.14398
00000          2000         35000   -0.00323762   -0.00128317  -0.000927662   -0.00452443      0.639823       0.26815     0.0169094     0.0595468    1.1636e-11     0.0155712      -4.28694      -4.09813
00000          2000         36000   -0.00195102   -0.00150832  -0.000426298   0.000326838      0.642066      0.272049     0.0153817     0.0561571   1.17934e-11     0.0143465      -4.21919      -4.05368
00000          2000         37000   -0.00082293   -0.00254431  -7.58819e-05    0.00114709       0.64407      0.275667      0.014027     0.0529908     1.194e-11     0.0132453      -4.15271      -4.01065
00000          2000         38000  -0.000916769   -0.00134966    0.00266001  -0.000311295      0.645867      0.279028     0.0128216     0.0500313   1.20768e-11     0.0122519      -4.08742      -3.96902
00000          2000         39000    0.00178925   0.000866786   -0.00223437    -0.0019332      0.647483      0.282155     0.0117454     0.0472634   1.22045e-11     0.0113533      -4.02323       -3.9288
00000          2000         40000   0.000200666  -0.000634058    0.00405248    0.00172126      0.648941      0.285066     0.0107816     0.0446733   1.23239e-11     0.0105383      -3.96007         -3.89
00000          2000         41000  -0.000819764   0.000236508   0.000278951  -0.000287229      0.650259       0.28778    0.00991601     0.0422478   1.24355e-11    0.00979711      -3.89787       -3.8526
00000          2000         42000   0.000541863    0.00166485   0.000995122   -0.00186809      0.651454      0.290313    0.00913652     0.0399752   1.25401e-11    0.00912155      -3.83657      -3.81662
00000          2000         43000    0.00154526    0.00070863   -0.00174093  -0.000128069       0.65254      0.292678    0.00843278     0.0378444    1.2638e-11    0.00850443      -3.77612      -3.78204
00000          2000         44000    -0.0020307   0.000205211     0.0016336   0.000786958       0.65353      0.294889     0.0077959     0.0358453   1.27299e-11    0.00793952      -3.71647      -3.74888
00000          2000         45000   0.000389313   -0.00143909    0.00109318   0.000554234      0.654433      0.296959    0.00721822     0.0339686    1.2816e-11    0.00742139      -3.65758      -3.71713
00000          2000         46000   0.000968523    0.00107353   -0.00224958   0.000802977      0.655259      0.298896    0.00669312     0.0322058   1.28968e-11    0.00694528       -3.5994      -3.68678
00000          2000         47000  -0.000270574   0.000556179   0.000785253   0.000455107      0.656016      0.300713    0.00621484     0.0305489   1.29728e-11    0.00650703      -3.54191      -3.65784
00000          2000         48000   6.17292e-07   0.000150583   0.000436642  -0.000176024      0.656711      0.302417    0.00577838     0.0289907   1.30441e-11    0.00610295      -3.48506      -3.63032
00000          2000         49000   8.45406e-05  -9.85122e-05   0.000374809   0.000116648      0.657351      0.304016    0.00537933     0.0275243    1.3111e-11    0.00572979      -3.42882       -3.6042
00000          2000         50000  -0.000512814  -0.000657832    0.00145226   0.000758288      0.657939      0.305518    0.00501387     0.0261436    1.3174e-11    0.00538467      -3.37317       -3.5795
00000          2000         51000  -0.000207769  -9.99512e-05  -0.000213828   0.000108798      0.658483      0.306931    0.00467861     0.0248429   1.32332e-11    0.00506503      -3.31808       -3.5562
00000          2000         52000   0.000536492  -0.000184763  -0.000360423  -0.000437165      0.658984       0.30826    0.00437056     0.0236168   1.32889e-11    0.00476859      -3.26353      -3.53432
00000          2000         53000  -0.000491406  -8.53379e-05  -0.000182309  -9.32824e-05      0.659449      0.309511     0.0040871     0.0224605   1.33412e-11    0.00449331      -3.20949      -3.51385
00000          2000         54000  -0.000109019  -0.000201047   0.000507044   0.000255373      0.659879      0.310689    0.00382588     0.0213693   1.33904e-11    0.00423737      -3.15595      -3.49478
00000          2000         55000  -0.000615441  -0.000121117   0.000228117   0.000361424      0.660278      0.311799    0.00358482     0.0203391   1.34367e-11    0.00399912      -3.10287      -3.47713
00000          2000         56000  -1.82251e-05    0.00011527  -6.79899e-05  -1.93948e-05      0.660648      0.312847    0.00336208     0.0193659   1.34802e-11    0.00377709      -3.05025      -3.46088
00000          2000         57000   0.000562296  -0.000380125   0.000333334  -0.000108885      0.660993      0.313835    0.00315601     0.0184463    1.3521e-11    0.00356996      -2.99807      -3.44605
00000          2000         58000  -9.03252e-05  -2.89079e-05  -0.000996304  -0.000719165      0.661313      0.314768    0.00296511     0.0175767   1.35595e-11    0.00337653      -2.94631      -3.43262
00000          2000         59000  -6.49463e-05  -0.000345641   4.52831e-05  -5.88156e-05      0.661612       0.31565    0.00278808     0.0167541   1.35955e-11    0.00319571      -2.89496       -3.4206
00000          2000         60000   0.000200055   3.35998e-05  -0.000287953  -0.000233699      0.661891      0.316483    0.00262371     0.0159755   1.36294e-11    0.00302651        -2.844         -3.41
00000          2000         61000   6.94261e-05   7.36889e-05  -0.000577205  -0.000206331      0.662151      0.317271    0.00247094     0.0152384   1.36612e-11    0.00286805      -2.79342      -3.40081
00000          2000         62000   4.82779e-05   -6.6377e-05   0.000129672   0.000138049      0.662395      0.318017     0.0023288     0.0145401    1.3691e-11    0.00271952       -2.7432      -3.39302
00000          2000         63000   2.17045e-05   4.76886e-05  -0.000216419   0.000237047      0.662622      0.318723    0.00219642     0.0138783    1.3719e-11    0.00258017      -2.69334      -3.38665
00000          2000         64000  -0.000232709   0.000145987  -0.000121476  -0.000180633      0.662835      0.319391      0.002073     0.0132509   1.37452e-11    0.00244933      -2.64382      -3.38168
00000          2000         65000  -0.000206938  -0.000161035   0.000236806   -0.00067294      0.663035      0.320025    0.00195784     0.0126559   1.37696e-11    0.00232638      -2.59464      -3.37812
00000          2000         66000  -0.000141707  -0.000272762   -0.00038551  -0.000365656      0.663222      0.320625    0.00185029     0.0120912   1.37925e-11    0.00221076      -2.54578      -3.37598
00000          2000         67000   6.09708e-05   8.53921e-05   8.56628e-05  -1.03435e-07      0.663398      0.321195    0.00174975     0.0115552   1.38138e-11    0.00210195      -2.49723      -3.37524
00000          2000         68000   6.46303e-05  -0.000205842  -0.000461302  -0.000173432      0.663563      0.321735    0.00165568     0.0110462   1.38337e-11    0.00199948      -2.44898      -3.37592
00000          2000         69000   8.64022e-06   3.30754e-05  -2.16675e-05    4.1878e-05      0.663719      0.322248    0.00156761     0.0105627   1.38522e-11    0.00190291      -2.40104        -3.378
00000          2000         70000  -4.02241e-05  -7.34371e-05  -0.000158338   0.000219114      0.663865      0.322735    0.00148508     0.0101031   1.38694e-11    0.00181185      -2.35338       -3.3815
00000          2000         71000   0.000145432   2.86006e-06  -7.79545e-05  -0.000109263      0.664002      0.323198    0.00140769    0.00966628   1.38853e-11    0.00172592      -2.30599      -3.38641
00000          2000         72000   4.19059e-05   0.000122833   0.000317551   0.000133613      0.664132      0.323638    0.00133505    0.00925081      1.39e-11    0.00164478      -2.25889      -3.39272
00000          2000         73000   3.83607e-05    3.4373e-05  -4.01348e-05   -6.8168e-05      0.664254      0.324056    0.00126684    0.00885554   1.39135e-11    0.00156812      -2.21204      -3.40045
00000          2000         74000   0.000138465    -3.698e-05   5.38267e-06    9.4236e-05      0.664369      0.324453    0.00120273    0.00847937    1.3926e-11    0.00149566      -2.16546      -3.40958
00000          2000         75000   8.37215e-05   6.52155e-05   0.000265523   2.76253e-05      0.664478      0.324831    0.00114244    0.00812125   1.39373e-11    0.00142711      -2.11913      -3.42012
00000          2000         76000   0.000239876    7.6937e-05  -0.000112297  -8.23502e-05      0.664581      0.325191     0.0010857     0.0077802   1.39477e-11    0.00136224      -2.07304      -3.43208
00000          2000         77000   0.000114585   5.43032e-06  -0.000268258  -4.06526e-05      0.664678      0.325534    0.00103227     0.0074553   1.39571e-11    0.00130081       -2.0272      -3.44545
00000          2000         78000  -0.000188691  -0.000153705   0.000490284   7.08007e-05      0.664769       0.32586   0.000981929    0.00714569   1.39656e-11    0.00124262      -1.98158      -3.46022
00000          2000         79000  -5.30905e-05   8.46619e-06   0.000160243   6.25301e-05      0.664856      0.326171   0.000934464    0.00685057   1.39732e-11    0.00118746       -1.9362       -3.4764
00000          2000         80000   1.98004e-05   0.000151315  -0.000183499  -9.57868e-05      0.664938      0.326468   0.000889686    0.00656915   1.39799e-11    0.00113514      -1.89104        -3.494
00000          2000         81000  -4.42789e-05  -5.02739e-05   4.28243e-05   1.89679e-05      0.665016       0.32675   0.000847419    0.00630073   1.39858e-11    0.00108551      -1.84611      -3.51301
00000          2000         82000  -6.34167e-06   1.84559e-05  -7.21683e-06   5.73572e-06       0.66509       0.32702     0.0008075    0.00604463   1.39909e-11    0.00103839      -1.80138      -3.53342
00000          2000         83000   8.99713e-06   3.03104e-05   6.02826e-05   1.97702e-05       0.66516      0.327277   0.000769777    0.00580022   1.39952e-11    0.00099365      -1.75686      -3.55525
00000          2000         84000   1.47487e-06  -6.14033e-06   0.000116312   9.11122e-05      0.665226      0.327522   0.000734112    0.00556689   1.39988e-11   0.000951139      -1.71255      -3.57848
00000          2000         85000   2.80466e-05   3.14628e-05  -5.70773e-05  -0.000131585      0.665289      0.327756   0.000700374    0.00534408   1.40017e-11   0.000910732      -1.66845      -3.60312
00000          2000         86000  -4.24756e-05  -8.54091e-06  -0.000106725  -6.22858e-05      0.665349      0.327979   0.000668443    0.00513126    1.4004e-11   0.000872309      -1.62453      -3.62918
00000          2000         87000   6.17558e-06  -0.000100713   7.28534e-05   3.52838e-05      0.665405      0.328193   0.000638207    0.00492793   1.40055e-11   0.000835758      -1.58081      -3.65665
00000          2000         88000   0.000119231  -4.11311e-06   8.30387e-05   0.000188075      0.665459      0.328397   0.000609563    0.00473361   1.40065e-11   0.000800973      -1.53728      -3.68552
00000          2000         89000   2.10588e-05  -4.23084e-05   7.14802e-05   3.55612e-05      0.665511      0.328591   0.000582414    0.00454785   1.40068e-11   0.000767856      -1.49394      -3.71581
00000          2000         90000   -0.00013071   0.000133622  -0.000204155  -0.000173304      0.665559      0.328778    0.00055667    0.00437024   1.40065e-11   0.000736314      -1.45077       -3.7475
00000          2000         91000   6.23689e-05  -8.98931e-06    4.2008e-05   1.20511e-05      0.665606      0.328956   0.000532247    0.00420036   1.40057e-11   0.000706263      -1.40779       -3.7806
00000          2000         92000  -5.93209e-07   3.81711e-07   4.21661e-06   1.62522e-06       0.66565      0.329126   0.000509067    0.00403785   1.40043e-11    0.00067762      -1.36498      -3.81512
00000          2000         93000  -1.03461e-05  -8.84195e-06   6.29845e-06   1.05838e-05      0.665692      0.329289   0.000487059    0.00388235   1.40023e-11   0.000650311      -1.32234      -3.85105
00000          2000         94000  -1.86051e-06  -8.93539e-06   1.43067e-05   1.78248e-05      0.665732      0.329444   0.000466152    0.00373352   1.39999e-11   0.000624263      -1.27987      -3.88838
00000          2000         95000   1.14214e-05  -2.61726e-05   5.07259e-05   2.21793e-05       0.66577      0.329594   0.000446285    0.00359104    1.3997e-11   0.000599411      -1.23757      -3.92712
00000          2000         96000  -6.80667e-05   -0.00010436   0.000174835   9.30719e-05      0.665806      0.329736   0.000427399    0.00345461   1.39935e-11   0.000575691      -1.19543      -3.96728
00000          2000         97000   6.06765e-06    7.6277e-06   -1.1912e-05  -2.30923e-05      0.665841      0.329873   0.000409436    0.00332395   1.39896e-11   0.000553044      -1.15345      -4.00885
00000          2000         98000  -7.05294e-06  -2.02686e-05  -4.64067e-05   0.000102128      0.665874      0.330004   0.000392346    0.00319877   1.39853e-11   0.000531416      -1.11162      -4.05182
00000          2000         99000  -4.66247e-05  -1.96424e-05  -7.19908e-05  -0.000144887      0.665905      0.330129   0.000376081    0.00307883   1.39805e-11   0.000510753      -1.06995      -4.09621
00000          2000        100000  -4.97101e-06  -2.41548e-05   5.88928e-05   4.46154e-05      0.665935      0.330249   0.000360594    0.00296387   1.39753e-11   0.000491006      -1.02844        -4.142
00000          2000        101000   5.19399e-06    -1.188e-05  -4.62907e-05  -1.08418e-05      0.665964      0.330364   0.000345843    0.00285368   1.39696e-11    0.00047213     -0.987068      -4.18921
00000          2000        102000   2.84905e-05   1.58946e-05   3.38999e-06   1.60661e-05      0.665991      0.330475   0.000331788    0.00274803   1.39636e-11    0.00045408     -0.945848      -4.23782
00000          2000        103000   2.64677e-05   8.31251e-05  -0.000179638  -3.33761e-05      0.666018       0.33058   0.000318391    0.00264671   1.39572e-11   0.000436815     -0.904773      -4.28785
00000          2000        104000   -3.1072e-05   1.88948e-05  -6.44343e-05  -2.65647e-05      0.666043      0.330682   0.000305617    0.00254953   1.39504e-11   0.000420297      -0.86384      -4.33928
00000          2000        105000  -6.63622e-06   4.67071e-06  -3.48452e-05  -9.76198e-06      0.666067      0.330779   0.000293434     0.0024563   1.39432e-11   0.000404489     -0.823047      -4.39212
00000          2000        106000   -1.5775e-05  -1.42337e-05  -3.33819e-05  -1.20393e-05      0.666089      0.330873    0.00028181    0.00236683   1.39356e-11   0.000389356     -0.782393      -4.44638
00000          2000        107000   7.47978e-05   -3.4015e-05  -1.12161e-05   1.68931e-05      0.666111      0.330962   0.000270715    0.00228097   1.39278e-11   0.000374865     -0.741875      -4.50204
00000          2000        108000    8.7951e-06   2.09382e-05   1.32376e-05   3.40432e-05      0.666132      0.331048   0.000260123    0.00219855   1.39195e-11   0.000360985     -0.701491      -4.55912
00000          2000        109000   2.31139e-06   1.04658e-05  -6.19231e-06   5.80883e-07      0.666152      0.331131   0.000250006    0.00211941    1.3911e-11   0.000347688     -0.661239      -4.61761
00000          2000        110000  -7.94951e-06  -2.03273e-05   4.24146e-05   3.44459e-05      0.666171       0.33121   0.000240342    0.00204342   1.39021e-11   0.000334946     -0.621117       -4.6775
00000          2000        111000   3.64191e-05   3.91099e-05  -0.000125878  -5.99925e-05       0.66619      0.331286   0.000231107    0.00197043   1.38929e-11   0.000322732     -0.581123      -4.73881
00000          2000        112000  -5.61035e-05   2.46384e-05   9.65901e-05   0.000142887      0.666207      0.331359   0.000222279    0.00190032   1.38834e-11   0.000311021     -0.541256      -4.80152
00000          2000        113000   7.50682e-06  -2.44023e-06   4.18257e-05    9.1446e-06      0.666224      0.331429   0.000213838    0.00183295   1.38736e-11   0.000299791     -0.501514      -4.86564
00000          2000        114000   0.000177225    1.0195e-05  -7.81368e-05  -8.67616e-05       0.66624      0.331497   0.000205764    0.00176822   1.38635e-11   0.000289019     -0.461894      -4.93118
00000          2000        115000   4.34375e-07   2.56184e-06   1.44326e-07   1.84425e-06      0.666256      0.331561    0.00019804      0.001706   1.38531e-11   0.000278683     -0.422396      -4.99812
00000          2000        116000  -1.79646e-05  -2.38123e-05  -2.35411e-05  -3.17063e-06      0.666271      0.331624   0.000190648    0.00164619   1.38425e-11   0.000268765     -0.383017      -5.06648
00000          2000        117000    2.8238e-08  -4.73958e-05   7.75102e-05   5.22249e-05      0.666285      0.331683   0.000183572    0.00158868   1.38316e-11   0.000259244     -0.343756      -5.13625
00000          2000        118000   4.91061e-06  -1.23001e-05  -0.000158815  -9.46038e-05      0.666299      0.331741   0.000176796    0.00153338   1.38204e-11   0.000250103     -0.304612      -5.20742
00000          2000        119000   4.57644e-05   1.16962e-05    1.8698e-05   1.78516e-05      0.666312      0.331796   0.000170307     0.0014802   1.38089e-11   0.000241325     -0.265582         -5.28
00000          2000        120000  -3.23645e-06   1.69631e-05  -7.32082e-05  -2.40169e-05      0.666324       0.33185    0.00016409    0.00142904   1.37972e-11   0.000232894     -0.226666        -5.354
00000          2000        121000  -8.30138e-06  -6.56768e-05  -4.52266e-05  -2.16561e-05      0.666336      0.331901   0.000158133    0.00137982   1.37853e-11   0.000224794     -0.187861      -5.42941
00000          2000        122000  -2.35495e-05  -2.14975e-07  -3.61409e-05  -1.65139e-05      0.666348       0.33195   0.000152422    0.00133246   1.37731e-11   0.000217011     -0.149167      -5.50622
00000          2000        123000   2.99716e-05   -5.8484e-06   5.72703e-05   -9.0617e-06      0.666359      0.331997   0.000146948    0.00128688   1.37607e-11    0.00020953     -0.110583      -5.58444
00000          2000        124000  -1.56721e-05  -2.91555e-05  -3.01373e-05  -3.71641e-05       0.66637      0.332043   0.000141698    0.00124301   1.37481e-11   0.000202339    -0.0721054      -5.66408
00000          2000        125000  -3.48056e-05  -1.48765e-05    0.00011372   6.61134e-05       0.66638      0.332087   0.000136662    0.00120078   1.37352e-11   0.000195425    -0.0337346      -5.74513
00000          2000        126000   2.40569e-05  -4.42405e-06   -7.9835e-05   2.61665e-06       0.66639      0.332129    0.00013183    0.00116012   1.37222e-11   0.000188776     0.0045312      -5.82758
00000          2000        127000  -2.13054e-05   2.69712e-05  -2.60399e-05   5.68759e-06      0.666399       0.33217   0.000127193    0.00112096   1.37089e-11    0.00018238     0.0426932      -5.91144
00000          2000        128000  -2.02157e-05  -1.85962e-05  -8.17623e-06  -1.67444e-05      0.666409      0.332209   0.000122742    0.00108325   1.36954e-11   0.000176227     0.0807527      -5.99672
00000          2000        129000  -7.28419e-06  -1.94954e-06   4.20176e-05  -2.70111e-05      0.666417      0.332247   0.000118469    0.00104693   1.36817e-11   0.000170307      0.118711       -6.0834
00000          2000        130000  -1.58379e-06  -5.04217e-06   0.000124216   0.000114061      0.666426      0.332283   0.000114365    0.00101194   1.36678e-11   0.000164609      0.156569       -6.1715
00000          2000        131000    2.1367e-05   2.60063e-05  -3.90411e-05   7.36551e-06      0.666434      0.332318   0.000110424   0.000978228   1.36537e-11   0.000159124      0.194328        -6.261
00000          2000        132000  -8.37808e-06   1.88617e-05   3.39569e-05  -1.50481e-05      0.666442      0.332352   0.000106637   0.000945741   1.36394e-11   0.000153844      0.231989      -6.35192
00000          2000        133000   2.22332e-06    1.1856e-05  -7.23899e-05  -3.92388e-05      0.666449      0.332385   0.000102997   0.000914431   1.36249e-11   0.000148759      0.269554      -6.44425
00000          2000        134000   8.73298e-06  -6.43069e-05  -0.000120312  -1.67356e-05      0.666456      0.332416   9.94997e-05   0.000884253   1.36103e-11   0.000143863      0.307023      -6.53798
00000          2000        135000   8.83201e-05   2.57543e-05   0.000113489   7.80673e-05      0.666463      0.332446   9.61371e-05   0.000855161   1.35954e-11   0.000139146      0.344398      -6.63313
00000          2000        136000   1.17476e-05   6.49868e-06   8.18327e-06   2.17947e-05       0.66647      0.332475   9.29037e-05   0.000827112   1.35804e-11   0.000134602      0.381679      -6.72968
00000          2000        137000   1.41648e-05   3.24403e-05  -0.000138384  -8.77634e-05      0.666477      0.332503    8.9794e-05   0.000800065   1.35652e-11   0.000130223      0.418868      -6.82764
00000          2000        138000   5.84532e-05   2.57698e-05   5.22203e-05   2.82524e-05      0.666483       0.33253   8.68026e-05   0.000773982   1.35499e-11   0.000126003      0.455965      -6.92702
00000          2000        139000  -4.61411e-06   8.69083e-06  -2.87307e-05  -2.24287e-05      0.666489      0.332557   8.39245e-05   0.000748825   1.35344e-11   0.000121935      0.492972       -7.0278
00000          2000        140000   1.34775e-05   1.01954e-05  -9.37892e-05  -3.27604e-05      0.666495      0.332582   8.11548e-05   0.000724558   1.35187e-11   0.000118014       0.52989         -7.13
00000          2000        141000  -4.16876e-05  -3.08365e-05  -0.000115064  -6.44782e-05        0.6665      0.332606    7.8489e-05   0.000701147   1.35029e-11   0.000114233      0.566719       -7.2336
00000          2000        142000   1.76462e-05  -5.07278e-06   0.000125351   5.33726e-05      0.666505      0.332629   7.59225e-05   0.000678558   1.34869e-11   0.000110587      0.603461      -7.33862
00000          2000        143000  -6.50496e-05   1.18073e-06   4.78805e-05   4.18066e-06      0.666511      0.332652   7.34514e-05    0.00065676   1.34708e-11   0.000107071      0.640116      -7.44504
00000          2000        144000   1.19559e-05  -6.87737e-06    2.7637e-05   1.02079e-05      0.666516      0.332674   7.10715e-05   0.000635724   1.34545e-11   0.000103679      0.676685      -7.55288
00000          2000        145000   -1.0167e-06   4.73887e-06   4.28396e-05   2.50762e-05       0.66652      0.332695   6.87791e-05   0.000615419    1.3438e-11   0.000100406       0.71317      -7.66213
00000          2000        146000   3.13797e-06  -9.70167e-06  -8.76508e-06  -8.05211e-06      0.666525      0.332715   6.65706e-05   0.000595819   1.34215e-11   9.72479e-05       0.74957      -7.77278
00000          2000        147000  -5.42785e-05   -3.7858e-05   3.34135e-06  -5.26468e-06       0.66653      0.332735   6.44425e-05   0.000576897   1.34048e-11   9.42002e-05      0.785888      -7.88484
00000          2000        148000  -1.39877e-05   1.03434e-05  -5.96166e-05   2.20287e-05      0.666534      0.332754   6.23915e-05   0.000558626   1.33879e-11   9.12586e-05      0.822123      -7.99832
00000          2000        149000   1.52309e-05  -6.97318e-06  -1.92343e-06   3.07757e-06      0.666538      0.332772   6.04146e-05   0.000540984   1.33709e-11    8.8419e-05      0.858277      -8.11321
00000          2000        150000   1.73748e-05   2.72897e-05  -1.01396e-05   7.44125e-06      0.666542       0.33279   5.85086e-05   0.000523945   1.33538e-11   8.56773e-05       0.89435       -8.2295
00000          2000        151000  -1.62984e-06   6.00234e-06   3.38179e-05    1.2334e-05      0.666546      0.332807   5.66707e-05   0.000507489   1.33366e-11   8.30299e-05      0.930344       -8.3472
00000          2000        152000  -1.86408e-05   2.64652e-05   5.35687e-05   3.02178e-06       0.66655      0.332823   5.48982e-05   0.000491593   1.33192e-11   8.04732e-05      0.966258      -8.46632
00000          2000        153000  -6.76012e-06   2.22427e-05   -3.9725e-05  -2.98773e-05      0.666553      0.332839   5.31885e-05   0.000476236   1.33017e-11   7.80038e-05       1.00209      -8.58685
00000          2000        154000  -5.81705e-05  -4.31473e-05   8.25493e-05   3.35651e-05      0.666557      0.332855    5.1539e-05   0.000461398   1.32841e-11   7.56183e-05       1.03785      -8.70878
00000          2000        155000   1.61004e-05    3.3631e-05  -4.61543e-05  -2.09005e-05       0.66656       0.33287   4.99475e-05   0.000447061   1.32664e-11   7.33135e-05       1.07353      -8.83213
00000          2000        156000   7.98257e-05   7.59059e-05  -0.000231238  -8.50456e-05      0.666563      0.332884   4.84116e-05   0.000433207   1.32485e-11   7.10865e-05       1.10914      -8.95688
00000          2000        157000   4.96945e-06  -3.85221e-06  -2.16684e-06   4.63554e-06      0.666566      0.332898   4.69291e-05   0.000419816   1.32305e-11   6.89344e-05       1.14467      -9.08304
00000          2000        158000  -6.90992e-06   7.38702e-06  -2.76798e-05  -1.86229e-05      0.666569      0.332911   4.54979e-05   0.000406874   1.32125e-11   6.68543e-05       1.18013      -9.21062
00000          2000        159000   4.37227e-06  -6.14274e-06   8.37011e-05   5.20128e-05      0.666572      0.332924   4.41161e-05   0.000394363   1.31943e-11   6.48436e-05       1.21551       -9.3396
00000          2000        160000   -8.2144e-06   1.18952e-05   1.63031e-05   3.18931e-06      0.666575      0.332937   4.27818e-05   0.000382267    1.3176e-11   6.28998e-05       1.25082         -9.47
00000          2000        161000  -2.05841e-05   2.56827e-07   4.11767e-05   3.96135e-05      0.666578      0.332949    4.1493e-05   0.000370573   1.31576e-11   6.10203e-05       1.28605       -9.6018
00000          2000        162000  -4.74334e-07  -9.18127e-06   2.64085e-05   -1.6072e-05      0.666581      0.332961   4.02482e-05   0.000359265   1.31391e-11   5.92029e-05       1.32122      -9.73502
00000          2000        163000  -1.04675e-05  -1.05888e-05   8.70207e-06   1.36807e-05      0.666583      0.332972   3.90455e-05    0.00034833   1.31204e-11   5.74452e-05       1.35631      -9.86965
00000          2000        164000  -9.68741e-06   1.27782e-05   1.22769e-06   8.27906e-06      0.666586      0.332983   3.78834e-05   0.000337754   1.31017e-11   5.57451e-05       1.39133      -10.0057
00000          2000        165000    1.3519e-05   1.16815e-05  -2.62291e-05  -2.13869e-05      0.666588      0.332994   3.67604e-05   0.000327524   1.30829e-11   5.41006e-05       1.42628      -10.1431
00000          2000        166000   1.08819e-06   3.88426e-06   -2.9431e-05  -1.25376e-05       0.66659      0.333004    3.5675e-05   0.000317629    1.3064e-11   5.25095e-05       1.46117       -10.282
00000          2000        167000   0.000131239   2.24637e-05   0.000248982   0.000104136      0.666593      0.333014   3.46257e-05   0.000308056    1.3045e-11   5.09701e-05       1.49598      -10.4222
00000          2000        168000  -4.34806e-05  -3.11673e-06  -4.77088e-05  -4.42561e-05      0.666595      0.333023   3.36113e-05   0.000298795   1.30259e-11   4.94804e-05       1.53073      -10.5639
00000          2000        169000   3.40743e-05  -1.08394e-05  -9.06146e-06   3.28642e-06      0.666597      0.333033   3.26304e-05   0.000289833   1.30068e-11   4.80387e-05        1.5654       -10.707
00000          2000        170000  -4.66489e-05  -1.70245e-05   4.56068e-05  -4.80343e-05      0.666599      0.333042   3.16818e-05   0.000281162   1.29875e-11   4.66432e-05       1.60002      -10.8515
00000          2000        171000  -5.14328e-05  -4.78254e-05   9.22052e-05  -1.98923e-05      0.666601       0.33305   3.07643e-05   0.000272769   1.29681e-11   4.52924e-05       1.63456      -10.9974
00000          2000        172000   1.13799e-05   2.62341e-05  -2.83487e-06    1.4665e-05      0.666603      0.333059   2.98768e-05   0.000264647   1.29487e-11   4.39847e-05       1.66904      -11.1447
00000          2000        173000   3.45719e-05   -2.1398e-05   3.71012e-05   4.78866e-05      0.666605      0.333067   2.90182e-05   0.000256785   1.29292e-11   4.27185e-05       1.70345      -11.2934
00000          2000        174000   2.21604e-06  -2.62211e-05   2.97696e-05    1.1658e-05      0.666606      0.333075   2.81873e-05   0.000249174   1.29096e-11   4.14924e-05        1.7378      -11.4436
00000          2000        175000  -5.55621e-06   8.05556e-06  -2.56044e-06  -1.39247e-07      0.666608      0.333082   2.73833e-05   0.000241806   1.28899e-11   4.03051e-05       1.77209      -11.5951
00000          2000        176000   1.19289e-05  -1.91565e-05   6.13222e-05   4.28314e-05       0.66661       0.33309   2.66052e-05   0.000234673   1.28701e-11   3.91551e-05       1.80631      -11.7481
00000          2000        177000   7.81313e-06  -1.34553e-05   1.28258e-05  -2.97074e-06      0.666611      0.333097   2.58519e-05   0.000227766   1.28503e-11   3.80411e-05       1.84046      -11.9024
00000          2000        178000   8.56842e-06   3.71439e-06  -1.56135e-06  -2.15026e-05      0.666613      0.333104   2.51227e-05   0.000221077   1.28303e-11    3.6962e-05       1.87456      -12.0582
00000          2000        179000  -2.91444e-06   6.80705e-06   4.26459e-05   1.93621e-05      0.666614      0.333111   2.44166e-05     0.0002146   1.28104e-11   3.59165e-05       1.90859      -12.2154
00000          2000        180000   1.44356e-05  -1.70641e-05  -2.93419e-05  -1.83864e-05      0.666616      0.333117   2.37329e-05   0.000208326   1.27903e-11   3.49035e-05       1.94256       -12.374
00000          2000        181000  -2.55074e-05  -4.98585e-05  -2.82634e-05  -1.00185e-05      0.666617      0.333123   2.30707e-05    0.00020225   1.27701e-11   3.39219e-05       1.97647       -12.534
00000          2000        182000   3.19287e-05   1.30963e-05  -3.87302e-05   9.97251e-06      0.666619      0.333129   2.24294e-05   0.000196364   1.27499e-11   3.29706e-05       2.01032      -12.6954
00000          2000        183000  -3.40022e-06  -6.94311e-06   3.58627e-05   2.36475e-05       0.66662      0.333135   2.18081e-05   0.000190662   1.27297e-11   3.20485e-05       2.04411      -12.8582
00000          2000        184000   8.21377e-06  -1.57771e-05   3.23881e-05   3.63237e-05      0.666621      0.333141   2.12062e-05   0.000185138   1.27093e-11   3.11548e-05       2.07784      -13.0225
00000          2000        185000   2.15171e-05   2.86131e-06  -2.63954e-05   1.20383e-05      0.666623      0.333147   2.06229e-05   0.000179785   1.26889e-11   3.02883e-05       2.11151      -13.1881
00000          2000        186000   9.94508e-06   2.14461e-05   2.59259e-05   2.17947e-05      0.666624      0.333152   2.00578e-05   0.000174599   1.26684e-11   2.94483e-05       2.14512      -13.3552
00000          2000        187000   2.46416e-05   5.37289e-05  -7.68538e-05   -3.1332e-06      0.666625      0.333157     1.951e-05   0.000169573   1.26479e-11   2.86339e-05       2.17868      -13.5236
00000          2000        188000   1.37319e-05   4.91172e-06   4.64512e-05   2.28785e-05      0.666626      0.333162   1.89791e-05   0.000164702   1.26273e-11   2.78441e-05       2.21217      -13.6935
00000          2000        189000  -4.92535e-05   3.05775e-05   -6.3231e-05  -4.81293e-05      0.666627      0.333167   1.84644e-05   0.000159982   1.26066e-11   2.70782e-05       2.24561      -13.8648
00000          2000        190000  -1.21447e-05   7.74782e-06    -4.172e-05  -1.29228e-05      0.666628      0.333172   1.79654e-05   0.000155406   1.25859e-11   2.63353e-05       2.27899      -14.0375
00000          2000        191000  -2.41098e-05   1.90563e-05  -7.08558e-05  -3.51494e-05      0.666629      0.333177   1.74815e-05   0.000150971   1.25651e-11   2.56148e-05       2.31231      -14.2116
00000          2000        192000   3.44469e-05  -1.26956e-05   4.82291e-06   2.97143e-05       0.66663      0.333181   1.70123e-05   0.000146671   1.25443e-11   2.49159e-05       2.34558      -14.3871
00000          2000        193000  -2.33219e-05   2.55696e-05  -3.33312e-05   1.18201e-05      0.666631      0.333185   1.65573e-05   0.000142502   1.25234e-11   2.42378e-05       2.37879       -14.564
00000          2000        194000    3.6623e-05    6.2204e-05   3.26488e-05   1.03485e-05      0.666632       0.33319   1.61159e-05   0.000138461   1.25025e-11   2.35799e-05       2.41195      -14.7424
00000          2000        195000  -2.12927e-05  -4.11478e-05   4.65592e-05   2.64864e-05      0.666633      0.333194   1.56878e-05   0.000134542   1.24815e-11   2.29416e-05       2.44505      -14.9221
00000          2000        196000   6.47649e-06   4.60564e-06  -1.32316e-05   7.18735e-06      0.666634      0.333198   1.52724e-05   0.000130741   1.24604e-11   2.23221e-05        2.4781      -15.1033
00000          2000        197000   1.93614e-05  -1.84226e-05  -7.82919e-06   8.23814e-06      0.666635      0.333201   1.48694e-05   0.000127056   1.24393e-11    2.1721e-05       2.51109      -15.2858
00000          2000        198000   1.88283e-05   1.14966e-05  -5.95163e-06  -6.96476e-06      0.666636      0.333205   1.44783e-05   0.000123482   1.24182e-11   2.11375e-05       2.54403      -15.4698
00000          2000        199000   6.85153e-05   6.57469e-06  -4.24255e-05   1.78368e-05      0.666637      0.333209   1.40988e-05   0.000120015    1.2397e-11   2.05712e-05       2.57692      -15.6552
00000          2000        200000  -2.33048e-05  -2.38518e-05  -0.000116151  -1.64816e-05      0.666637      0.333212   1.37304e-05   0.000116653   1.23757e-11   2.00214e-05       2.60975       -15.842
00000          2000        201000   3.62806e-05   4.39149e-05   0.000177983   6.36586e-05      0.666638      0.333215   1.33729e-05   0.000113391   1.23545e-11   1.94877e-05       2.64253      -16.0302
00000          2000        202000  -1.17928e-05   -1.2811e-05   5.45848e-05   2.05801e-05      0.666639      0.333219   1.30258e-05   0.000110227   1.23331e-11   1.89696e-05       2.67526      -16.2198
00000          2000        203000  -4.12206e-05   4.68144e-05  -2.23689e-05  -4.43023e-05       0.66664      0.333222   1.26888e-05   0.000107157   1.23117e-11   1.84664e-05       2.70793      -16.4108
00000          2000        204000  -4.32463e-06   1.56725e-05  -3.47185e-05   1.54285e-05       0.66664      0.333225   1.23616e-05   0.000104178   1.22903e-11   1.79779e-05       2.74056      -16.6033
00000          2000        205000  -1.50338e-05   9.92103e-06   3.95162e-05   5.04566e-05      0.666641      0.333228   1.20438e-05   0.000101288   1.22688e-11   1.75034e-05       2.77313      -16.7971
00000          2000        206000  -1.68389e-06   5.98087e-06   8.77108e-06  -3.75768e-06      0.666642      0.333231   1.17352e-05   9.84838e-05   1.22473e-11   1.70426e-05       2.80565      -16.9924
00000          2000        207000   1.61464e-05  -2.40942e-05   4.93479e-05   5.47172e-05      0.666642      0.333234   1.14355e-05   9.57623e-05   1.22258e-11    1.6595e-05       2.83813       -17.189
00000          2000        208000  -1.09722e-05   1.93604e-05    0.00013603  -2.71131e-05      0.666643      0.333236   1.11444e-05   9.31211e-05   1.22042e-11   1.61603e-05       2.87055      -17.3871
00000          2000        209000   4.51106e-05   1.02075e-05   2.28338e-06   3.24176e-05      0.666644      0.333239   1.08615e-05   9.05577e-05   1.21826e-11    1.5738e-05       2.90292      -17.5866
00000          2000        210000   3.90511e-06  -3.12081e-05  -2.09188e-05  -3.91518e-05      0.666644      0.333242   1.05868e-05   8.80695e-05   1.21609e-11   1.53277e-05       2.93525      -17.7875
00000          2000        211000   -6.2601e-05  -1.32984e-05    -7.289e-05   -1.2226e-05      0.666645      0.333244   1.03198e-05   8.56543e-05   1.21392e-11    1.4929e-05       2.96752      -17.9898
00000          2000        212000   1.78388e-05  -5.90875e-06  -4.93758e-05  -1.64202e-05      0.666645      0.333247   1.00603e-05   8.33098e-05   1.21175e-11   1.45417e-05       2.99975      -18.1935
00000          2000        213000   3.29845e-06  -1.02002e-06   3.03349e-06   1.33319e-05      0.666646      0.333249    9.8082e-06   8.10337e-05   1.20957e-11   1.41653e-05       3.03192      -18.3986
00000          2000        214000  -1.21065e-06  -1.04661e-05   -8.6479e-05   2.00009e-06      0.666646      0.333251   9.56315e-06    7.8824e-05   1.20739e-11   1.37995e-05       3.06405      -18.6052
00000          2000        215000   1.80037e-05    2.4196e-05   8.45092e-05   7.25032e-05      0.666647      0.333254   9.32495e-06   7.66784e-05   1.20521e-11    1.3444e-05       3.09613      -18.8131
00000          2000        216000   5.38514e-06    1.3798e-05   3.06211e-05   1.81813e-05      0.666648      0.333256   9.09341e-06   7.45952e-05   1.20302e-11   1.30984e-05       3.12817      -19.0225
00000          2000        217000  -1.37861e-05  -5.91624e-06  -5.40816e-06   -5.7383e-06      0.666648      0.333258    8.8683e-06   7.25722e-05   1.20083e-11   1.27626e-05       3.16015      -19.2332
00000          2000        218000  -3.58018e-05   5.38035e-06  -2.06876e-05  -1.44474e-05      0.666648       0.33326   8.64944e-06   7.06077e-05   1.19864e-11   1.24361e-05       3.19209      -19.4454
00000          2000        219000   3.56796e-05   8.01991e-06   1.50602e-05   5.95591e-05      0.666649      0.333262   8.43662e-06   6.86999e-05   1.19644e-11   1.21187e-05       3.22399       -19.659
00000          2000        220000  -6.77275e-05   4.64165e-05   -0.00011693  -3.58995e-05      0.666649      0.333264   8.22967e-06    6.6847e-05   1.19424e-11   1.18101e-05       3.25583       -19.874
00000          2000        221000  -2.79899e-06   -3.4893e-06  -6.28197e-06  -2.58433e-06       0.66665      0.333266    8.0284e-06   6.50473e-05   1.19204e-11     1.151e-05       3.28763      -20.0904
00000          2000        222000   2.16559e-05  -4.50899e-05   9.14381e-05   4.11446e-05       0.66665      0.333267   7.83264e-06   6.32991e-05   1.18983e-11   1.12183e-05       3.31939      -20.3082
00000          2000        223000  -5.03639e-05   2.64944e-05   8.26061e-05   1.71477e-05      0.666651      0.333269   7.64223e-06    6.1601e-05   1.18763e-11   1.09345e-05        3.3511      -20.5274
00000          2000        224000  -1.66421e-05  -3.39943e-05   1.41647e-06  -1.37602e-05      0.666651      0.333271   7.45699e-06   5.99514e-05   1.18542e-11   1.06586e-05       3.38276      -20.7481
00000          2000        225000  -3.87011e-05   3.53318e-05  -0.000109051  -0.000112734      0.666651      0.333273   7.27678e-06   5.83488e-05   1.18321e-11   1.03902e-05       3.41439      -20.9701
00000          2000        226000  -5.80701e-06  -4.51277e-05   -6.6299e-05  -8.90019e-05      0.666652      0.333274   7.10144e-06   5.67918e-05   1.18099e-11   1.01292e-05       3.44596      -21.1936
00000          2000        227000   3.48331e-06   1.65665e-05  -2.06314e-05  -7.61054e-06      0.666652      0.333276   6.93083e-06   5.52789e-05   1.17878e-11   9.87532e-06       3.47749      -21.4184
00000          2000        228000   3.42876e-05   2.50965e-05   4.17824e-05   2.55112e-05      0.666653      0.333277    6.7648e-06    5.3809e-05   1.17656e-11   9.62833e-06       3.50898      -21.6447
00000          2000        229000   2.29139e-05   6.55379e-06   4.58658e-05   3.11558e-05      0.666653      0.333279   6.60322e-06   5.23806e-05   1.17434e-11   9.38805e-06       3.54042      -21.8724
00000          2000        230000  -2.45285e-05  -7.75661e-06    2.4151e-05    1.7009e-05      0.666653       0.33328   6.44596e-06   5.09925e-05   1.17211e-11   9.15428e-06       3.57182      -22.1015
00000          2000        231000  -4.91375e-05   8.88396e-06   4.67179e-05   4.84819e-06      0.666654      0.333282   6.29289e-06   4.96435e-05   1.16989e-11   8.92682e-06       3.60318       -22.332
00000          2000        232000  -2.03871e-05  -1.04227e-05  -0.000131395   -6.3664e-05      0.666654      0.333283   6.14388e-06   4.83324e-05   1.16766e-11    8.7055e-06        3.6345      -22.5639
00000          2000        233000   2.20047e-05  -2.30122e-05   6.10764e-06   5.03677e-06      0.666654      0.333284   5.99881e-06   4.70582e-05   1.16543e-11   8.49013e-06       3.66577      -22.7972
00000          2000        234000   7.55665e-06  -1.28697e-06  -2.20218e-06  -1.17654e-05      0.666654      0.333286   5.85758e-06   4.58196e-05    1.1632e-11   8.28054e-06         3.697       -23.032
00000          2000        235000   2.44356e-06     2.146e-05  -8.12652e-05  -4.29597e-05      0.666655      0.333287   5.72006e-06   4.46156e-05   1.16097e-11   8.07656e-06       3.72819      -23.2681
00000          2000        236000  -3.01529e-05   3.11966e-05     3.299e-05  -5.20209e-06      0.666655      0.333288   5.58615e-06   4.34453e-05   1.15873e-11   7.87803e-06       3.75933      -23.5057
00000          2000        237000   1.01293e-06   3.81131e-06   6.37241e-06   6.95088e-06      0.666655      0.333289   5.45574e-06   4.23075e-05    1.1565e-11   7.68479e-06       3.79043      -23.7446
00000          2000        238000    1.1055e-05  -1.09635e-05   5.51276e-06   5.38597e-05      0.666656       0.33329   5.32874e-06   4.12014e-05   1.15426e-11   7.49668e-06        3.8215       -23.985
00000          2000        239000   7.55864e-06  -7.34202e-06   3.34498e-05   1.40172e-05      0.666656      0.333291   5.20504e-06    4.0126e-05   1.15202e-11   7.31357e-06       3.85252      -24.2268
00000          2000        240000   1.36188e-05   3.48693e-05  -2.06906e-05  -7.37674e-06      0.666656      0.333293   5.08454e-06   3.90804e-05   1.14978e-11    7.1353e-06        3.8835        -24.47
00000          2000        241000   -3.7679e-06   2.28305e-07  -5.83401e-06  -9.94629e-06      0.666656      0.333294   4.96716e-06   3.80637e-05   1.14754e-11   6.96174e-06       3.91444      -24.7146
00000          2000        242000   2.98126e-05  -4.71865e-05  -3.03638e-05  -1.06194e-05      0.666657      0.333295   4.85281e-06    3.7075e-05    1.1453e-11   6.79275e-06       3.94534      -24.9606
00000          2000        243000  -3.48094e-05  -1.79154e-05   5.05432e-05     -2.88e-05      0.666657      0.333296    4.7414e-06   3.61136e-05   1.14306e-11    6.6282e-06        3.9762       -25.208
00000          2000        244000  -7.39121e-07   1.69042e-06  -0.000131857  -0.000107165      0.666657      0.333297   4.63285e-06   3.51786e-05   1.14081e-11   6.46797e-06       4.00702      -25.4569
00000          2000        245000   2.09009e-05   6.43091e-06   3.52881e-05    3.6421e-06      0.666657      0.333298   4.52707e-06   3.42694e-05   1.13856e-11   6.31194e-06        4.0378      -25.7071
00000          2000        246000   -5.8551e-05  -6.78051e-06   4.66621e-05   2.85588e-05      0.666658      0.333298   4.42399e-06    3.3385e-05   1.13632e-11   6.15997e-06       4.06854      -25.9588
00000          2000        247000  -4.04776e-07     2.539e-06   1.46123e-05   1.34622e-05      0.666658      0.333299   4.32353e-06   3.25248e-05   1.13407e-11   6.01197e-06       4.09924      -26.2118
00000          2000        248000   5.62822e-05  -1.41392e-06   0.000148667    9.6765e-05      0.666658        0.3333   4.22561e-06   3.16881e-05   1.13182e-11   5.86781e-06        4.1299      -26.4663
00000          2000        249000    2.7444e-06   3.40689e-06    2.9619e-06   1.72858e-05      0.666658      0.333301   4.13017e-06   3.08742e-05   1.12957e-11   5.72739e-06       4.16053      -26.7222
00000          2000        250000  -2.40157e-05  -2.22062e-05    3.2961e-06   7.37562e-06      0.666658      0.333302   4.03714e-06   3.00825e-05   1.12732e-11   5.59061e-06       4.19111      -26.9795
00000          2000        251000   5.86416e-06   2.79769e-05   8.88637e-05   4.46395e-07      0.666659      0.333303   3.94644e-06   2.93123e-05   1.12507e-11   5.45736e-06       4.22166      -27.2382
00000          2000        252000  -5.70745e-06   -1.7942e-05   1.97853e-05   6.26422e-06      0.666659      0.333303   3.85802e-06    2.8563e-05   1.12282e-11   5.32754e-06       4.25216      -27.4983
00000          2000        253000   2.89434e-05   5.78119e-05   6.99991e-05   1.59868e-05      0.666659      0.333304   3.77181e-06   2.78339e-05   1.12056e-11   5.20106e-06       4.28264      -27.7598
00000          2000        254000    8.8048e-06   2.43818e-05   2.57996e-05   2.29133e-05      0.666659      0.333305   3.68774e-06   2.71246e-05   1.11831e-11   5.07782e-06       4.31307      -28.0228
00000          2000        255000   4.45749e-05   3.56221e-06  -2.21353e-05   2.06114e-05      0.666659      0.333306   3.60577e-06   2.64344e-05   1.11606e-11   4.95775e-06       4.34346      -28.2871
00000          2000        256000     1.038e-05  -3.97043e-05   3.80783e-05   8.11058e-06      0.666659      0.333306   3.52583e-06   2.57628e-05    1.1138e-11   4.84073e-06       4.37382      -28.5529
00000          2000        257000   2.17798e-05  -1.73281e-05  -1.95468e-05    3.7415e-05       0.66666      0.333307   3.44787e-06   2.51093e-05   1.11155e-11   4.72671e-06       4.40414        -28.82
00000          2000        258000  -1.65014e-05  -2.26991e-05  -2.06651e-05   6.98048e-06       0.66666      0.333308   3.37183e-06   2.44733e-05   1.10929e-11   4.61558e-06       4.43442      -29.0886
00000          2000        259000  -2.34223e-05  -5.70755e-07   1.40191e-05  -2.11158e-05       0.66666      0.333308   3.29766e-06   2.38543e-05   1.10704e-11   4.50728e-06       4.46467      -29.3586
00000          2000        260000   3.80823e-05   -1.0082e-05   0.000153661   6.16273e-05       0.66666      0.333309   3.22531e-06    2.3252e-05   1.10478e-11   4.40172e-06       4.49488        -29.63
00000          2000        261000   6.42074e-06   1.62974e-05  -4.80325e-05  -2.01519e-05       0.66666       0.33331   3.15473e-06   2.26657e-05   1.10253e-11   4.29882e-06       4.52506      -29.9028
00000          2000        262000   1.48939e-07   -1.6861e-05   6.24482e-06   2.07229e-05       0.66666       0.33331   3.08587e-06    2.2095e-05   1.10027e-11   4.19853e-06       4.55519       -30.177
00000          2000        263000   1.47439e-05   5.43294e-06  -2.49875e-06  -5.77145e-06      0.666661      0.333311   3.01868e-06   2.15396e-05   1.09802e-11   4.10076e-06        4.5853      -30.4526
00000          2000        264000  -3.23364e-05   1.17684e-05  -7.93491e-05  -9.50161e-05      0.666661      0.333311   2.95313e-06   2.09989e-05   1.09576e-11   4.00545e-06       4.61536      -30.7297
00000          2000        265000  -3.63926e-05  -2.06839e-06  -5.58609e-05  -4.04059e-05      0.666661      0.333312   2.88916e-06   2.04725e-05   1.09351e-11   3.91252e-06       4.64539      -31.0081
00000          2000        266000  -1.66332e-05   2.91163e-06   4.03452e-05    1.3108e-05      0.666661      0.333312   2.82674e-06   1.99601e-05   1.09125e-11   3.82192e-06       4.67539       -31.288
00000          2000        267000  -9.47161e-06  -5.52584e-05   0.000122231   5.49087e-05      0.666661      0.333313   2.76582e-06   1.94613e-05     1.089e-11   3.73359e-06       4.70535      -31.5692
00000          2000        268000    6.0184e-06   2.29524e-06   3.95758e-05   3.35748e-05      0.666661      0.333313   2.70636e-06   1.89756e-05   1.08674e-11   3.64746e-06       4.73528      -31.8519
00000          2000        269000   7.50181e-05   1.59063e-05    8.6604e-05   0.000128225      0.666661      0.333314   2.64833e-06   1.85027e-05   1.08448e-11   3.56347e-06       4.76517       -32.136
00000          2000        270000   1.62042e-05   3.88952e-06   5.55599e-05   3.50822e-05      0.666661      0.333314   2.59168e-06   1.80423e-05   1.08223e-11   3.48156e-06       4.79502      -32.4215
00000          2000        271000   3.10091e-05  -3.84749e-05   5.44515e-05   4.78068e-05      0.666662      0.333315   2.53639e-06    1.7594e-05   1.07998e-11   3.40168e-06       4.82484      -32.7084
00000          2000        272000  -2.64109e-05  -1.09439e-05  -9.12262e-06  -7.70001e-06      0.666662      0.333315   2.48241e-06   1.71575e-05   1.07772e-11   3.32378e-06       4.85463      -32.9967
00000          2000        273000   3.11395e-05   9.35576e-06   4.82278e-05   3.57349e-05      0.666662      0.333316    2.4297e-06   1.67324e-05   1.07547e-11    3.2478e-06       4.88438      -33.2864
00000          2000        274000   2.23003e-05    3.5124e-06  -4.19667e-05  -3.74358e-05      0.666662      0.333316   2.37825e-06   1.63184e-05   1.07321e-11    3.1737e-06        4.9141      -33.5776
00000          2000        275000   0.000165416   3.28246e-05   2.64052e-05   1.44929e-05      0.666662      0.333317     2.328e-06   1.59152e-05   1.07096e-11   3.10141e-06       4.94379      -33.8701
00000          2000        276000   1.12322e-05   9.92714e-06  -3.89933e-05   -1.7341e-05      0.666662      0.333317   2.27894e-06   1.55226e-05   1.06871e-11    3.0309e-06       4.97344      -34.1641
00000          2000        277000   8.58804e-05   2.54032e-05  -4.49328e-05   1.25097e-05      0.666662      0.333317   2.23103e-06   1.51402e-05   1.06646e-11   2.96211e-06       5.00306      -34.4594
00000          2000        278000  -1.74649e-06   4.88589e-06   7.60212e-06   2.89525e-06      0.666662      0.333318   2.18424e-06   1.47677e-05    1.0642e-11   2.89501e-06       5.03265      -34.7562
00000          2000        279000  -4.96554e-06   1.42635e-05   -0.00010825  -6.81129e-06      0.666662      0.333318   2.13855e-06   1.44049e-05   1.06195e-11   2.82954e-06        5.0622      -35.0544
00000          2000        280000  -3.68795e-05   3.09516e-06   1.77272e-05    2.3806e-05      0.666663      0.333319   2.09392e-06   1.40515e-05    1.0597e-11   2.76566e-06       5.09172       -35.354
00000          2000        281000  -2.18503e-05  -3.32905e-05   1.08275e-05   3.87039e-06      0.666663      0.333319   2.05032e-06   1.37072e-05   1.05745e-11   2.70334e-06        5.1212       -35.655
00000          2000        282000  -1.22754e-06  -1.43825e-05  -2.98961e-05  -1.14141e-05      0.666663      0.333319   2.00774e-06   1.33718e-05   1.05521e-11   2.64253e-06       5.15066      -35.9574
00000          2000        283000   6.78877e-06  -8.20092e-06   1.74365e-05  -6.24944e-06      0.666663       0.33332   1.96614e-06   1.30451e-05   1.05296e-11   2.58319e-06       5.18008      -36.2612
00000          2000        284000  -2.18615e-05  -1.75511e-05   2.49261e-05  -1.65375e-05      0.666663       0.33332   1.92549e-06   1.27268e-05   1.05071e-11   2.52528e-06       5.20947      -36.5665
00000          2000        285000   3.84137e-06    2.3296e-05   1.33141e-05  -1.77739e-05      0.666663       0.33332   1.88579e-06   1.24167e-05   1.04846e-11   2.46878e-06       5.23883      -36.8731
00000          2000        286000  -2.37157e-06   3.40317e-05  -6.10785e-05   -5.8132e-05      0.666663      0.333321   1.84699e-06   1.21146e-05   1.04622e-11   2.41363e-06       5.26815      -37.1812
00000          2000        287000   3.19745e-06   9.15071e-06  -2.15157e-05  -3.75902e-06      0.666663      0.333321   1.80908e-06   1.18202e-05   1.04398e-11    2.3598e-06       5.29744      -37.4906
00000          2000        288000  -4.04549e-05  -9.42968e-05  -5.35177e-06  -4.70053e-05      0.666663      0.333321   1.77204e-06   1.15334e-05   1.04173e-11   2.30727e-06       5.32671      -37.8015
00000          2000        289000    1.0969e-05  -2.35232e-06   1.90031e-05  -2.20942e-05      0.666663      0.333322   1.73584e-06   1.12539e-05   1.03949e-11   2.25599e-06       5.35594      -38.1138
00000          2000        290000  -3.77229e-05  -9.96806e-06  -0.000109683  -7.90353e-05      0.666663      0.333322   1.70047e-06   1.09815e-05   1.03725e-11   2.20594e-06       5.38514      -38.4275
00000          2000        291000  -5.42247e-06  -7.28905e-08  -5.40256e-06   -7.5704e-06      0.666663      0.333322   1.66589e-06   1.07161e-05   1.03501e-11   2.15708e-06        5.4143      -38.7426
00000          2000        292000  -4.71676e-06    3.4603e-05   1.69608e-05  -1.18925e-05      0.666663      0.333322    1.6321e-06   1.04574e-05   1.03277e-11   2.10939e-06       5.44344      -39.0591
00000          2000        293000  -1.49715e-05   1.55676e-05   7.10498e-05   7.12964e-05      0.666664      0.333323   1.59907e-06   1.02053e-05   1.03053e-11   2.06282e-06       5.47255       -39.377
00000          2000        294000   7.07929e-06  -7.88567e-06  -1.37373e-05  -7.66328e-06      0.666664      0.333323   1.56679e-06   9.95961e-06   1.02829e-11   2.01737e-06       5.50162      -39.6964
00000          2000        295000  -1.36362e-06   1.82772e-05   0.000219337    4.9008e-05      0.666664      0.333323   1.53522e-06   9.72015e-06   1.02606e-11   1.97299e-06       5.53067      -40.0171
00000          2000        296000  -5.55877e-05  -4.30251e-05   1.88192e-05  -3.00065e-06      0.666664      0.333323   1.50437e-06   9.48676e-06   1.02383e-11   1.92965e-06       5.55968      -40.3393
00000          2000        297000  -5.56134e-05  -2.91016e-05  -3.51087e-05   4.82753e-05      0.666664      0.333324    1.4742e-06   9.25926e-06   1.02159e-11   1.88734e-06       5.58867      -40.6628
00000          2000        298000   4.67653e-06   2.50626e-05  -1.49678e-05  -2.44879e-06      0.666664      0.333324   1.44471e-06   9.03751e-06   1.01936e-11   1.84603e-06       5.61762      -40.9878
00000          2000        299000   -6.0602e-05   5.02403e-05  -5.24331e-05  -3.06128e-05      0.666664      0.333324   1.41587e-06   8.82135e-06   1.01713e-11   1.80568e-06       5.64654      -41.3142
00000          2000        300000   2.56149e-05  -2.68277e-05  -9.94582e-05  -2.07441e-05      0.666664      0.333324   1.38768e-06   8.61063e-06    1.0149e-11   1.76629e-06       5.67544       -41.642

