00000          2000          1000      -0.01022     0.0021981      -12.3953   -0.00673622     0.0153911      0.984609   4.02459e-13      -9.33706      -6.44821
00000          2000          2000  -0.000181589   -0.00114412      -12.0459    -0.0148596     0.0336367      0.966363   8.99767e-13      -8.62933      -6.35582
00000          2000          3000    -0.0839946   -0.00592065       -11.828    -0.0241346      0.054056      0.945944   1.48585e-12      -8.17904      -6.26484
00000          2000          4000   -0.00715179   0.000117296      -11.6675    -0.0342875     0.0759137      0.924086   2.15012e-12      -7.83844      -6.17528
00000          2000          5000  -0.000959115    0.00138264      -11.5408    -0.0449946     0.0984177      0.901582   2.87854e-12      -7.56106      -6.08712
00000          2000          6000  -0.000794901  -0.000523465      -11.4192    -0.0561708      0.121323      0.878677    3.8089e-12      -7.29994      -6.00038
00000          2000          7000   -0.00118363  -0.000629994      -11.3137    -0.0686148      0.146143      0.853857   4.85656e-12      -7.06881      -5.91505
00000          2000          8000  -7.19825e-05  -0.000422752      -11.2208    -0.0822911      0.172613      0.827387   6.01492e-12      -6.86042      -5.83112
00000          2000          9000  -2.01784e-05    3.9786e-06      -11.1382    -0.0971602      0.200461      0.799539   7.27457e-12      -6.67009       -5.7486
00000          2000         10000  -0.000128362   0.000149537      -11.0643     -0.113178      0.229412      0.770588   8.62388e-12      -6.49458       -5.6675
00000          2000         11000   6.81955e-05   6.48954e-05      -10.9979     -0.130293       0.25919       0.74081   1.00496e-11       -6.3315      -5.58781
00000          2000         12000  -1.03863e-05    0.00010785      -10.9379     -0.148452      0.289526      0.710474   1.15377e-11      -6.17905      -5.50952
00000          2000         13000  -7.70937e-05  -1.00827e-05      -10.8836     -0.167591      0.320157      0.679843   1.30738e-11      -6.03582      -5.43264
00000          2000         14000  -3.56012e-05   3.13875e-06      -10.8343     -0.187646      0.350836      0.649164   1.46439e-11      -5.90064      -5.35718
00000          2000         15000  -1.84629e-06  -2.66597e-06      -10.7896     -0.208543      0.381332      0.618668   1.62347e-11      -5.77257      -5.28312
00000          2000         16000   7.84131e-06   1.61352e-05      -10.7487     -0.230205      0.411435      0.588565   1.78343e-11      -5.65081      -5.21048
00000          2000         17000     -0.017922    -0.0138541      -10.7115     -0.252555      0.440957      0.559043   1.94321e-11      -5.53467      -5.13924
00000          2000         18000   -2.5725e-06  -8.94375e-07      -10.6774     -0.275508      0.469737      0.530263   2.10193e-11      -5.42357      -5.06942
00000          2000         19000    -0.0277555    -0.0109074      -10.6461     -0.298986      0.497641      0.502359   2.25886e-11      -5.31701        -5.001
00000          2000         20000  -5.28823e-06    1.0964e-06      -10.6174     -0.322907      0.524563      0.475437   2.41344e-11      -5.21455        -4.934
00000          2000         21000   6.42507e-06  -5.85756e-06      -10.5909     -0.347194      0.550421      0.449579   2.56526e-11      -5.11578      -4.86841
00000          2000         22000   5.21669e-06    3.8746e-06      -10.5664     -0.371777      0.575162      0.424838   2.71402e-11      -5.02038      -4.80422
00000          2000         23000   1.36942e-06   1.47512e-06      -10.5437     -0.396586      0.598751      0.401249   2.85957e-11      -4.92804      -4.74144
00000          2000         24000   4.00181e-06   1.95744e-06      -10.5226     -0.421562      0.621175      0.378825   3.00181e-11      -4.83849      -4.68008
00000          2000         25000    0.00208168    0.00352178       -10.503     -0.446648      0.642438      0.357562   3.14075e-11       -4.7515      -4.62013
00000          2000         26000    0.00132897   0.000814313      -10.4846     -0.471797      0.662555      0.337445   3.27644e-11      -4.66685      -4.56158
00000          2000         27000   2.50766e-07   6.17183e-07      -10.4674     -0.496965      0.681554      0.318446   3.40898e-11      -4.58437      -4.50444
00000          2000         28000   -0.00869987    -0.0056263      -10.4512     -0.522114      0.699472      0.300528   3.53848e-11      -4.50387      -4.44872
00000          2000         29000    0.00131695   -0.00121671      -10.4359     -0.547214      0.716348      0.283652    3.6651e-11      -4.42521       -4.3944
00000          2000         30000   -0.00449229  -0.000474338      -10.4215     -0.572237      0.732229      0.267771     3.789e-11      -4.34825       -4.3415
00000          2000         31000   -0.00237275  -0.000958261      -10.4078      -0.59716      0.747164      0.252836   3.91034e-11      -4.27287         -4.29
00000          2000         32000   0.000159144    0.00169554      -10.3948     -0.621965        0.7612        0.2388   4.02928e-11      -4.19897      -4.23992
00000          2000         33000   0.000843615    0.00165679      -10.3824     -0.646635      0.774387      0.225613   4.14599e-11      -4.12644      -4.19125
00000          2000         34000   -0.00133469  -0.000852834      -10.3705     -0.671159      0.786774      0.213226   4.26062e-11       -4.0552      -4.14398
00000          2000         35000  -0.000750703   0.000340051      -10.3592     -0.695526      0.798408      0.201592   4.37334e-11      -3.98515      -4.09813
00000          2000         36000  -0.000868532   -3.9165e-05      -10.3483     -0.719728      0.809334      0.190666   4.48429e-11      -3.91624      -4.05368
00000          2000         37000   6.68606e-05  -2.19931e-06      -10.3378     -0.743759      0.819598      0.180402    4.5936e-11      -3.84839      -4.01065
00000          2000         38000   0.000533184   0.000645489      -10.3278     -0.767615       0.82924       0.17076   4.70141e-11      -3.78154      -3.96902
00000          2000         39000  -0.000457209  -0.000387284      -10.3181     -0.791292      0.838301      0.161699   4.80783e-11      -3.71563       -3.9288
00000          2000         40000   0.000263274   0.000458768      -10.3087     -0.814788      0.846817      0.153183     4.913e-11      -3.65061         -3.89
00000          2000         41000   1.93775e-05   0.000173419      -10.2996     -0.838103      0.854823      0.145177     5.017e-11      -3.58645       -3.8526
00000          2000         42000   3.68428e-05   -4.9408e-05      -10.2907     -0.861236      0.862354      0.137646   5.11994e-11      -3.52308      -3.81662
00000          2000         43000   3.23706e-05   0.000178902      -10.2822     -0.884187      0.869439      0.130561   5.22191e-11      -3.46048      -3.78204
00000          2000         44000   0.000138942   0.000170232      -10.2738     -0.906957      0.876108      0.123892   5.32301e-11      -3.39861      -3.74888
00000          2000         45000  -0.000197465  -0.000350416      -10.2657     -0.929548      0.882388      0.117612    5.4233e-11      -3.33742      -3.71713
00000          2000         46000  -3.21643e-05    4.9487e-05      -10.2578     -0.951961      0.888304      0.111696   5.52287e-11       -3.2769      -3.68678
00000          2000         47000   0.000109957  -6.45901e-05      -10.2501     -0.974198      0.893879      0.106121   5.62178e-11      -3.21701      -3.65784
00000          2000         48000  -9.85274e-05  -2.99825e-05      -10.2426     -0.996261      0.899135      0.100865    5.7201e-11      -3.15772      -3.63032
00000          2000         49000   -0.00023456   3.13194e-06      -10.2352      -1.01815      0.904094     0.0959062   5.81789e-11      -3.09901       -3.6042
00000          2000         50000   2.49291e-05  -1.58562e-05       -10.228      -1.03988      0.908773      0.091227    5.9152e-11      -3.04085       -3.5795
00000          2000         51000  -6.80925e-06  -7.26269e-06       -10.221      -1.06143      0.913191     0.0868092   6.01209e-11      -2.98323       -3.5562
00000          2000         52000   1.83575e-05  -6.85201e-05      -10.2141      -1.08283      0.917363     0.0826365    6.1086e-11      -2.92612      -3.53432
00000          2000         53000    6.2458e-05   2.22945e-05      -10.2073      -1.10406      0.921307     0.0786935   6.20478e-11       -2.8695      -3.51385
00000          2000         54000  -6.49966e-06   -2.6858e-05      -10.2006      -1.12514      0.925034     0.0749658   6.30067e-11      -2.81336      -3.49478
00000          2000         55000  -2.02403e-06   1.88019e-05      -10.1941      -1.14606       0.92856     0.0714403   6.39631e-11      -2.75767      -3.47713
00000          2000         56000   3.53446e-05   8.89836e-05      -10.1876      -1.16683      0.931896     0.0681043   6.49173e-11      -2.70242      -3.46088
00000          2000         57000  -1.08708e-06  -1.60024e-06      -10.1813      -1.18744      0.935053     0.0649465   6.58698e-11       -2.6476      -3.44605
00000          2000         58000  -4.97147e-06  -3.67628e-05      -10.1751      -1.20792      0.938044     0.0619561   6.68207e-11      -2.59319      -3.43262
00000          2000         59000   2.38905e-05   2.37863e-05       -10.169      -1.22824      0.940877     0.0591229   6.77705e-11      -2.53918       -3.4206
00000          2000         60000   2.07322e-06  -1.95085e-05      -10.1629      -1.24843      0.943562     0.0564376   6.87193e-11      -2.48556         -3.41
00000          2000         61000   3.66506e-05   -3.1156e-05       -10.157      -1.26848      0.946109     0.0538914   6.96675e-11      -2.43231      -3.40081
00000          2000         62000   6.61021e-06   1.40854e-05      -10.1511      -1.28839      0.948524     0.0514762   7.06153e-11      -2.37942      -3.39302
00000          2000         63000  -6.15158e-06  -4.35436e-06      -10.1453      -1.30817      0.950816     0.0491844   7.15629e-11      -2.32688      -3.38665
00000          2000         64000  -7.11393e-06  -1.83409e-06      -10.1396      -1.32782      0.952991     0.0470087   7.25106e-11      -2.27468      -3.38168
00000          2000         65000   0.000105233   7.66679e-05       -10.134      -1.34734      0.955057     0.0449425   7.34584e-11      -2.22282      -3.37812
00000          2000         66000   -2.6387e-07    1.5708e-05      -10.1284      -1.36674       0.95702     0.0429796   7.44067e-11      -2.17127      -3.37598
00000          2000         67000   -3.1595e-06  -1.47508e-05      -10.1229      -1.38601      0.958886     0.0411141   7.53556e-11      -2.12004      -3.37524
00000          2000         68000  -7.34832e-06  -2.55823e-06      -10.1174      -1.40516      0.960659     0.0393405   7.63052e-11      -2.06912      -3.37592
00000          2000         69000   2.08883e-05  -5.34952e-06      -10.1121      -1.42419      0.962346     0.0376538   7.72558e-11      -2.01849        -3.378
00000          2000         70000   1.44554e-06  -3.90694e-06      -10.1068      -1.44311      0.963951      0.036049   7.82074e-11      -1.96815       -3.3815
00000          2000         71000  -1.01003e-05   8.68002e-06      -10.1015      -1.46191      0.965478     0.0345218   7.91602e-11      -1.91809      -3.38641
00000          2000         72000   1.42191e-05  -6.91567e-06      -10.0963       -1.4806      0.966932     0.0330678   8.01144e-11       -1.8683      -3.39272
00000          2000         73000   6.25735e-06   2.67699e-05      -10.0911      -1.49917      0.968317      0.031683     8.107e-11      -1.81879      -3.40045
00000          2000         74000  -1.24827e-05   9.09669e-07       -10.086      -1.51764      0.969636     0.0303638   8.20272e-11      -1.76953      -3.40958
00000          2000         75000  -2.54172e-06  -1.17756e-06       -10.081      -1.53601      0.970893     0.0291067   8.29861e-11      -1.72053      -3.42012
00000          2000         76000   1.21013e-06  -9.26091e-07       -10.076      -1.55427      0.972092     0.0279083   8.39467e-11      -1.67178      -3.43208
00000          2000         77000   6.24294e-06      1.23e-05       -10.071      -1.57242      0.973234     0.0267656   8.49092e-11      -1.62328      -3.44545
00000          2000         78000   5.84076e-06     1.537e-06      -10.0661      -1.59048      0.974324     0.0256757   8.58738e-11      -1.57501      -3.46022
00000          2000         79000    2.0699e-07   4.01528e-06      -10.0613      -1.60844      0.975364     0.0246357   8.68403e-11      -1.52698       -3.4764
00000          2000         80000  -5.96295e-06  -8.90855e-06      -10.0565       -1.6263      0.976357     0.0236431   8.78091e-11      -1.47917        -3.494
00000          2000         81000   3.38113e-05   1.74932e-05      -10.0517      -1.64406      0.977304     0.0226955     8.878e-11      -1.43159      -3.51301
00000          2000         82000   3.34692e-06   3.70164e-06      -10.0469      -1.66173      0.978209     0.0217907   8.97532e-11      -1.38423      -3.53342
00000          2000         83000  -2.52394e-06   2.84862e-06      -10.0423      -1.67931      0.979074     0.0209263   9.07288e-11      -1.33708      -3.55525
00000          2000         84000  -4.80346e-06   4.04614e-05      -10.0376      -1.69679        0.9799     0.0201004   9.17069e-11      -1.29014      -3.57848
00000          2000         85000   3.68334e-06  -8.71192e-06       -10.033      -1.71419      0.980689     0.0193111   9.26874e-11      -1.24341      -3.60312
00000          2000         86000   2.99808e-05  -2.33281e-05      -10.0284       -1.7315      0.981443     0.0185565   9.36705e-11      -1.19688      -3.62918
00000          2000         87000  -2.72454e-05   2.21763e-05      -10.0239      -1.74873      0.982165      0.017835   9.46562e-11      -1.15055      -3.65665
00000          2000         88000  -3.44656e-05   1.12312e-05      -10.0193      -1.76587      0.982855     0.0171449   9.56446e-11      -1.10441      -3.68552
00000          2000         89000   2.97048e-07  -1.48504e-05      -10.0149      -1.78292      0.983515     0.0164846   9.66357e-11      -1.05846      -3.71581
00000          2000         90000   9.27138e-06  -8.48463e-06      -10.0104      -1.79989      0.984147     0.0158528   9.76296e-11       -1.0127       -3.7475
00000          2000         91000   2.25707e-05  -1.89761e-05       -10.006      -1.81679      0.984752      0.015248   9.86262e-11     -0.967125       -3.7806
00000          2000         92000  -1.97039e-05  -1.25541e-05      -10.0016       -1.8336      0.985331      0.014669   9.96258e-11      -0.92173      -3.81512
00000          2000         93000   6.45997e-06   2.84702e-06      -9.99728      -1.85033      0.985885     0.0141145   1.00628e-10     -0.876512      -3.85105
00000          2000         94000  -1.46901e-05    3.2309e-05      -9.99296      -1.86699      0.986417     0.0135834   1.01634e-10     -0.831468      -3.88838
00000          2000         95000  -4.22032e-06  -3.42686e-06      -9.98868      -1.88357      0.986925     0.0130746   1.02642e-10     -0.786596      -3.92712
00000          2000         96000  -1.00286e-05   2.66018e-06      -9.98442      -1.90008      0.987413      0.012587   1.03653e-10     -0.741892      -3.96728
00000          2000         97000   1.27062e-05   1.69961e-05      -9.98019      -1.91651       0.98788     0.0121197   1.04668e-10     -0.697354      -4.00885
00000          2000         98000  -1.47303e-06  -7.69357e-06      -9.97599      -1.93287      0.988328     0.0116716   1.05685e-10     -0.652979      -4.05182
00000          2000         99000   4.75047e-07  -2.38097e-06      -9.97181      -1.94916      0.988758      0.011242   1.06706e-10     -0.608765      -4.09621
00000          2000        100000  -1.28647e-05   4.88115e-07      -9.96767      -1.96537       0.98917     0.0108299   1.07729e-10     -0.564708        -4.142
00000          2000        101000   1.78661e-05   -1.0052e-05      -9.96355      -1.98152      0.989565     0.0104346   1.08756e-10     -0.520807      -4.18921
00000          2000        102000  -1.45639e-05   4.73067e-06      -9.95945       -1.9976      0.989945     0.0100554   1.09786e-10     -0.477059      -4.23782
00000          2000        103000  -7.09444e-06    2.0863e-05      -9.95538      -2.01361      0.990309     0.0096914    1.1082e-10     -0.433461      -4.28785
00000          2000        104000   3.38082e-05   8.31088e-06      -9.95134      -2.02956      0.990658    0.00934202   1.11856e-10     -0.390012      -4.33928
00000          2000        105000   1.58003e-06   3.46488e-06      -9.94732      -2.04544      0.990993    0.00900661   1.12896e-10     -0.346709      -4.39212
00000          2000        106000   1.60222e-05    2.8588e-05      -9.94333      -2.06125      0.991315    0.00868453   1.13939e-10      -0.30355      -4.44638
00000          2000        107000  -8.23264e-06   2.34311e-06      -9.93936        -2.077      0.991625     0.0083752   1.14985e-10     -0.260533      -4.50204
00000          2000        108000   2.43353e-05   3.01698e-05      -9.93541      -2.09269      0.991922    0.00807806   1.16035e-10     -0.217656      -4.55912
00000          2000        109000  -3.92075e-05   2.63731e-06      -9.93149      -2.10832      0.992207    0.00779258   1.17088e-10     -0.174917      -4.61761
00000          2000        110000  -1.44693e-06   1.98889e-06      -9.92759      -2.12388      0.992482    0.00751825   1.18144e-10     -0.132313       -4.6775
00000          2000        111000  -1.04155e-06   1.28469e-06      -9.92371      -2.13939      0.992745    0.00725458   1.19204e-10    -0.0898438      -4.73881
00000          2000        112000  -3.42574e-07    1.1416e-08      -9.91985      -2.15483      0.992999    0.00700112   1.20267e-10    -0.0475067      -4.80152
00000          2000        113000  -3.50702e-05    6.9983e-05      -9.91602      -2.17022      0.993243    0.00675744   1.21334e-10   -0.00529993      -4.86564
00000          2000        114000   5.70872e-08  -1.43718e-05      -9.91221      -2.18555      0.993477    0.00652311   1.22404e-10     0.0367781      -4.93118
00000          2000        115000   7.99284e-06   6.03883e-06      -9.90841      -2.20082      0.993702    0.00629774   1.23477e-10     0.0787293      -4.99812
00000          2000        116000   7.48696e-08  -7.13461e-06      -9.90464      -2.21603      0.993919    0.00608094   1.24554e-10      0.120555      -5.06648
00000          2000        117000  -5.93887e-06  -2.00936e-05      -9.90089      -2.23119      0.994128    0.00587237   1.25634e-10      0.162257      -5.13625
00000          2000        118000  -1.01375e-06   3.09279e-07      -9.89716      -2.24629      0.994328    0.00567167   1.26718e-10      0.203837      -5.20742
00000          2000        119000  -1.49912e-05  -7.17567e-06      -9.89345      -2.26134      0.994521    0.00547852   1.27805e-10      0.245297         -5.28
00000          2000        120000   5.12041e-06   1.71972e-05      -9.88976      -2.27633      0.994707     0.0052926   1.28896e-10      0.286638        -5.354
00000          2000        121000   5.01854e-06   4.15372e-06      -9.88609      -2.29127      0.994886    0.00511362    1.2999e-10      0.327861      -5.42941
00000          2000        122000   1.04464e-05   2.24255e-05      -9.88244      -2.30616      0.995059    0.00494129   1.31087e-10      0.368968      -5.50622
00000          2000        123000   3.01768e-06  -8.31878e-06      -9.87881        -2.321      0.995225    0.00477534   1.32189e-10      0.409961      -5.58444
00000          2000        124000    2.2067e-06   4.19988e-06      -9.87519      -2.33578      0.995384     0.0046155   1.33293e-10       0.45084      -5.66408
00000          2000        125000   6.28061e-08  -2.24856e-07       -9.8716      -2.35052      0.995538    0.00446154   1.34402e-10      0.491607      -5.74513
00000          2000        126000  -6.33218e-06   1.06189e-05      -9.86802       -2.3652      0.995687    0.00431321   1.35513e-10      0.532264      -5.82758
00000          2000        127000  -6.17234e-07   1.25064e-05      -9.86446      -2.37983       0.99583    0.00417029   1.36629e-10      0.572812      -5.91144
00000          2000        128000  -1.83446e-05   1.18736e-05      -9.86092      -2.39442      0.995967    0.00403255   1.37748e-10      0.613251      -5.99672
00000          2000        129000  -1.03911e-05  -1.54715e-05      -9.85739      -2.40896        0.9961    0.00389981    1.3887e-10      0.653584       -6.0834
00000          2000        130000   1.20386e-05  -8.58007e-06      -9.85388      -2.42345      0.996228    0.00377184   1.39996e-10      0.693811       -6.1715
00000          2000        131000   2.45242e-06   7.30695e-07      -9.85039      -2.43789      0.996352    0.00364847   1.41126e-10      0.733934        -6.261
00000          2000        132000   3.48232e-06   1.79322e-05      -9.84692      -2.45228       0.99647    0.00352952   1.42259e-10      0.773954      -6.35192
00000          2000        133000   1.28348e-05   -1.0194e-05      -9.84346      -2.46663      0.996585    0.00341481   1.43396e-10      0.813872      -6.44425
00000          2000        134000   3.68091e-07   3.70359e-06      -9.84002      -2.48094      0.996696    0.00330417   1.44536e-10      0.853689      -6.53798
00000          2000        135000   3.31298e-06  -6.79043e-07       -9.8366       -2.4952      0.996803    0.00319745    1.4568e-10      0.893407      -6.63313
00000          2000        136000   5.41487e-06   2.38361e-05      -9.83319      -2.50941      0.996906     0.0030945   1.46827e-10      0.933025      -6.72968
00000          2000        137000   2.49641e-05   3.88025e-06       -9.8298      -2.52358      0.997005    0.00299516   1.47978e-10      0.972546      -6.82764
00000          2000        138000  -3.62131e-06    1.6734e-06      -9.82643      -2.53771      0.997101    0.00289931   1.49133e-10       1.01197      -6.92702
00000          2000        139000   4.27564e-05   -1.6671e-05      -9.82307      -2.55179      0.997193     0.0028068   1.50291e-10        1.0513       -7.0278
00000          2000        140000    9.7086e-07    -1.275e-06      -9.81972      -2.56583      0.997282    0.00271752   1.51453e-10       1.09053         -7.13
00000          2000        141000  -2.23049e-05   3.77005e-06      -9.81639      -2.57983      0.997369    0.00263133   1.52619e-10       1.12967       -7.2336
00000          2000        142000   1.26215e-05   2.44897e-05      -9.81308      -2.59378      0.997452    0.00254812   1.53788e-10       1.16872      -7.33862
00000          2000        143000   2.04011e-07  -7.06357e-06      -9.80978      -2.60769      0.997532    0.00246777    1.5496e-10       1.20768      -7.44504
00000          2000        144000  -2.21933e-05  -1.30659e-05       -9.8065      -2.62157       0.99761    0.00239019   1.56137e-10       1.24654      -7.55288
00000          2000        145000  -5.16861e-06  -4.74649e-06      -9.80323       -2.6354      0.997685    0.00231526   1.57316e-10       1.28532      -7.66213
00000          2000        146000   1.17457e-06   -7.0672e-06      -9.79997      -2.64919      0.997757    0.00224289     1.585e-10       1.32401      -7.77278
00000          2000        147000    0.00678537   -0.00328963      -9.79673      -2.66294      0.997827    0.00217298   1.59687e-10       1.36261      -7.88484
00000          2000        148000  -1.03155e-05  -1.47972e-05       -9.7935      -2.67666      0.997895    0.00210544   1.60878e-10       1.40112      -7.99832
00000          2000        149000   2.21606e-05   1.59504e-05      -9.79029      -2.69033       0.99796    0.00204018   1.62072e-10       1.43954      -8.11321
00000          2000        150000   -2.2434e-06   3.96604e-06      -9.78709      -2.70397      0.998023    0.00197712    1.6327e-10       1.47788       -8.2295
00000          2000        151000    1.9188e-05  -4.79997e-06      -9.78391      -2.71756      0.998084    0.00191618   1.64472e-10       1.51614       -8.3472
00000          2000        152000   1.60047e-05  -3.14101e-06      -9.78074      -2.73112      0.998143    0.00185728   1.65677e-10       1.55431      -8.46632
00000          2000        153000   4.41557e-06  -1.61076e-05      -9.77758      -2.74465        0.9982    0.00180034   1.66886e-10        1.5924      -8.58685
00000          2000        154000   1.56137e-05  -1.45423e-05      -9.77444      -2.75813      0.998255     0.0017453   1.68098e-10        1.6304      -8.70878
00000          2000        155000  -1.33208e-06  -8.73173e-07      -9.77131      -2.77158      0.998308    0.00169208   1.69314e-10       1.66833      -8.83213
00000          2000        156000   4.67719e-06   1.19085e-05      -9.76819      -2.78499      0.998359    0.00164063   1.70534e-10       1.70617      -8.95688
00000          2000        157000   6.07745e-06  -3.74145e-06      -9.76509      -2.79837      0.998409    0.00159087   1.71757e-10       1.74393      -9.08304
00000          2000        158000   5.58021e-05   2.81909e-05        -9.762       -2.8117      0.998457    0.00154275   1.72984e-10       1.78162      -9.21062
00000          2000        159000   -8.0135e-05  -3.92094e-07      -9.75892      -2.82501      0.998504     0.0014962   1.74214e-10       1.81922       -9.3396
00000          2000        160000    0.00718937    0.00943504      -9.75585      -2.83828      0.998549    0.00145118   1.75448e-10       1.85675         -9.47
00000          2000        161000    3.1744e-06  -4.25386e-06       -9.7528      -2.85151      0.998592    0.00140762   1.76686e-10        1.8942       -9.6018
00000          2000        162000  -1.89877e-05   8.39492e-06      -9.74976      -2.86471      0.998635    0.00136548   1.77927e-10       1.93158      -9.73502
00000          2000        163000  -1.68475e-05   -2.1493e-05      -9.74673      -2.87788      0.998675    0.00132471   1.79172e-10       1.96887      -9.86965
00000          2000        164000   -6.5958e-07  -5.55592e-07      -9.74371      -2.89101      0.998715    0.00128525    1.8042e-10        2.0061      -10.0057
00000          2000        165000   5.21815e-06  -4.11868e-06      -9.74071      -2.90411      0.998753    0.00124707   1.81672e-10       2.04324      -10.1431
00000          2000        166000  -8.72475e-07   -4.1037e-06      -9.73772      -2.91718       0.99879    0.00121011   1.82928e-10       2.08032       -10.282
00000          2000        167000  -2.38392e-06   2.72203e-06      -9.73474      -2.93021      0.998826    0.00117433   1.84187e-10       2.11732      -10.4222
00000          2000        168000     0.0290714     0.0174297      -9.73177      -2.94321       0.99886     0.0011397    1.8545e-10       2.15425      -10.5639
00000          2000        169000   1.25052e-05    1.6875e-06      -9.72882      -2.95618      0.998894    0.00110617   1.86717e-10       2.19111       -10.707
00000          2000        170000   -3.0562e-06  -1.02432e-06      -9.72587      -2.96911      0.998926    0.00107371   1.87987e-10       2.22789      -10.8515
00000          2000        171000    -0.0213075     -0.019529      -9.72294      -2.98202      0.998958    0.00104228    1.8926e-10       2.26461      -10.9974
00000          2000        172000  -4.95283e-06  -1.76346e-06      -9.72002      -2.99489      0.998988    0.00101184   1.90537e-10       2.30125      -11.1447
00000          2000        173000  -4.53771e-06    4.9782e-06      -9.71711      -3.00773      0.999018   0.000982359   1.91818e-10       2.33782      -11.2934
00000          2000        174000   2.54506e-06  -1.98909e-06      -9.71421      -3.02054      0.999046   0.000953806   1.93103e-10       2.37433      -11.4436
00000          2000        175000   1.10223e-05   1.77042e-06      -9.71133      -3.03332      0.999074   0.000926147    1.9439e-10       2.41077      -11.5951
00000          2000        176000  -3.25525e-06   1.45084e-05      -9.70845      -3.04607      0.999101   0.000899354   1.95682e-10       2.44714      -11.7481
00000          2000        177000  -1.33392e-06   9.46515e-07      -9.70558      -3.05879      0.999127   0.000873397   1.96977e-10       2.48344      -11.9024
00000          2000        178000   4.77975e-06  -2.49065e-06      -9.70273      -3.07148      0.999152   0.000848247   1.98276e-10       2.51967      -12.0582
00000          2000        179000  -2.29319e-05   2.14012e-05      -9.69989      -3.08414      0.999176   0.000823878   1.99578e-10       2.55584      -12.2154
00000          2000        180000   7.75246e-07  -9.94703e-07      -9.69706      -3.09677        0.9992   0.000800263   2.00884e-10       2.59194       -12.374
00000          2000        181000  -1.60707e-05  -1.43754e-05      -9.69423      -3.10937      0.999223   0.000777377   2.02193e-10       2.62798       -12.534
00000          2000        182000   1.53072e-07   1.80271e-06      -9.69142      -3.12194      0.999245   0.000755196   2.03506e-10       2.66395      -12.6954
00000          2000        183000  -7.90837e-06   1.60352e-06      -9.68862      -3.13448      0.999266   0.000733696   2.04822e-10       2.69986      -12.8582
00000          2000        184000   1.18023e-05   1.80122e-05      -9.68583        -3.147      0.999287   0.000712855   2.06142e-10        2.7357      -13.0225
00000          2000        185000  -7.61676e-07   6.97502e-06      -9.68305      -3.15949      0.999307   0.000692651   2.07466e-10       2.77148      -13.1881
00000          2000        186000   0.000193647     0.0109223      -9.68028      -3.17194      0.999327   0.000673063   2.08793e-10        2.8072      -13.3552
00000          2000        187000   4.36006e-06   1.60512e-05      -9.67753      -3.18438      0.999346   0.000654071   2.10124e-10       2.84286      -13.5236
00000          2000        188000  -7.48381e-06  -8.82945e-07      -9.67478      -3.19678      0.999364   0.000635655   2.11458e-10       2.87845      -13.6935
00000          2000        189000   1.54082e-05   1.31403e-05      -9.67204      -3.20915      0.999382   0.000617796   2.12796e-10       2.91399      -13.8648
00000          2000        190000   9.51019e-06   3.81801e-06      -9.66931       -3.2215        0.9994   0.000600477   2.14137e-10       2.94946      -14.0375
00000          2000        191000   8.81925e-06   4.71512e-06      -9.66659      -3.23383      0.999416   0.000583679   2.15482e-10       2.98487      -14.2116
00000          2000        192000  -5.69962e-07  -1.92304e-08      -9.66388      -3.24612      0.999433   0.000567387    2.1683e-10       3.02022      -14.3871
00000          2000        193000   1.15911e-05   -3.3553e-06      -9.66118      -3.25839      0.999448   0.000551582   2.18182e-10       3.05551       -14.564
00000          2000        194000   -4.4035e-06   6.00376e-07      -9.65849      -3.27063      0.999464   0.000536251   2.19537e-10       3.09074      -14.7424
00000          2000        195000   1.47544e-06  -1.18867e-05      -9.65581      -3.28285      0.999479   0.000521376   2.20896e-10       3.12592      -14.9221
00000          2000        196000   1.79385e-06   8.20444e-07      -9.65314      -3.29504      0.999493   0.000506945   2.22258e-10       3.16103      -15.1033
00000          2000        197000  -1.02031e-05  -6.58238e-06      -9.65048       -3.3072      0.999507   0.000492942   2.23624e-10       3.19609      -15.2858
00000          2000        198000   3.56658e-05   2.72715e-05      -9.64783      -3.31934      0.999521   0.000479354   2.24993e-10       3.23109      -15.4698
00000          2000        199000   -1.6803e-05  -6.86634e-06      -9.64519      -3.33146      0.999534   0.000466168   2.26366e-10       3.26603      -15.6552
00000          2000        200000  -5.26382e-05  -5.07279e-05      -9.64256      -3.34355      0.999547   0.000453371   2.27742e-10       3.30092       -15.842
00000          2000        201000    4.2449e-06   8.13795e-06      -9.63993      -3.35561      0.999559   0.000440951   2.29122e-10       3.33574      -16.0302
00000          2000        202000   9.66429e-07  -1.60842e-05      -9.63732      -3.36765      0.999571   0.000428895   2.30505e-10       3.37052      -16.2198
00000          2000        203000   1.79906e-05   2.60876e-06      -9.63471      -3.37966      0.999583   0.000417192   2.31892e-10       3.40524      -16.4108
00000          2000        204000   2.19183e-05   8.58686e-06      -9.63212      -3.39165      0.999594   0.000405832   2.33283e-10        3.4399      -16.6033
00000          2000        205000  -1.98423e-07   3.10146e-06      -9.62953      -3.40362      0.999605   0.000394803   2.34676e-10       3.47451      -16.7971
00000          2000        206000   2.45767e-06  -8.81914e-06      -9.62695      -3.41556      0.999616   0.000384094   2.36073e-10       3.50906      -16.9924
00000          2000        207000   2.26601e-05   -1.6016e-05      -9.62438      -3.42748      0.999626   0.000373697   2.37474e-10       3.54356       -17.189
00000          2000        208000   4.01177e-06  -2.42554e-06      -9.62182      -3.43937      0.999636   0.000363601   2.38878e-10       3.57801      -17.3871
00000          2000        209000  -1.69114e-05   2.48091e-05      -9.61927      -3.45125      0.999646   0.000353798   2.40286e-10        3.6124      -17.5866
00000          2000        210000   3.60894e-06  -1.65233e-06      -9.61673      -3.46309      0.999656   0.000344276   2.41697e-10       3.64674      -17.7875
00000          2000        211000   1.46589e-07   1.13949e-06      -9.61419      -3.47492      0.999665   0.000335029   2.43111e-10       3.68103      -17.9898
00000          2000        212000   5.05745e-07  -8.40373e-09      -9.61167      -3.48672      0.999674   0.000326048   2.44529e-10       3.71526      -18.1935
00000          2000        213000  -1.10239e-06   6.44141e-08      -9.60915       -3.4985      0.999683   0.000317324   2.45951e-10       3.74944      -18.3986
00000          2000        214000   2.22346e-05  -2.49613e-05      -9.60664      -3.51025      0.999691    0.00030885   2.47375e-10       3.78358      -18.6052
00000          2000        215000   8.85113e-07   2.19506e-06      -9.60414      -3.52199      0.999699   0.000300618   2.48804e-10       3.81766      -18.8131
00000          2000        216000   3.06452e-05   2.36868e-05      -9.60165       -3.5337      0.999707    0.00029262   2.50235e-10       3.85169      -19.0225
00000          2000        217000  -3.26997e-06  -6.98354e-07      -9.59917      -3.54538      0.999715    0.00028485    2.5167e-10       3.88566      -19.2332
00000          2000        218000   8.71973e-07   4.79122e-08      -9.59669      -3.55705      0.999723     0.0002773   2.53109e-10       3.91959      -19.4454
00000          2000        219000    4.2711e-06  -9.12965e-07      -9.59423       -3.5687       0.99973   0.000269963   2.54551e-10       3.95347       -19.659
00000          2000        220000  -3.90071e-06  -6.56096e-06      -9.59177      -3.58032      0.999737   0.000262834   2.55996e-10        3.9873       -19.874
00000          2000        221000   1.61242e-05  -3.66456e-06      -9.58932      -3.59192      0.999744   0.000255906   2.57445e-10       4.02108      -20.0904
00000          2000        222000   6.33507e-06  -6.72253e-06      -9.58687       -3.6035      0.999751   0.000249173   2.58897e-10       4.05481      -20.3082
00000          2000        223000   2.27797e-05   2.87292e-05      -9.58444      -3.61506      0.999757   0.000242629   2.60352e-10       4.08849      -20.5274
00000          2000        224000   1.61946e-05  -5.41527e-06      -9.58201      -3.62659      0.999764   0.000236269   2.61811e-10       4.12213      -20.7481
00000          2000        225000   2.26948e-06   3.23846e-07      -9.57959      -3.63811       0.99977   0.000230086   2.63273e-10       4.15571      -20.9701
00000          2000        226000  -1.48789e-05  -5.17854e-05      -9.57718       -3.6496      0.999776   0.000224076   2.64739e-10       4.18925      -21.1936
00000          2000        227000  -1.12975e-06   5.77496e-06      -9.57478      -3.66108      0.999782   0.000218234   2.66208e-10       4.22274      -21.4184
00000          2000        228000  -7.53365e-06  -4.35384e-06      -9.57238      -3.67253      0.999787   0.000212554    2.6768e-10       4.25618      -21.6447
00000          2000        229000  -5.20328e-06  -9.82722e-06         -9.57      -3.68396      0.999793   0.000207031   2.69156e-10       4.28958      -21.8724
00000          2000        230000   2.27814e-06   1.62762e-06      -9.56762      -3.69538      0.999798   0.000201662   2.70635e-10       4.32293      -22.1015
00000          2000        231000     0.0168603     0.0203521      -9.56524      -3.70677      0.999804   0.000196441   2.72117e-10       4.35623       -22.332
00000          2000        232000  -7.26395e-07  -1.37412e-06      -9.56288      -3.71814      0.999809   0.000191363   2.73603e-10       4.38949      -22.5639
00000          2000        233000   1.20319e-06  -3.01444e-06      -9.56052      -3.72949      0.999814   0.000186426   2.75093e-10        4.4227      -22.7972
00000          2000        234000     0.0193308   -0.00107771      -9.55817      -3.74083      0.999818   0.000181624   2.76585e-10       4.45587       -23.032
00000          2000        235000      0.026012    0.00769235      -9.55583      -3.75214      0.999823   0.000176955    2.7808e-10       4.48899      -23.2681
00000          2000        236000   4.04549e-05   1.62755e-05      -9.55349      -3.76343      0.999828   0.000172413    2.7958e-10       4.52207      -23.5057
00000          2000        237000    1.2843e-05   -2.6567e-05      -9.55117       -3.7747      0.999832   0.000167995   2.81083e-10        4.5551      -23.7446
00000          2000        238000   1.04023e-05  -2.24969e-06      -9.54885      -3.78596      0.999836   0.000163697   2.82588e-10       4.58809       -23.985
00000          2000        239000  -8.20867e-06   1.15778e-05      -9.54653      -3.79719       0.99984   0.000159517   2.84098e-10       4.62103      -24.2268
00000          2000        240000  -1.29144e-05   9.58918e-06      -9.54423      -3.80841      0.999845    0.00015545    2.8561e-10       4.65393        -24.47
00000          2000        241000   2.50395e-05   4.16817e-06      -9.54193       -3.8196      0.999849   0.000151494   2.87126e-10       4.68678      -24.7146
00000          2000        242000   8.55541e-06  -8.29536e-06      -9.53964      -3.83078      0.999852   0.000147645   2.88645e-10        4.7196      -24.9606
00000          2000        243000   -0.00308989   -0.00660755      -9.53735      -3.84194      0.999856   0.000143899   2.90167e-10       4.75236       -25.208
00000          2000        244000   2.70473e-06   1.26189e-06      -9.53507      -3.85308       0.99986   0.000140255   2.91693e-10       4.78509      -25.4569
00000          2000        245000  -1.45524e-05  -1.18253e-06       -9.5328       -3.8642      0.999863   0.000136709   2.93222e-10       4.81777      -25.7071
00000          2000        246000    5.8467e-06  -1.63071e-06      -9.53054      -3.87531      0.999867   0.000133258   2.94754e-10       4.85041      -25.9588
00000          2000        247000  -2.43476e-05   1.51494e-05      -9.52828      -3.88639       0.99987     0.0001299    2.9629e-10       4.88301      -26.2118
00000          2000        248000   7.15933e-06  -1.20917e-05      -9.52603      -3.89746      0.999873   0.000126632   2.97828e-10       4.91557      -26.4663
00000          2000        249000   4.68267e-06  -1.80222e-06      -9.52379      -3.90851      0.999877   0.000123451   2.99371e-10       4.94809      -26.7222
00000          2000        250000  -1.02986e-05  -7.48903e-06      -9.52155      -3.91954       0.99988   0.000120355   3.00916e-10       4.98056      -26.9795
00000          2000        251000   2.98242e-06   1.60651e-05      -9.51933      -3.93055      0.999883   0.000117341   3.02464e-10       5.01299      -27.2382
00000          2000        252000   3.26276e-06  -1.89755e-06       -9.5171      -3.94154      0.999886   0.000114408   3.04016e-10       5.04538      -27.4983
00000          2000        253000   9.34401e-06   9.03534e-06      -9.51489      -3.95252      0.999888   0.000111553   3.05571e-10       5.07773      -27.7598
00000          2000        254000   8.53586e-06   9.76743e-06      -9.51268      -3.96348      0.999891   0.000108773    3.0713e-10       5.11004      -28.0228
00000          2000        255000   7.86751e-06  -2.15743e-06      -9.51048      -3.97442      0.999894   0.000106067   3.08691e-10       5.14231      -28.2871
00000          2000        256000  -3.67931e-06  -9.83093e-06      -9.50828      -3.98535      0.999897   0.000103432   3.10256e-10       5.17454      -28.5529
00000          2000        257000   7.76126e-08  -3.84302e-06      -9.50609      -3.99625      0.999899   0.000100866   3.11824e-10       5.20673        -28.82
00000          2000        258000    -0.0213899   -0.00483073      -9.50391      -4.00714      0.999902   9.83686e-05   3.13396e-10       5.23888      -29.0886
00000          2000        259000  -3.88609e-08   2.65816e-06      -9.50173      -4.01802      0.999904   9.59364e-05    3.1497e-10       5.27099      -29.3586
00000          2000        260000  -6.17869e-06   3.77658e-06      -9.49956      -4.02887      0.999906    9.3568e-05   3.16548e-10       5.30306        -29.63
00000          2000        261000   3.74951e-06   8.66406e-06       -9.4974      -4.03971      0.999909   9.12616e-05   3.18129e-10        5.3351      -29.9028
00000          2000        262000   -3.1223e-06  -4.51755e-06      -9.49524      -4.05053      0.999911   8.90155e-05   3.19713e-10       5.36709       -30.177
00000          2000        263000  -1.07454e-05  -2.68884e-05      -9.49309      -4.06134      0.999913   8.68281e-05     3.213e-10       5.39905      -30.4526
00000          2000        264000  -3.90653e-05  -3.95676e-05      -9.49094      -4.07213      0.999915   8.46976e-05   3.22891e-10       5.43096      -30.7297
00000          2000        265000  -6.11877e-06  -7.33491e-06      -9.48881       -4.0829      0.999917   8.26225e-05   3.24485e-10       5.46284      -31.0081
00000          2000        266000   -1.6169e-05  -1.50471e-05      -9.48667      -4.09366      0.999919   8.06014e-05   3.26082e-10       5.49468       -31.288
00000          2000        267000  -4.25476e-07   1.16159e-05      -9.48455       -4.1044      0.999921   7.86326e-05   3.27682e-10       5.52648      -31.5692
00000          2000        268000   4.54034e-06   5.15577e-06      -9.48243      -4.11512      0.999923   7.67148e-05   3.29285e-10       5.55825      -31.8519
00000          2000        269000   6.08911e-06  -1.43983e-05      -9.48031      -4.12583      0.999925   7.48465e-05   3.30892e-10       5.58997       -32.136
00000          2000        270000  -5.28283e-06   2.36934e-06      -9.47821      -4.13652      0.999927   7.30265e-05   3.32501e-10       5.62166      -32.4215
00000          2000        271000   1.99778e-06   2.70064e-06      -9.47611       -4.1472      0.999929   7.12533e-05   3.34114e-10       5.65332      -32.7084
00000          2000        272000   8.79734e-06   7.90339e-06      -9.47401      -4.15785       0.99993   6.95257e-05    3.3573e-10       5.68493      -32.9967
00000          2000        273000   7.38764e-06   2.44039e-05      -9.47192       -4.1685      0.999932   6.78425e-05   3.37349e-10       5.71651      -33.2864
00000          2000        274000   5.38927e-06  -6.10148e-06      -9.46984      -4.17913      0.999934   6.62024e-05   3.38971e-10       5.74806      -33.5776
00000          2000        275000  -3.68335e-05  -3.28152e-05      -9.46776      -4.18974      0.999935   6.46043e-05   3.40597e-10       5.77956      -33.8701
00000          2000        276000  -1.31448e-06  -1.07893e-06      -9.46569      -4.20034      0.999937    6.3047e-05   3.42225e-10       5.81103      -34.1641
00000          2000        277000  -3.40952e-05  -1.49124e-05      -9.46362      -4.21092      0.999938   6.15294e-05   3.43857e-10       5.84247      -34.4594
00000          2000        278000    -0.0129454   -0.00169038      -9.46156      -4.22148       0.99994   6.00505e-05   3.45492e-10       5.87387      -34.7562
00000          2000        279000   8.30545e-06    2.5751e-05      -9.45951      -4.23203      0.999941   5.86092e-05    3.4713e-10       5.90523      -35.0544
00000          2000        280000   7.37567e-06  -1.27532e-06      -9.45746      -4.24257      0.999943   5.72045e-05   3.48771e-10       5.93656       -35.354
00000          2000        281000   1.61415e-06  -1.62708e-05      -9.45542      -4.25309      0.999944   5.58354e-05   3.50415e-10       5.96785       -35.655
00000          2000        282000   7.29001e-06  -4.09601e-06      -9.45338       -4.2636      0.999945    5.4501e-05   3.52062e-10       5.99911      -35.9574
00000          2000        283000  -7.89266e-06  -1.42436e-06      -9.45135      -4.27409      0.999947   5.32003e-05   3.53713e-10       6.03033      -36.2612
00000          2000        284000     0.0271268     0.0275305      -9.44932      -4.28456      0.999948   5.19325e-05   3.55366e-10       6.06152      -36.5665
00000          2000        285000  -2.35087e-05    2.0102e-06       -9.4473      -4.29502      0.999949   5.06965e-05   3.57023e-10       6.09267      -36.8731
00000          2000        286000   2.71058e-06   1.73062e-06      -9.44529      -4.30547      0.999951   4.94916e-05   3.58683e-10       6.12379      -37.1812
00000          2000        287000   5.81531e-07  -2.80799e-06      -9.44328       -4.3159      0.999952   4.83171e-05   3.60345e-10       6.15488      -37.4906
00000          2000        288000  -8.44397e-07   2.28199e-06      -9.44128      -4.32632      0.999953   4.71719e-05   3.62011e-10       6.18593      -37.8015
00000          2000        289000  -1.72554e-05   1.78614e-06      -9.43928      -4.33672      0.999954   4.60555e-05    3.6368e-10       6.21695      -38.1138
00000          2000        290000   6.52624e-06   6.28132e-06      -9.43729      -4.34711      0.999955    4.4967e-05   3.65352e-10       6.24793      -38.4275
00000          2000        291000   8.50485e-06  -5.95827e-06       -9.4353      -4.35748      0.999956   4.39056e-05   3.67027e-10       6.27888      -38.7426
00000          2000        292000   -0.00919012    -0.0132718      -9.43332      -4.36784      0.999957   4.28707e-05   3.68706e-10        6.3098      -39.0591
00000          2000        293000   5.64841e-05   3.11416e-05      -9.43134      -4.37818      0.999958   4.18616e-05   3.70387e-10       6.34068       -39.377
00000          2000        294000  -5.49871e-06  -2.73745e-06      -9.42937      -4.38851      0.999959   4.08776e-05   3.72071e-10       6.37153      -39.6964
00000          2000        295000  -2.12576e-05  -6.23159e-06      -9.42741      -4.39883       0.99996    3.9918e-05   3.73758e-10       6.40235      -40.0171
00000          2000        296000   2.29487e-06    4.9943e-06      -9.42545      -4.40913      0.999961   3.89821e-05   3.75448e-10       6.43313      -40.3393
00000          2000        297000   3.07354e-06   3.76269e-07       -9.4235      -4.41942      0.999962   3.80695e-05   3.77142e-10       6.46388      -40.6628
00000          2000        298000    -0.0261189    -0.0159529      -9.42155       -4.4297      0.999963   3.71793e-05   3.78839e-10        6.4946      -40.9878
00000          2000        299000     0.0103313  -0.000278238       -9.4196      -4.43996      0.999964   3.63112e-05   3.80537e-10       6.52529      -41.3142
00000          2000        300000   -1.3971e-06   5.21292e-06      -9.41766      -4.45021      0.999965   3.54644e-05    3.8224e-10       6.55594       -41.642

