00000          2000           100       -9.7689   6.30151e-05      -12.9274   -0.00114216    0.00262647      0.997374   1.18208e-13      -10.9217      -6.53256
00000          2000           200    -0.0242889  -3.62597e-06      -12.6226   -0.00230366    0.00529032       0.99471   2.38476e-13        -10.31      -6.52313
00000          2000           300    -0.0238659   6.13181e-07      -12.4443   -0.00348303     0.0079879      0.992012   3.59504e-13      -9.94811      -6.51371
00000          2000           400    -0.0282037   4.31392e-08      -12.3143    -0.0046953     0.0107531      0.989247   4.85007e-13      -9.68748      -6.50431
00000          2000           500    -0.0281584  -1.09926e-06      -12.2144   -0.00592622     0.0135529      0.986447   6.10322e-13      -9.48401      -6.49493
00000          2000           600     -0.025606   3.34003e-07      -12.1318   -0.00716328     0.0163588      0.983641   7.38279e-13      -9.31647      -6.48555
00000          2000           700    -0.0640788       -15.625      -12.0591    -0.0084791     0.0193345      0.980665   8.72837e-13      -9.17112       -6.4762
00000          2000           800      -1.27235       -15.625      -11.9978   -0.00979377     0.0222986      0.977701   1.00513e-12      -9.04453      -6.46685
00000          2000           900     -0.109964   -3.6679e-06      -11.9438    -0.0111035     0.0252426      0.974757    1.1381e-12      -8.93344      -6.45752
00000          2000          1000    -0.0387592      0.781255      -11.8922    -0.0119383     0.0271147      0.972885    1.2817e-12      -8.83368      -6.44821
00000          2000          2000   -0.00895625  -1.19329e-06       -11.564    -0.0255401     0.0571125      0.942888   2.72869e-12      -8.14802      -6.35582
00000          2000          3000  -2.31019e-07       34.8127      -11.3714    -0.0399445     0.0878727      0.912127   4.25235e-12      -7.72192      -6.26484
00000          2000          4000    -0.0206669    -1.373e-06      -11.2291    -0.0553567      0.119674      0.880326   5.90015e-12      -7.40012      -6.17528
00000          2000          5000      -3.50775       26.2541      -11.1232    -0.0706577       0.15015       0.84985    7.5306e-12      -7.14317      -6.08712
00000          2000          6000      -1.48952   3.04937e-06      -11.0214    -0.0858509      0.179367      0.820633   9.51828e-12      -6.90105      -6.00038
00000          2000          7000     -0.135632   1.07614e-06      -10.9339     -0.102208      0.209701      0.790299   1.16445e-11      -6.68862      -5.91505
00000          2000          8000        9.1506       -4.5753      -10.8579     -0.120048      0.241506      0.758494   1.38712e-11      -6.49672      -5.83112
00000          2000          9000     -0.603645       1.23872      -10.7946     -0.138343      0.272795      0.727205   1.60456e-11      -6.32575       -5.7486
00000          2000         10000  -2.61852e-06   2.30575e-08      -10.7378     -0.157621      0.304369      0.695631   1.82905e-11      -6.16604       -5.6675
00000          2000         11000   3.03633e-07       16.2335       -10.687     -0.178308      0.336727      0.663273   2.05605e-11      -6.01647      -5.58781
00000          2000         12000   -0.00647445       -15.625      -10.6426      -0.19905      0.367661      0.632339   2.27707e-11      -5.88235      -5.50952
00000          2000         13000  -1.65273e-06      0.250832      -10.6032     -0.220657      0.398352      0.601648   2.49337e-11      -5.75235      -5.43264
00000          2000         14000     -0.137617    -0.0229362      -10.5636     -0.243025      0.428555      0.571445   2.73173e-11      -5.62781      -5.35718
00000          2000         15000    -0.0274653           125      -10.5353     -0.264999      0.456749      0.543251   2.91555e-11      -5.51546      -5.28312
00000          2000         16000    -0.0260436         31.25      -10.5041      -0.28927      0.486276      0.513724   3.13221e-11      -5.40108      -5.21048
00000          2000         17000       31.2084      -15.6042      -10.4801     -0.313451      0.514098      0.485902   3.31059e-11      -5.29868      -5.13924
00000          2000         18000        29.289       29.3532      -10.4581     -0.337106      0.539856      0.460144   3.48289e-11      -5.19992      -5.06942
00000          2000         19000    -0.0280207     0.0280142      -10.4356     -0.360888      0.564376      0.435624   3.66795e-11      -5.10072        -5.001
00000          2000         20000      -15.6146       7.80731      -10.4123     -0.384157      0.587102      0.412898   3.86999e-11      -5.00561        -4.934
00000          2000         21000      -75.3738       37.6869       -10.396     -0.407135      0.608379      0.391621    4.0177e-11      -4.91752      -4.86841
00000          2000         22000      -87.1291          62.5      -10.3787     -0.430581      0.628961      0.371039   4.18103e-11      -4.83002      -4.80422
00000          2000         23000     -0.199709      0.331709      -10.3683     -0.457315      0.651113      0.348887    4.2829e-11      -4.74774      -4.74144
00000          2000         24000     -0.254888        -31.25      -10.3528       -0.4824      0.670694      0.329306   4.43846e-11      -4.66696      -4.68008
00000          2000         25000      -75.9444          62.5      -10.3416      -0.50313      0.686043      0.313957   4.55444e-11      -4.58719      -4.62013
00000          2000         30000   -9.1752e-07  -4.52324e-07      -10.2913     -0.626501      0.763681      0.236319   5.11309e-11      -4.21538       -4.3415
00000          2000         35000      -1.23552       31.1874      -10.2549     -0.740431       0.81821       0.18179   5.56074e-11      -3.88021      -4.09813
00000          2000         40000   9.63588e-07      0.338306      -10.2297     -0.851727      0.859307      0.140693   5.89252e-11      -3.57101         -3.89
00000          2000         45000  -4.87489e-10  -6.03904e-10      -10.2084     -0.957466       0.88971       0.11029   6.18876e-11      -3.28038      -3.71713
00000          2000         50000  -3.82715e-09   -6.8394e-10      -10.1922       -1.0582      0.912542     0.0874584   6.42357e-11       -3.0014       -3.5795
00000          2000         55000       469.138       3937.89      -10.1922       -1.0582      0.912542     0.0874584   6.42357e-11      -2.75818      -3.47713
00000          2000         60000       15.5006  -1.97455e-06      -10.1614      -1.24653      0.943314     0.0566857   6.89659e-11      -2.48574         -3.41
00000          2000         65000      -20.7957       20.7957       -10.152      -1.33782      0.954061     0.0459389   7.04628e-11      -2.24135      -3.37812
00000          2000         70000  -0.000558304       41.6601      -10.1417      -1.42334      0.962272      0.037728    7.2163e-11       -2.0041       -3.3815
00000          2000         75000   -0.00224663    0.00112299      -10.1343      -1.50914      0.969035     0.0309645      7.34e-11      -1.77309      -3.42012
00000          2000         80000      -7.89422       3.15313      -10.1238      -1.58932      0.974256     0.0257441   7.52047e-11      -1.54871        -3.494
00000          2000         85000      -38.5095        -31.25      -10.1192      -1.66977      0.978609     0.0213911   7.60057e-11       -1.3319      -3.60312
00000          2000         90000      0.677928      -34.1259      -10.1115       -1.7466      0.982078     0.0179224    7.7355e-11      -1.11369       -3.7475
00000          2000         95000       29.8841      -98.4754      -10.1067      -1.82561      0.985059     0.0149415   7.82086e-11     -0.904067      -3.92712
00000          2000        100000         15.43      -16.1232      -10.0984      -1.89605      0.987296     0.0127042   7.97284e-11      -0.69738        -4.142
00000          2000        105000      -62.5003        15.625      -10.0939      -1.96925      0.989266     0.0107337   8.05596e-11      -0.48965      -4.39212
00000          2000        110000       30.2827      -45.4241      -10.0904      -2.04324      0.990948    0.00905231   8.12094e-11     -0.295994       -4.6775
00000          2000        115000      -21.4279       4.96611      -10.0863      -2.11266      0.992285    0.00771514   8.19877e-11    -0.0967878      -4.99812
00000          2000        120000      -32.3052       62.7367      -10.0814      -2.18097      0.993408     0.0065922   8.29176e-11     0.0966448        -5.354
00000          2000        125000      -31.2432       31.2424      -10.0758      -2.24502      0.994312    0.00568829     8.399e-11      0.287495      -5.74513
00000          2000        130000       29.4026       15.2288      -10.0723      -2.31204      0.995125    0.00487482   8.46567e-11       0.47375       -6.1715
00000          2000        135000  -0.000346434      -14.0503      -10.0704      -2.38043      0.995835    0.00416461   8.50309e-11      0.658487      -6.63313
00000          2000        140000      -31.1876      -31.1875      -10.0691      -2.44129       0.99638    0.00362005     8.529e-11      0.843446         -7.13
00000          2000        145000  -2.34826e-05       15.5782      -10.0635      -2.50469      0.996872    0.00312834   8.64014e-11       1.02373      -7.66213
00000          2000        150000       31.2493       -15.625      -10.0601      -2.56455      0.997274    0.00272554   8.70737e-11       1.20257       -8.2295
00000          2000        155000     -0.131893     -0.156239      -10.0573      -2.62698      0.997639    0.00236058   8.76296e-11       1.38571      -8.83213
00000          2000        160000       -11.963       36.9989      -10.0541      -2.68719      0.997945    0.00205501   8.82904e-11       1.55628         -9.47
00000          2000        165000      -38.5185      -12.0119      -10.0511      -2.74589      0.998205    0.00179517   8.89074e-11       1.73315      -10.1431
00000          2000        170000      -43.9452      -49.7115      -10.0492      -2.80796      0.998444    0.00155612   8.92881e-11       1.90477      -10.8515
00000          2000        175000       12.0494      -12.8067       -10.048      -2.86327       0.99863    0.00137003   8.95448e-11        2.0766      -11.5951
00000          2000        180000     -0.305448       -30.968      -10.0464      -2.92454       0.99881    0.00118977   8.98741e-11       2.23979       -12.374
00000          2000        185000       19.4253      -2.95593       -10.043      -2.97696      0.998946    0.00105449   9.05758e-11       2.41048      -13.1881
00000          2000        190000        -93.83       46.8534      -10.0433      -3.02962      0.999066   0.000934068   9.05105e-11       2.58156      -14.0375
00000          2000        195000      -21.1768       31.7651      -10.0377      -3.08813      0.999184   0.000816336   9.16898e-11       2.74307      -14.9221
00000          2000        200000       30.9574       30.9574      -10.0403      -3.14405      0.999282   0.000717707   9.11324e-11       2.90284       -15.842
00000          2000        205000      -62.4375       93.6562      -10.0333      -3.20467      0.999376   0.000624215   9.26213e-11       3.07148      -16.7971
00000          2000        210000      -93.7375        15.612      -10.0351      -3.25435      0.999443   0.000556738   9.22448e-11       3.22887      -17.7875
00000          2000        215000       38.7761      -19.1104      -10.0377      -3.30757      0.999507   0.000492523   9.16906e-11       3.38214      -18.8131
00000          2000        220000      -30.4737       15.2058       -10.034      -3.36297      0.999566   0.000433539   9.24602e-11       3.54247       -19.874
00000          2000        225000       47.2733       13.8859      -10.0317      -3.40988      0.999611   0.000389154   9.29711e-11       3.69912      -20.9701
00000          2000        230000  -3.55052e-07  -1.72338e-07      -10.0307      -3.46209      0.999655   0.000345074   9.31679e-11       3.85592      -22.1015
00000          2000        235000  -2.40374e-06   7.01402e-08      -10.0305      -3.51177      0.999692    0.00030777   9.32201e-11       4.01328      -23.2681
00000          2000        240000       9.87065      -29.9931      -10.0287         -3.57      0.999731   0.000269156   9.36005e-11       4.17339        -24.47
00000          2000        245000       32.1867       5.36446      -10.0267      -3.61614      0.999758   0.000242024   9.40313e-11       4.32515      -25.7071
00000          2000        250000       59.7074       36.0824      -10.0304      -3.66642      0.999784   0.000215564   9.32316e-11       4.47569      -26.9795
00000          2000        255000  -3.09573e-05      -75.5845      -10.0342      -3.71875      0.999809   0.000191096   9.24326e-11       4.62662      -28.2871
00000          2000        260000      -30.6123       76.5308      -10.0267      -3.76341      0.999828   0.000172422   9.40369e-11       4.77447        -29.63
00000          2000        265000       15.6015       70.2075       -10.028      -3.81838      0.999848   0.000151922   9.37489e-11       4.92739      -31.0081
00000          2000        270000   -0.00019908       -31.063      -10.0276      -3.86162      0.999862   0.000137523   9.38385e-11       5.06819      -32.4215
00000          2000        275000        9.4007      -74.4271      -10.0232      -3.91089      0.999877   0.000122775   9.47904e-11       5.22846      -33.8701
00000          2000        280000  -4.71418e-06       30.1705      -10.0223      -3.95673       0.99989   0.000110477    9.4992e-11       5.36609       -35.354
00000          2000        285000      -61.7738       61.4618      -10.0219      -4.00365      0.999901   9.91623e-05   9.50747e-11       5.52358      -36.8731
00000          2000        290000        56.915       7.56886      -10.0261      -4.05339      0.999912   8.84326e-05   9.41577e-11        5.6622      -38.4275
00000          2000        295000  -2.40038e-06      -26.2058      -10.0224      -4.10098      0.999921   7.92541e-05   9.49774e-11       5.80512      -40.0171
00000          2000        300000      -59.0088       29.5044      -10.0262       -4.1479      0.999929   7.11381e-05   9.41472e-11        5.9474       -41.642


