00000          2500          1000  -3.79393e-06   2.14243e-06      -10.6236   -0.00183597    0.00421855      0.995781   2.37907e-11      -7.58171      -4.23456
00000          2500          2000   -0.00147678  -0.000608542      -10.2871   -0.00396167    0.00908059      0.990919   5.16328e-11      -6.89866      -4.16066
00000          2500          3000  -2.77553e-05   1.39858e-05      -10.0803   -0.00631726     0.0144408      0.985559   8.31204e-11      -6.47142      -4.08788
00000          2500          4000   -0.00200371    0.00748585      -9.92945   -0.00883249     0.0201321      0.979868   1.17638e-10      -6.15258      -4.01622
00000          2500          5000   5.18295e-05  -0.000688993      -9.81145    -0.0114231     0.0259598       0.97404   1.54366e-10       -5.8961       -3.9457
00000          2500          6000   -0.00133095   -0.00166561      -9.69531    -0.0142318     0.0322388      0.967761   2.01691e-10      -5.65336       -3.8763
00000          2500          7000    0.00141234  -0.000480514      -9.59282    -0.0173963     0.0392648      0.960735   2.55377e-10      -5.43782      -3.80804
00000          2500          8000   0.000253794  -0.000366085      -9.50069    -0.0209259     0.0470413      0.952959   3.15727e-10      -5.24249       -3.7409
00000          2500          9000   0.000216434   0.000460028      -9.41683    -0.0248293      0.055568      0.944432   3.82978e-10      -5.06292      -3.67488
00000          2500         10000   0.000218895   0.000345761       -9.3398    -0.0291134     0.0648386      0.935161   4.57298e-10      -4.89611         -3.61
00000          2500         11000  -0.000367778  -0.000241006      -9.26858    -0.0337832     0.0748402       0.92516   5.38785e-10      -4.73994      -3.54624
00000          2500         12000  -6.63922e-05   -3.2822e-05      -9.20241    -0.0388415     0.0855532      0.914447   6.27468e-10      -4.59284      -3.48362
00000          2500         13000   0.000212123   9.75984e-05      -9.14068    -0.0442893     0.0969524      0.903048   7.23304e-10      -4.45362      -3.42212
00000          2500         14000  -9.25725e-05   1.91312e-05      -9.08292    -0.0501259      0.109007      0.890993   8.26184e-10      -4.32132      -3.36174
00000          2500         15000   0.000146914  -2.41722e-05      -9.02876    -0.0563489      0.121683      0.878317    9.3593e-10      -4.19519       -3.3025
00000          2500         16000     4.092e-07   7.37498e-05      -8.97786    -0.0629551      0.134943      0.865057    1.0523e-09      -4.07462      -3.24438
00000          2500         17000   -6.3111e-06   1.19356e-06      -8.92996    -0.0699403      0.148745      0.851255     1.175e-09      -3.95909       -3.1874
00000          2500         18000   7.88623e-05   4.73755e-05      -8.88483    -0.0772995      0.163048      0.836952   1.30367e-09      -3.84816      -3.13154
00000          2500         19000  -2.10981e-05  -1.58227e-05      -8.84227    -0.0850272      0.177809      0.822191   1.43792e-09      -3.74146       -3.0768
00000          2500         20000   2.68513e-05  -3.83741e-05      -8.80209    -0.0931173      0.192983      0.807017    1.5773e-09      -3.63865       -3.0232
00000          2500         21000  -7.39327e-06  -2.81236e-05      -8.76413     -0.101564      0.208527      0.791473   1.72134e-09      -3.53945      -2.97072
00000          2500         22000   7.20898e-06   -5.8952e-06      -8.72827      -0.11036      0.224396      0.775604   1.86952e-09      -3.44362      -2.91938
00000          2500         23000   7.48079e-06   1.20014e-05      -8.69436     -0.119499      0.240546      0.759454   2.02134e-09      -3.35091      -2.86916
00000          2500         24000   9.85347e-07   -2.5141e-06      -8.66229     -0.128973      0.256934      0.743066   2.17624e-09      -3.26112      -2.82006
00000          2500         25000   6.65819e-06  -9.40957e-06      -8.63196     -0.138775      0.273517      0.726483   2.33368e-09      -3.17407       -2.7721
00000          2500         26000   2.85046e-05   1.27643e-05      -8.60326     -0.148896      0.290253      0.709747   2.49311e-09       -3.0896      -2.72526
00000          2500         27000    -0.0229306   -0.00157282       -8.5761     -0.159329      0.307099      0.692901   2.65399e-09      -3.00754      -2.67956
00000          2500         28000    0.00702846    0.00370906       -8.5504     -0.170064      0.324017      0.675983   2.81577e-09      -2.92775      -2.63498
00000          2500         29000   1.95395e-05   1.31589e-05      -8.52608     -0.181091      0.340965      0.659035   2.97797e-09      -2.85011      -2.59152
00000          2500         30000   1.13971e-05   -6.7678e-07      -8.50306     -0.192401      0.357906      0.642094   3.14007e-09      -2.77448       -2.5492
00000          2500         31000    -0.0119164   -0.00496165      -8.48127     -0.203983      0.374803      0.625197   3.30162e-09      -2.70077        -2.508
00000          2500         32000   -0.00677785    0.00361242      -8.46065     -0.215825       0.39162       0.60838   3.46217e-09      -2.62886      -2.46794
00000          2500         33000    -0.0155275   -0.00817871      -8.44113     -0.227915      0.408323      0.591677   3.62133e-09      -2.55866        -2.429
00000          2500         34000    -0.0202696   -0.00512616      -8.42266     -0.240242      0.424881      0.575119   3.77872e-09      -2.49007      -2.39118
00000          2500         35000   3.43991e-06  -1.71781e-06      -8.40516     -0.252793      0.441264      0.558736   3.93401e-09      -2.42302       -2.3545
00000          2500         36000   -0.00983035   -0.00421022       -8.3886     -0.265555      0.457443      0.542557   4.08692e-09      -2.35741      -2.31894
00000          2500         37000   -0.00112115  -0.000113016      -8.37292     -0.278514      0.473394      0.526606   4.23718e-09      -2.29319      -2.28452
00000          2500         38000    0.00479204     0.0066151      -8.35807     -0.291657      0.489092      0.510908   4.38457e-09      -2.23027      -2.25122
00000          2500         39000   1.43284e-06   2.92202e-06      -8.34401     -0.304971      0.504516      0.495484   4.52891e-09      -2.16859      -2.21904
00000          2500         40000   3.39343e-06   -1.7399e-06      -8.33068     -0.318441      0.519649      0.480351   4.67005e-09      -2.10809        -2.188
00000          2500         41000   0.000744952   -0.00315639      -8.31805     -0.332056      0.534474      0.465526   4.80787e-09      -2.04871      -2.15808
00000          2500         42000   -0.00213928   -0.00180709      -8.30607       -0.3458      0.548976      0.451024   4.94228e-09       -1.9904       -2.1293
00000          2500         43000   -0.00142938   -0.00266102      -8.29472     -0.359663      0.563145      0.436855   5.07322e-09      -1.93311      -2.10164
00000          2500         44000    0.00335244  -0.000453358      -8.28394      -0.37363      0.576971      0.423029   5.20065e-09      -1.87678       -2.0751
00000          2500         45000   -0.00247909   -0.00184542      -8.27372      -0.38769      0.590447      0.409553   5.32457e-09      -1.82137       -2.0497
00000          2500         46000   -0.00560614   -0.00176247        -8.264     -0.401831      0.603568      0.396432   5.44498e-09      -1.76684      -2.02542
00000          2500         47000    0.00117321    0.00106633      -8.25478     -0.416042       0.61633       0.38367   5.56189e-09      -1.71315      -2.00228
00000          2500         48000   -0.00357873   -0.00051807      -8.24601     -0.430312      0.628732      0.371268   5.67536e-09      -1.66026      -1.98026
00000          2500         49000   0.000299216    0.00181046      -8.23766     -0.444632      0.640774      0.359226   5.78542e-09      -1.60814      -1.95936
00000          2500         50000     0.0021185    0.00097043      -8.22973     -0.458991      0.652457      0.347543   5.89216e-09      -1.55674       -1.9396
00000          2500         51000  -0.000691136  -0.000938285      -8.22217     -0.473381      0.663783      0.336217   5.99562e-09      -1.50604      -1.92096
00000          2500         52000   0.000946806  -0.000865221      -8.21496     -0.487793      0.674757      0.325243    6.0959e-09      -1.45601      -1.90346
00000          2500         53000   0.000200984   4.35889e-05      -8.20809     -0.502219      0.685384      0.314616   6.19308e-09      -1.40662      -1.88708
00000          2500         54000  -0.000247165  -0.000770947      -8.20154     -0.516653      0.695668      0.304332   6.28723e-09      -1.35784      -1.87182
00000          2500         55000   -0.00171565   -0.00101695      -8.19528     -0.531087      0.705617      0.294383   6.37846e-09      -1.30966       -1.8577
00000          2500         56000    0.00101052   0.000788806      -8.18931     -0.545516      0.715237      0.284763   6.46685e-09      -1.26203       -1.8447
00000          2500         57000   -0.00125317   0.000514543      -8.18359     -0.559933      0.724535      0.275465    6.5525e-09      -1.21495      -1.83284
00000          2500         58000  -0.000790671  -0.000631807      -8.17813     -0.574334      0.733519      0.266481    6.6355e-09      -1.16838       -1.8221
00000          2500         59000   -0.00107553   0.000793274      -8.17289     -0.588714      0.742198      0.257802   6.71594e-09      -1.12232      -1.81248
00000          2500         60000  -0.000776397   -0.00047527      -8.16788     -0.603068       0.75058       0.24942   6.79391e-09      -1.07673        -1.804
00000          2500         61000  -1.31779e-05  -0.000342963      -8.16307     -0.617393      0.758672      0.241328   6.86951e-09      -1.03161      -1.79664
00000          2500         62000   0.000677777   0.000523672      -8.15846     -0.631684      0.766484      0.233516   6.94281e-09     -0.986935      -1.79042
00000          2500         63000   5.32976e-05  -2.62958e-05      -8.15404      -0.64594      0.774025      0.225975   7.01391e-09     -0.942688      -1.78532
00000          2500         64000   0.000229415   0.000679184      -8.14979     -0.660156      0.781302      0.218698   7.08289e-09     -0.898856      -1.78134
00000          2500         65000  -0.000586292   0.000298366       -8.1457      -0.67433      0.788325      0.211675   7.14982e-09     -0.855422       -1.7785
00000          2500         66000   0.000261812   0.000346837      -8.14178     -0.688461      0.795101      0.204899    7.2148e-09     -0.812374      -1.77678
00000          2500         67000   0.000351531   0.000520126        -8.138     -0.702545       0.80164       0.19836   7.27788e-09     -0.769699       -1.7762
00000          2500         68000   -0.00127264   0.000121231      -8.13435     -0.716582      0.807948      0.192052   7.33915e-09     -0.727383      -1.77674
00000          2500         69000  -8.03679e-05  -1.87655e-06      -8.13085     -0.730569      0.814035      0.185965   7.39868e-09     -0.685416       -1.7784
00000          2500         70000    6.7095e-06  -0.000236415      -8.12746     -0.744506      0.819908      0.180092   7.45653e-09     -0.643785       -1.7812
00000          2500         71000   1.54769e-05   -8.4972e-05       -8.1242     -0.758391      0.825575      0.174425   7.51277e-09      -0.60248      -1.78512
00000          2500         72000  -0.000237839   0.000120659      -8.12105     -0.772222      0.831042      0.168958   7.56746e-09     -0.561492      -1.79018
00000          2500         73000  -0.000145978  -1.38111e-05      -8.11801        -0.786      0.836318      0.163682   7.62065e-09     -0.520809      -1.79636
00000          2500         74000   0.000158653  -0.000124293      -8.11507     -0.799723       0.84141       0.15859   7.67242e-09     -0.480423      -1.80366
00000          2500         75000   0.000149428  -5.54608e-05      -8.11223     -0.813391      0.846323      0.153677    7.7228e-09     -0.440326       -1.8121
00000          2500         76000  -0.000215639   7.89286e-05      -8.10947     -0.827003      0.851065      0.148935   7.77186e-09     -0.400507      -1.82166
00000          2500         77000  -9.66151e-05  -0.000136455      -8.10681      -0.84056      0.855642      0.144358   7.81964e-09     -0.360961      -1.83236
00000          2500         78000  -2.71296e-06   1.83661e-05      -8.10424     -0.854059       0.86006       0.13994   7.86619e-09     -0.321678      -1.84418
00000          2500         79000   1.86632e-05  -0.000156618      -8.10174     -0.867503      0.864326      0.135674   7.91156e-09     -0.282652      -1.85712
00000          2500         80000   -0.00013709  -0.000191552      -8.09932     -0.880889      0.868444      0.131556   7.95579e-09     -0.243875       -1.8712
00000          2500         81000  -0.000173456   0.000142952      -8.09697     -0.894219       0.87242       0.12758   7.99893e-09     -0.205341       -1.8864
00000          2500         82000   7.88161e-05  -9.74835e-05      -8.09469     -0.907492      0.876261      0.123739     8.041e-09     -0.167043      -1.90274
00000          2500         83000   1.53218e-05   1.44124e-05      -8.09248     -0.920708      0.879969      0.120031   8.08206e-09     -0.128975       -1.9202
00000          2500         84000  -3.30697e-05   0.000212147      -8.09033     -0.933868      0.883552      0.116448   8.12213e-09    -0.0911319      -1.93878
00000          2500         85000   4.05538e-05    5.4656e-05      -8.08824     -0.946971      0.887013      0.112987   8.16125e-09    -0.0535069       -1.9585
00000          2500         86000   6.94476e-06  -7.56286e-05      -8.08621     -0.960019      0.890357      0.109643   8.19946e-09    -0.0160949      -1.97934
00000          2500         87000  -3.75529e-05  -6.10716e-06      -8.08424      -0.97301      0.893588      0.106412   8.23679e-09     0.0211092      -2.00132
00000          2500         88000   7.28464e-05   0.000170221      -8.08232     -0.985946      0.896711      0.103289   8.27326e-09     0.0581106      -2.02442
00000          2500         89000   0.000152713   0.000105791      -8.08046     -0.998826      0.899729      0.100271   8.30891e-09     0.0949139      -2.04864
00000          2500         90000  -1.13927e-05   8.09454e-06      -8.07864      -1.01165      0.902647     0.0973528   8.34377e-09      0.131524        -2.074
00000          2500         91000   -5.6954e-07  -1.07926e-05      -8.07687      -1.02442      0.905468     0.0945318   8.37785e-09      0.167945      -2.10048
00000          2500         92000  -0.000163389  -0.000193431      -8.07514      -1.03714      0.908196      0.091804    8.4112e-09      0.204181       -2.1281
00000          2500         93000  -4.45498e-05  -5.27633e-05      -8.07346       -1.0498      0.910834     0.0891659   8.44382e-09      0.240237      -2.15684
00000          2500         94000   8.33391e-05  -1.47675e-05      -8.07182      -1.06241      0.913386     0.0866143   8.47575e-09      0.276117       -2.1867
00000          2500         95000  -2.32692e-05  -4.79149e-05      -8.07022      -1.07497      0.915854      0.084146   8.50701e-09      0.311824       -2.2177
00000          2500         96000  -6.28601e-05  -4.22989e-05      -8.06866      -1.08747      0.918242     0.0817579   8.53761e-09      0.347362      -2.24982
00000          2500         97000   0.000106654   0.000183214      -8.06714      -1.09992      0.920553     0.0794472   8.56758e-09      0.382734      -2.28308
00000          2500         98000  -5.74442e-05  -8.74329e-05      -8.06566      -1.11232      0.922789     0.0772109   8.59694e-09      0.417945      -2.31746
00000          2500         99000   1.68223e-05   3.77245e-05      -8.06421      -1.12467      0.924954     0.0750464   8.62571e-09      0.452997      -2.35296
00000          2500        100000  -5.74127e-05   8.51366e-06      -8.06279      -1.13697      0.927049     0.0729512   8.65391e-09      0.487893       -2.3896
00000          2500        101000   9.48145e-05   0.000117154       -8.0614      -1.14922      0.929077     0.0709226   8.68154e-09      0.522637      -2.42736
00000          2500        102000    1.3673e-05    3.2603e-05      -8.06005      -1.16141      0.931042     0.0689583   8.70864e-09      0.557232      -2.46626
00000          2500        103000  -2.07397e-05  -2.36789e-07      -8.05873      -1.17356      0.932944     0.0670561   8.73521e-09       0.59168      -2.50628
00000          2500        104000  -2.08326e-05   3.12478e-05      -8.05743      -1.18566      0.934786     0.0652136   8.76128e-09      0.625985      -2.54742
00000          2500        105000   -5.5046e-06  -2.64231e-05      -8.05617      -1.19771      0.936571     0.0634289   8.78684e-09      0.660148       -2.5897
00000          2500        106000  -3.38671e-05  -5.76464e-05      -8.05493      -1.20972        0.9383     0.0616998   8.81193e-09      0.694174       -2.6331
00000          2500        107000   4.72966e-05   4.65401e-05      -8.05372      -1.22167      0.939976     0.0600243   8.83655e-09      0.728063      -2.67764
00000          2500        108000  -7.05293e-06  -1.68811e-05      -8.05253      -1.23358      0.941599     0.0584007   8.86072e-09       0.76182       -2.7233
00000          2500        109000   6.75981e-06   9.82229e-06      -8.05137      -1.24544      0.943173     0.0568271   8.88445e-09      0.795445      -2.77008
00000          2500        110000  -6.29036e-06    4.8959e-05      -8.05023      -1.25726      0.944698     0.0553017   8.90774e-09      0.828942        -2.818
00000          2500        111000  -5.49034e-06  -6.51788e-06      -8.04912      -1.26903      0.946177     0.0538229   8.93062e-09      0.862312      -2.86704
00000          2500        112000    1.6688e-05  -5.61566e-07      -8.04803      -1.28076      0.947611      0.052389   8.95309e-09      0.895558      -2.91722
00000          2500        113000  -9.76328e-06   -3.6651e-06      -8.04696      -1.29244      0.949001     0.0509986   8.97517e-09      0.928682      -2.96852
00000          2500        114000  -2.85471e-06   -3.7023e-07      -8.04591      -1.30408       0.95035     0.0496501   8.99686e-09      0.961686      -3.02094
00000          2500        115000   3.50324e-05   2.63003e-05      -8.04488      -1.31567      0.951658     0.0483422   9.01817e-09      0.994572       -3.0745
00000          2500        116000   2.71315e-05  -4.59941e-05      -8.04387      -1.32723      0.952927     0.0470733   9.03912e-09       1.02734      -3.12918
00000          2500        117000  -1.37959e-05  -4.74206e-06      -8.04289      -1.33873      0.954158     0.0458423   9.05971e-09          1.06        -3.185
00000          2500        118000  -1.31746e-05  -2.63615e-05      -8.04192       -1.3502      0.955352     0.0446478   9.07996e-09       1.09254      -3.24194
00000          2500        119000   2.21042e-05  -1.07357e-05      -8.04097      -1.36162      0.956511     0.0434886   9.09986e-09       1.12497          -3.3
00000          2500        120000  -5.41484e-07  -8.36168e-06      -8.04003      -1.37301      0.957636     0.0423636   9.11943e-09        1.1573       -3.3592
00000          2500        121000   1.65628e-05  -2.07541e-05      -8.03912      -1.38435      0.958728     0.0412715   9.13868e-09       1.18951      -3.41952
00000          2500        122000  -7.25503e-06  -1.36045e-05      -8.03822      -1.39565      0.959789     0.0402113   9.15762e-09       1.22162      -3.48098
00000          2500        123000  -2.62534e-05   1.34882e-06      -8.03734      -1.40691      0.960818      0.039182   9.17624e-09       1.25363      -3.54356
00000          2500        124000  -1.12455e-05  -2.43874e-05      -8.03647      -1.41814      0.961817     0.0381826   9.19457e-09       1.28553      -3.60726
00000          2500        125000   -5.5167e-07   9.30679e-06      -8.03562      -1.42932      0.962788     0.0372119    9.2126e-09       1.31734       -3.6721
00000          2500        126000   0.000168756   1.64389e-05      -8.03478      -1.44046      0.963731     0.0362692   9.23034e-09       1.34904      -3.73806
00000          2500        127000   4.46929e-05   -6.6557e-06      -8.03396      -1.45157      0.964646     0.0353535    9.2478e-09       1.38064      -3.80516
00000          2500        128000   6.28706e-06   7.01151e-06      -8.03316      -1.46263      0.965536      0.034464   9.26499e-09       1.41215      -3.87338
00000          2500        129000   6.41389e-06  -1.59362e-06      -8.03236      -1.47366        0.9664     0.0335997   9.28191e-09       1.44357      -3.94272
00000          2500        130000   2.98693e-05  -3.50164e-05      -8.03158      -1.48466       0.96724     0.0327599   9.29856e-09       1.47489       -4.0132
00000          2500        131000  -2.86452e-06  -5.31645e-06      -8.03082      -1.49561      0.968056     0.0319438   9.31496e-09       1.50611       -4.0848
00000          2500        132000  -5.11974e-06   1.41075e-05      -8.03007      -1.50653      0.968849     0.0311507   9.33111e-09       1.53725      -4.15754
00000          2500        133000   2.28035e-05  -6.90022e-05      -8.02933      -1.51742       0.96962     0.0303798     9.347e-09       1.56829       -4.2314
00000          2500        134000  -6.86561e-06  -3.76815e-06       -8.0286      -1.52826       0.97037     0.0296303   9.36266e-09       1.59925      -4.30638
00000          2500        135000   9.51131e-06  -3.14125e-05      -8.02789      -1.53908      0.971098     0.0289018   9.37808e-09       1.63012       -4.3825
00000          2500        136000  -2.73692e-07  -5.23537e-06      -8.02718      -1.54985      0.971807     0.0281934   9.39327e-09        1.6609      -4.45974
00000          2500        137000   8.28938e-06  -5.12583e-05      -8.02649       -1.5606      0.972495     0.0275046   9.40823e-09       1.69159      -4.53812
00000          2500        138000  -1.15421e-05  -3.26398e-06      -8.02581       -1.5713      0.973165     0.0268347   9.42297e-09        1.7222      -4.61762
00000          2500        139000  -2.83116e-06  -3.16622e-05      -8.02514      -1.58198      0.973817     0.0261832   9.43749e-09       1.75273      -4.69824
00000          2500        140000  -2.74148e-05  -2.28184e-05      -8.02449      -1.59262      0.974451     0.0255495    9.4518e-09       1.78318         -4.78
00000          2500        141000   5.03986e-05   3.55487e-05      -8.02384      -1.60323      0.975067      0.024933   9.46589e-09       1.81354      -4.86288
00000          2500        142000  -5.87125e-06   1.95131e-05       -8.0232       -1.6138      0.975667     0.0243333   9.47978e-09       1.84382       -4.9469
00000          2500        143000   -2.1386e-05  -6.57051e-06      -8.02257      -1.62434       0.97625     0.0237497   9.49347e-09       1.87403      -5.03204
00000          2500        144000     3.244e-06   5.61378e-06      -8.02196      -1.63485      0.976818     0.0231819   9.50696e-09       1.90415       -5.1183
00000          2500        145000   8.52537e-06  -5.11318e-06      -8.02135      -1.64533      0.977371     0.0226293   9.52025e-09        1.9342       -5.2057
00000          2500        146000   9.07848e-05   8.02245e-05      -8.02075      -1.65577      0.977908     0.0220915   9.53336e-09       1.96417      -5.29422
00000          2500        147000   2.94988e-05   1.06383e-05      -8.02017      -1.66619      0.978432     0.0215681   9.54627e-09       1.99407      -5.38388
00000          2500        148000   1.78893e-05   6.04044e-06      -8.01959      -1.67657      0.978941     0.0210585     9.559e-09       2.02389      -5.47466
00000          2500        149000    1.9438e-05   4.21774e-06      -8.01902      -1.68692      0.979438     0.0205625   9.57155e-09       2.05364      -5.56656
00000          2500        150000  -1.32167e-05  -5.61298e-06      -8.01846      -1.69725       0.97992     0.0200795   9.58391e-09       2.08331       -5.6596
00000          2500        151000   3.89633e-06  -2.17373e-05       -8.0179      -1.70754      0.980391     0.0196093   9.59611e-09       2.11291      -5.75376
00000          2500        152000   1.56449e-06   1.27751e-07      -8.01736       -1.7178      0.980849     0.0191513   9.60813e-09       2.14244      -5.84906
00000          2500        153000   1.35284e-05   5.58718e-06      -8.01683      -1.72803      0.981295     0.0187054   9.61998e-09        2.1719      -5.94548
00000          2500        154000   -4.7256e-06   2.16874e-06       -8.0163      -1.73824      0.981729     0.0182711   9.63166e-09       2.20129      -6.04302
00000          2500        155000  -9.03683e-06   3.88274e-06      -8.01578      -1.74841      0.982152      0.017848   9.64318e-09       2.23061       -6.1417
00000          2500        156000  -2.87681e-06  -5.14694e-06      -8.01527      -1.75856      0.982564     0.0174359   9.65454e-09       2.25986       -6.2415
00000          2500        157000  -1.10155e-05  -7.24447e-06      -8.01476      -1.76867      0.982966     0.0170344   9.66574e-09       2.28905      -6.34244
00000          2500        158000   1.29651e-05  -2.74254e-06      -8.01427      -1.77876      0.983357     0.0166433   9.67678e-09       2.31817       -6.4445
00000          2500        159000   9.12166e-06   1.50338e-05      -8.01378      -1.78882      0.983738     0.0162622   9.68767e-09       2.34722      -6.54768
00000          2500        160000   1.65951e-05  -7.35598e-06       -8.0133      -1.79885      0.984109     0.0158908   9.69841e-09        2.3762        -6.652
00000          2500        161000  -1.21458e-05  -3.19819e-05      -8.01283      -1.80886      0.984471     0.0155289   9.70899e-09       2.40512      -6.75744
00000          2500        162000   7.54728e-06  -3.36372e-06      -8.01236      -1.81884      0.984824     0.0151762   9.71943e-09       2.43398      -6.86402
00000          2500        163000   4.43425e-06  -6.44672e-06       -8.0119      -1.82879      0.985168     0.0148324   9.72973e-09       2.46277      -6.97172
00000          2500        164000   1.77796e-05   5.00251e-05      -8.01145      -1.83871      0.985503     0.0144973   9.73988e-09        2.4915      -7.08054
00000          2500        165000   3.19387e-05  -2.17127e-05        -8.011      -1.84861      0.985829     0.0141706   9.74989e-09       2.52017       -7.1905
00000          2500        166000  -1.11061e-05   1.48294e-05      -8.01056      -1.85848      0.986148     0.0138522   9.75976e-09       2.54877      -7.30158
00000          2500        167000   -1.0928e-05   2.55446e-06      -8.01013      -1.86833      0.986458     0.0135417    9.7695e-09       2.57732       -7.4138
00000          2500        168000   1.54442e-06   4.01144e-05       -8.0097      -1.87815      0.986761     0.0132389    9.7791e-09        2.6058      -7.52714
00000          2500        169000  -2.26349e-05  -5.48243e-05      -8.00928      -1.88794      0.987056     0.0129437   9.78857e-09       2.63423       -7.6416
00000          2500        170000   2.74627e-05    2.9525e-05      -8.00887      -1.89771      0.987344     0.0126558    9.7979e-09       2.66259       -7.7572
00000          2500        171000  -4.26034e-05   1.19688e-05      -8.00846      -1.90745      0.987625      0.012375   9.80711e-09        2.6909      -7.87392
00000          2500        172000  -4.16934e-05   5.38915e-05      -8.00806      -1.91717      0.987899     0.0121012   9.81619e-09       2.71914      -7.99178
00000          2500        173000   2.73803e-06  -1.83006e-05      -8.00766      -1.92687      0.988166     0.0118341   9.82514e-09       2.74733      -8.11076
00000          2500        174000  -1.73647e-05  -2.52776e-05      -8.00727      -1.93654      0.988426     0.0115735   9.83397e-09       2.77547      -8.23086
00000          2500        175000    -0.0275175    -0.0173508      -8.00689      -1.94618      0.988681     0.0113193   9.84269e-09       2.80354       -8.3521
00000          2500        176000    4.3548e-05   1.72731e-08      -8.00651       -1.9558      0.988929     0.0110713   9.85126e-09       2.83156      -8.47446
00000          2500        177000   2.15339e-06    8.1663e-06      -8.00614       -1.9654      0.989171     0.0108293   9.85973e-09       2.85953      -8.59796
00000          2500        178000   7.55461e-06  -6.04529e-06      -8.00577      -1.97497      0.989407     0.0105932   9.86807e-09       2.88744      -8.72258
00000          2500        179000   5.51957e-06  -1.38654e-05      -8.00541      -1.98452      0.989637     0.0103628    9.8763e-09       2.91529      -8.84832
00000          2500        180000   -1.2922e-05   -5.8016e-06      -8.00505      -1.99405      0.989862      0.010138   9.88442e-09       2.94309       -8.9752
00000          2500        181000   2.79147e-05   1.93571e-05       -8.0047      -2.00355      0.990081    0.00991852   9.89242e-09       2.97084       -9.1032
00000          2500        182000   1.43248e-06  -3.34878e-05      -8.00435      -2.01303      0.990296    0.00970435   9.90031e-09       2.99853      -9.23234
00000          2500        183000  -1.37747e-06  -1.18079e-05      -8.00401      -2.02249      0.990505    0.00949529   9.90809e-09       3.02618       -9.3626
00000          2500        184000  -2.05931e-05  -4.23238e-06      -8.00367      -2.03193      0.990709    0.00929122   9.91576e-09       3.05376      -9.49398
00000          2500        185000  -2.04475e-05  -7.99495e-06      -8.00334      -2.04134      0.990908      0.009092   9.92332e-09        3.0813       -9.6265
00000          2500        186000  -2.94375e-05  -5.44082e-05      -8.00302      -2.05073      0.991102    0.00889751   9.93077e-09       3.10879      -9.76014
00000          2500        187000  -1.03027e-05  -6.29967e-06       -8.0027       -2.0601      0.991292    0.00870762   9.93812e-09       3.13622      -9.89492
00000          2500        188000  -3.72966e-07   2.87933e-06      -8.00238      -2.06945      0.991478    0.00852221   9.94536e-09       3.16361      -10.0308
00000          2500        189000  -9.77523e-06   1.35529e-05      -8.00207      -2.07877      0.991659    0.00834116    9.9525e-09       3.19094      -10.1678
00000          2500        190000   4.48694e-07  -2.57673e-05      -8.00176      -2.08808      0.991836    0.00816437   9.95954e-09       3.21823       -10.306
00000          2500        191000  -1.64279e-06   1.86832e-06      -8.00146      -2.09736      0.992008    0.00799171   9.96647e-09       3.24546      -10.4453
00000          2500        192000   1.52053e-05   4.63527e-06      -8.00116      -2.10662      0.992177    0.00782308   9.97331e-09       3.27265      -10.5857
00000          2500        193000   3.27908e-06   4.67246e-06      -8.00087      -2.11586      0.992342    0.00765838   9.98004e-09       3.29979      -10.7272
00000          2500        194000  -1.08108e-06   7.33024e-07      -8.00058      -2.12508      0.992502    0.00749751   9.98668e-09       3.32688      -10.8699
00000          2500        195000  -9.23128e-06  -1.35373e-05      -8.00029      -2.13428       0.99266    0.00734037   9.99322e-09       3.35392      -11.0137
00000          2500        196000  -5.37041e-06    2.8967e-07      -8.00001      -2.14346      0.992813    0.00718686   9.99967e-09       3.38091      -11.1586
00000          2500        197000   0.000866458   0.000457429      -7.99974      -2.15257      0.992962    0.00703772    1.0006e-08       3.40776      -11.3047
00000          2500        198000    0.00043267   -0.00032139      -7.99936      -2.16176       0.99311    0.00689037   1.00147e-08       3.43476      -11.4519
00000          2500        199000   7.73573e-06   3.11534e-05       -7.9991      -2.17088      0.993253    0.00674721   1.00208e-08       3.46162      -11.6002
00000          2500        200000   2.09873e-05   3.11814e-05      -7.99883      -2.17997      0.993393    0.00660732   1.00269e-08       3.48843      -11.7496
00000          2500        201000  -1.35251e-06   6.25933e-06      -7.99857      -2.18905      0.993529    0.00647063   1.00329e-08       3.51519      -11.9002
00000          2500        202000   4.78991e-07   3.70896e-06      -7.99832      -2.19811      0.993663    0.00633706   1.00388e-08       3.54191      -12.0519
00000          2500        203000  -1.75342e-06  -2.26015e-06      -7.99807      -2.20715      0.993793    0.00620651   1.00446e-08       3.56859      -12.2047
00000          2500        204000   1.43047e-05  -5.70768e-06      -7.99782      -2.21617      0.993921    0.00607893   1.00503e-08       3.59522      -12.3586
00000          2500        205000   1.70538e-06   3.93698e-05      -7.99758      -2.22517      0.994046    0.00595423    1.0056e-08        3.6218      -12.5137
00000          2500        206000  -1.92131e-05  -1.30645e-05      -7.99734      -2.23416      0.994168    0.00583235   1.00615e-08       3.64834      -12.6699
00000          2500        207000  -3.69415e-05   2.62298e-07       -7.9971      -2.24312      0.994287    0.00571321    1.0067e-08       3.67484      -12.8272
00000          2500        208000  -3.00195e-05   1.47569e-05      -7.99687      -2.25206      0.994403    0.00559674   1.00724e-08        3.7013      -12.9857
00000          2500        209000   8.61476e-06  -3.08623e-06      -7.99664      -2.26099      0.994517    0.00548288   1.00777e-08       3.72771      -13.1453
00000          2500        210000  -6.70721e-05   -2.2249e-05      -7.99641       -2.2699      0.994628    0.00537157   1.00829e-08       3.75408       -13.306
00000          2500        211000    6.4302e-07   1.00799e-05      -7.99619      -2.27879      0.994737    0.00526274    1.0088e-08       3.78041      -13.4678
00000          2500        212000  -2.94967e-07  -1.83654e-06      -7.99598      -2.28766      0.994844    0.00515633   1.00931e-08       3.80669      -13.6308
00000          2500        213000   5.39388e-05    2.5829e-05      -7.99576      -2.29651      0.994948    0.00505228    1.0098e-08       3.83294      -13.7949
00000          2500        214000   8.94406e-06  -1.63915e-05      -7.99555      -2.30535      0.995049    0.00495053   1.01029e-08       3.85914      -13.9601
00000          2500        215000  -9.56526e-07  -3.93626e-06      -7.99535      -2.31417      0.995149    0.00485104   1.01077e-08        3.8853      -14.1265
00000          2500        216000  -1.29391e-05  -1.61265e-05      -7.99514      -2.32297      0.995246    0.00475373   1.01125e-08       3.91142       -14.294
00000          2500        217000  -7.87883e-06  -6.42824e-06      -7.99494      -2.33175      0.995341    0.00465857   1.01171e-08        3.9375      -14.4626
00000          2500        218000   1.29979e-05   7.58021e-06      -7.99475      -2.34051      0.995434    0.00456549   1.01217e-08       3.96354      -14.6323
00000          2500        219000   5.50778e-06  -4.56939e-06      -7.99455      -2.34926      0.995526    0.00447445   1.01262e-08       3.98955      -14.8032
00000          2500        220000  -3.95782e-06   3.41995e-06      -7.99436      -2.35799      0.995615     0.0043854   1.01306e-08       4.01551      -14.9752
00000          2500        221000  -3.28049e-05  -2.59561e-05      -7.99418       -2.3667      0.995702     0.0042983    1.0135e-08       4.04143      -15.1483
00000          2500        222000   2.32203e-06   5.83575e-07        -7.994       -2.3754      0.995787    0.00421308   1.01392e-08       4.06731      -15.3226
00000          2500        223000   3.76928e-06   3.98075e-06      -7.99382      -2.38408       0.99587    0.00412972   1.01434e-08       4.09316       -15.498
00000          2500        224000  -2.75836e-05  -3.17044e-05      -7.99364      -2.39274      0.995952    0.00404816   1.01475e-08       4.11896      -15.6745
00000          2500        225000  -8.31045e-07  -1.65436e-06      -7.99347      -2.40139      0.996032    0.00396836   1.01516e-08       4.14473      -15.8521
00000          2500        226000    1.0214e-05  -5.13886e-07       -7.9933      -2.41002       0.99611    0.00389029   1.01556e-08       4.17046      -16.0309
00000          2500        227000      0.021856     0.0147036      -7.99313      -2.41863      0.996186    0.00381389   1.01595e-08       4.19615      -16.2108
00000          2500        228000   4.19444e-07   1.37697e-05      -7.99296      -2.42723      0.996261    0.00373914   1.01633e-08        4.2218      -16.3918
00000          2500        229000  -1.09425e-05   -8.4372e-06       -7.9928      -2.43581      0.996334    0.00366599   1.01671e-08       4.24742      -16.5739
00000          2500        230000  -1.23931e-05  -1.22818e-05      -7.99265      -2.44437      0.996406     0.0035944   1.01708e-08         4.273      -16.7572
00000          2500        231000   5.21859e-06   2.66441e-06      -7.99249      -2.45292      0.996476    0.00352433   1.01744e-08       4.29854      -16.9416
00000          2500        232000   2.53529e-06   3.25948e-06      -7.99234      -2.46146      0.996544    0.00345576    1.0178e-08       4.32405      -17.1271
00000          2500        233000  -7.73277e-06   1.12528e-05      -7.99219      -2.46997      0.996611    0.00338865   1.01814e-08       4.34952      -17.3138
00000          2500        234000  -1.02724e-05   2.51191e-06      -7.99204      -2.47847      0.996677    0.00332296   1.01849e-08       4.37495      -17.5016
00000          2500        235000   8.61663e-07   3.08845e-06       -7.9919      -2.48696      0.996741    0.00325866   1.01882e-08       4.40035      -17.6905
00000          2500        236000  -1.51482e-05  -1.16704e-05      -7.99176      -2.49543      0.996804    0.00319572   1.01915e-08       4.42571      -17.8805
00000          2500        237000   3.30149e-05  -2.19013e-05      -7.99162      -2.50389      0.996866     0.0031341   1.01947e-08       4.45104      -18.0717
00000          2500        238000  -4.77074e-06  -6.60992e-07      -7.99149      -2.51233      0.996926    0.00307378   1.01979e-08       4.47633       -18.264
00000          2500        239000   3.07469e-05  -1.73973e-06      -7.99136      -2.52075      0.996985    0.00301473    1.0201e-08       4.50159      -18.4574
00000          2500        240000   8.76721e-06   1.67883e-06      -7.99123      -2.52916      0.997043    0.00295691    1.0204e-08       4.52681       -18.652
00000          2500        241000   2.31897e-05   1.33121e-06       -7.9911      -2.53756        0.9971     0.0029003    1.0207e-08         4.552      -18.8477
00000          2500        242000  -2.69774e-06  -7.96285e-06      -7.99098      -2.54594      0.997155    0.00284488   1.02099e-08       4.57715      -19.0445
00000          2500        243000   1.03724e-05   6.17346e-06      -7.99086       -2.5543      0.997209     0.0027906   1.02127e-08       4.60227      -19.2424
00000          2500        244000   6.33752e-06   1.44362e-06      -7.99074      -2.56265      0.997263    0.00273746   1.02155e-08       4.62735      -19.4415
00000          2500        245000   2.65406e-05  -8.72066e-06      -7.99063      -2.57099      0.997315    0.00268542   1.02182e-08       4.65241      -19.6417
00000          2500        246000   8.16984e-06    1.8517e-05      -7.99051      -2.57931      0.997366    0.00263445   1.02208e-08       4.67742       -19.843
00000          2500        247000  -3.12805e-05  -5.99814e-06       -7.9904      -2.58762      0.997415    0.00258454   1.02234e-08       4.70241      -20.0455
00000          2500        248000  -2.74304e-05  -1.12333e-05       -7.9903      -2.59591      0.997464    0.00253566   1.02259e-08       4.72736      -20.2491
00000          2500        249000  -2.21135e-05    1.4887e-05      -7.99019      -2.60419      0.997512    0.00248778   1.02284e-08       4.75228      -20.4538
00000          2500        250000   3.28072e-05   1.12534e-05      -7.99009      -2.61245      0.997559    0.00244088   1.02308e-08       4.77716      -20.6596
00000          2500        251000    8.1294e-06  -1.54873e-06      -7.98999       -2.6207      0.997605    0.00239495   1.02331e-08       4.80202      -20.8666
00000          2500        252000   5.86644e-06   -2.9448e-05      -7.98989      -2.62894       0.99765    0.00234996   1.02354e-08       4.82684      -21.0747
00000          2500        253000  -1.27996e-05  -3.01534e-05       -7.9898      -2.63716      0.997694    0.00230589   1.02377e-08       4.85163      -21.2839
00000          2500        254000     5.081e-06   -1.0275e-05      -7.98971      -2.64537      0.997737    0.00226271   1.02398e-08       4.87638      -21.4942
00000          2500        255000   1.72858e-06  -8.93998e-06      -7.98962      -2.65357       0.99778    0.00222042   1.02419e-08       4.90111      -21.7057
00000          2500        256000   2.26017e-06   1.42466e-06      -7.98953      -2.66175      0.997821    0.00217898    1.0244e-08        4.9258      -21.9183
00000          2500        257000   8.54097e-06   5.44563e-06      -7.98945      -2.66991      0.997862    0.00213838    1.0246e-08       4.95047       -22.132
00000          2500        258000   1.02024e-05  -6.13058e-07      -7.98936      -2.67807      0.997901    0.00209861   1.02479e-08        4.9751      -22.3469
00000          2500        259000  -1.70145e-05   1.96954e-06      -7.98928      -2.68621       0.99794    0.00205963   1.02498e-08        4.9997      -22.5629
00000          2500        260000  -1.71107e-05   5.72126e-06      -7.98921      -2.69434      0.997979    0.00202145   1.02516e-08       5.02427        -22.78
00000          2500        261000  -1.43306e-05   9.37465e-06      -7.98913      -2.70245      0.998016    0.00198403   1.02534e-08       5.04881      -22.9982
00000          2500        262000   1.92163e-05  -1.02583e-05      -7.98906      -2.71055      0.998053    0.00194736   1.02551e-08       5.07331      -23.2176
00000          2500        263000  -1.83878e-06    8.4723e-06      -7.98899      -2.71864      0.998089    0.00191143   1.02568e-08       5.09779      -23.4381
00000          2500        264000   4.14808e-06    1.4042e-05      -7.98892      -2.72672      0.998124    0.00187622   1.02584e-08       5.12224      -23.6597
00000          2500        265000  -4.36665e-05  -1.99023e-05      -7.98885      -2.73478      0.998158    0.00184171     1.026e-08       5.14666      -23.8825
00000          2500        266000   4.68062e-06  -8.45597e-07      -7.98879      -2.74283      0.998192    0.00180789   1.02615e-08       5.17104      -24.1064
00000          2500        267000   1.63618e-05  -5.31059e-06      -7.98873      -2.75086      0.998225    0.00177474   1.02629e-08        5.1954      -24.3314
00000          2500        268000  -1.60214e-06   1.23795e-06      -7.98867      -2.75889      0.998258    0.00174226   1.02643e-08       5.21973      -24.5575
00000          2500        269000  -2.14041e-06   1.54585e-06      -7.98861       -2.7669       0.99829    0.00171041   1.02656e-08       5.24403      -24.7848
00000          2500        270000     0.0256921     0.0162348      -7.98856       -2.7749      0.998321     0.0016792   1.02669e-08        5.2683      -25.0132
00000          2500        271000   1.50554e-05   4.60229e-06      -7.98851      -2.78288      0.998351     0.0016486   1.02682e-08       5.29254      -25.2427
00000          2500        272000  -9.81744e-06  -2.07549e-05      -7.98846      -2.79086      0.998381    0.00161861   1.02694e-08       5.31675      -25.4734
00000          2500        273000  -2.01865e-05   -3.6041e-06      -7.98841      -2.79882      0.998411    0.00158921   1.02705e-08       5.34094      -25.7052
00000          2500        274000  -6.51184e-07   7.87324e-06      -7.98836      -2.80677       0.99844    0.00156039   1.02716e-08       5.36509      -25.9381
00000          2500        275000   1.75346e-05   1.22836e-05      -7.98832       -2.8147      0.998468    0.00153213   1.02726e-08       5.38922      -26.1721
00000          2500        276000   3.90279e-06   1.38434e-05      -7.98828      -2.82263      0.998496    0.00150443   1.02736e-08       5.41331      -26.4073
00000          2500        277000  -3.98904e-06   3.39637e-06      -7.98824      -2.83054      0.998523    0.00147727   1.02745e-08       5.43738      -26.6436
00000          2500        278000   1.82538e-05   1.49444e-06       -7.9882      -2.83844      0.998549    0.00145063   1.02754e-08       5.46143       -26.881
00000          2500        279000   2.75119e-06  -8.80667e-07      -7.98817      -2.84633      0.998575    0.00142452   1.02762e-08       5.48544      -27.1195
00000          2500        280000  -9.21282e-06   2.04907e-06      -7.98813      -2.85421      0.998601    0.00139892    1.0277e-08       5.50943      -27.3592
00000          2500        281000  -2.17375e-06   2.47225e-06       -7.9881      -2.86207      0.998626    0.00137381   1.02778e-08       5.53338         -27.6
00000          2500        282000  -8.40722e-07   3.18221e-06      -7.98807      -2.86992      0.998651     0.0013492   1.02784e-08       5.55732      -27.8419
00000          2500        283000  -2.70109e-05  -3.52434e-05      -7.98805      -2.87777      0.998675    0.00132505   1.02791e-08       5.58122       -28.085
00000          2500        284000   2.16705e-05   3.06495e-05      -7.98802       -2.8856      0.998699    0.00130138   1.02797e-08        5.6051      -28.3292
00000          2500        285000  -9.43229e-06  -4.34826e-06        -7.988      -2.89341      0.998722    0.00127816   1.02802e-08       5.62895      -28.5745
00000          2500        286000   2.34949e-06  -3.69296e-06      -7.98798      -2.90122      0.998745    0.00125539   1.02807e-08       5.65277      -28.8209
00000          2500        287000  -1.17031e-05    1.3385e-05      -7.98796      -2.90902      0.998767    0.00123306   1.02812e-08       5.67657      -29.0685
00000          2500        288000   2.00828e-06   2.40087e-05      -7.98794       -2.9168      0.998789    0.00121116   1.02816e-08       5.70034      -29.3172
00000          2500        289000  -9.67042e-06  -7.82442e-06      -7.98793      -2.92457       0.99881    0.00118967   1.02819e-08       5.72408       -29.567
00000          2500        290000  -6.57447e-06  -1.09544e-05      -7.98791      -2.93233      0.998831     0.0011686   1.02822e-08        5.7478       -29.818
00000          2500        291000  -3.71767e-06   6.96768e-06       -7.9879      -2.94008      0.998852    0.00114793   1.02825e-08       5.77149      -30.0701
00000          2500        292000  -4.78528e-06  -6.76532e-06      -7.98789      -2.94782      0.998872    0.00112766   1.02827e-08       5.79515      -30.3233
00000          2500        293000   1.25451e-05  -9.05167e-06      -7.98788      -2.95555      0.998892    0.00110777   1.02829e-08       5.81879      -30.5776
00000          2500        294000   1.71354e-05    1.2818e-05      -7.98788      -2.96327      0.998912    0.00108826    1.0283e-08        5.8424      -30.8331
00000          2500        295000   1.07845e-05  -3.43725e-06      -7.98787      -2.97097      0.998931    0.00106912   1.02831e-08       5.86599      -31.0897
00000          2500        296000   6.73265e-06   3.75629e-07      -7.98787      -2.97867       0.99895    0.00105035   1.02832e-08       5.88955      -31.3474
00000          2500        297000    8.4081e-08   -6.9855e-07      -7.98787      -2.98635      0.998968    0.00103193   1.02832e-08       5.91309      -31.6063
00000          2500        298000  -7.43254e-07   1.55971e-05      -7.98788      -2.99402      0.998986    0.00101386   1.02831e-08        5.9366      -31.8663
00000          2500        299000   1.18587e-05   -1.4483e-05      -7.98788      -3.00169      0.999004   0.000996127    1.0283e-08       5.96009      -32.1274
00000          2500        300000  -6.82991e-06  -1.60624e-05      -7.98788      -3.00934      0.999021   0.000978731   1.02829e-08       5.98355      -32.3896

