00000          2500          1000    -0.0633548    0.00967222      -11.0705   -0.00109847    0.00252613      0.997474     8.502e-12      -8.02861      -4.23456
00000          2500          2000   -0.00149257   0.000620003      -10.7222   -0.00240495    0.00552229      0.994478   1.89593e-11      -7.33377      -4.16066
00000          2500          3000     -0.105321     0.0140571      -10.5038   -0.00389032     0.0089178      0.991082   3.13469e-11      -6.89494      -4.08788
00000          2500          4000   -0.00444078    0.00885444      -10.3416    -0.0055167     0.0126223      0.987378   4.55426e-11      -6.56472      -4.01622
00000          2500          5000   -0.00197911     1.082e-05      -10.2124   -0.00723417     0.0165193      0.983481   6.13135e-11       -6.2971       -3.9457
00000          2500          6000    6.2509e-05   0.000293229      -10.0852   -0.00914388     0.0208345      0.979166   8.21869e-11      -6.04334       -3.8763
00000          2500          7000   0.000119486   0.000676313      -9.97162     -0.011341     0.0257756      0.974224   1.06753e-10      -5.81682      -3.80804
00000          2500          8000  -0.000930317   0.000155882      -9.86843    -0.0138434     0.0313729      0.968627   1.35385e-10      -5.61051       -3.7409
00000          2500          9000  -0.000152244  -0.000830304      -9.77354     -0.016669     0.0376545      0.962345   1.68445e-10         -5.42      -3.67488
00000          2500         10000  -0.000402577   0.000644423      -9.68554    -0.0198347     0.0446438      0.955356   2.06283e-10       -5.2423         -3.61
00000          2500         11000   0.000545785  -0.000318469       -9.6034    -0.0233557      0.052358      0.947642   2.49231e-10      -5.07528      -3.54624
00000          2500         12000   0.000272899   7.52535e-06      -9.52637    -0.0272455     0.0608078      0.939192   2.97596e-10      -4.91739      -3.48362
00000          2500         13000  -0.000242632   8.47183e-07      -9.45389    -0.0315156     0.0699968      0.930003   3.51653e-10      -4.76746      -3.42212
00000          2500         14000  -0.000183055   -0.00017474      -9.38548    -0.0361752     0.0799216      0.920078    4.1164e-10      -4.62456      -3.36174
00000          2500         15000   7.94147e-05  -0.000162353       -9.3208    -0.0412317      0.090572      0.909428   4.77754e-10      -4.48795       -3.3025
00000          2500         16000    0.00019776   1.07083e-05      -9.25952    -0.0466904      0.101931      0.898069   5.50143e-10      -4.35703      -3.24438
00000          2500         17000   6.23134e-06  -6.43158e-07      -9.20141    -0.0525551      0.113977      0.886023   6.28908e-10      -4.23131       -3.1874
00000          2500         18000   3.94278e-05   1.88092e-05      -9.14624    -0.0588277      0.126682      0.873318   7.14097e-10      -4.11036      -3.13154
00000          2500         19000   4.19558e-05   4.75599e-05      -9.09382    -0.0655092      0.140015      0.859985   8.05704e-10      -3.99382       -3.0768
00000          2500         20000  -8.00326e-06  -7.31117e-06      -9.04399    -0.0725991      0.153941      0.846059   9.03671e-10      -3.88138       -3.0232
00000          2500         21000  -1.31631e-05  -4.47875e-05      -8.99659    -0.0800961       0.16842       0.83158   1.00788e-09      -3.77275      -2.97072
00000          2500         22000  -1.68097e-06  -1.56266e-05      -8.95149    -0.0879981      0.183414      0.816586   1.11818e-09       -3.6677      -2.91938
00000          2500         23000  -1.09654e-05   3.46104e-06      -8.90856    -0.0963021      0.198879      0.801121   1.23434e-09        -3.566      -2.86916
00000          2500         24000   1.28184e-05  -2.80034e-05       -8.8677     -0.105005      0.214773      0.785227   1.35611e-09      -3.46746      -2.82006
00000          2500         25000   1.64776e-05   2.29964e-05       -8.8288     -0.114101      0.231049      0.768951   1.48319e-09      -3.37189       -2.7721
00000          2500         26000   5.00563e-06  -1.14301e-05      -8.79176     -0.123587      0.247662      0.752338   1.61524e-09      -3.27912      -2.72526
00000          2500         27000  -1.30354e-05   6.26971e-06       -8.7565     -0.133457      0.264566      0.735434   1.75187e-09        -3.189      -2.67956
00000          2500         28000  -5.46283e-06  -1.52209e-05      -8.72292     -0.143703      0.281715      0.718285    1.8927e-09      -3.10139      -2.63498
00000          2500         29000  -8.19757e-06   1.53028e-05      -8.69094      -0.15432      0.299061      0.700939   2.03731e-09      -3.01616      -2.59152
00000          2500         30000     -0.026314    -0.0116648       -8.6605     -0.165298      0.316558      0.683442   2.18526e-09      -2.93318       -2.5492
00000          2500         31000   9.52414e-06  -1.45375e-05      -8.63151      -0.17663       0.33416       0.66584    2.3361e-09      -2.85233        -2.508
00000          2500         32000  -3.95695e-06  -7.73084e-06      -8.60391     -0.188304       0.35182       0.64818   2.48939e-09       -2.7735      -2.46794
00000          2500         33000   -0.00875636    0.00163804      -8.57762     -0.200311      0.369494      0.630506   2.64469e-09       -2.6966        -2.429
00000          2500         34000   1.86523e-05   7.10114e-06       -8.5526     -0.212638      0.387139      0.612861   2.80157e-09      -2.62152      -2.39118
00000          2500         35000   6.76635e-07   8.32623e-06      -8.52876     -0.225273      0.404712      0.595288   2.95962e-09      -2.54817       -2.3545
00000          2500         36000   -0.00904132  -0.000341387      -8.50607     -0.238202      0.422173      0.577827   3.11842e-09      -2.47647      -2.31894
00000          2500         37000  -0.000249797   0.000640812      -8.48444     -0.251411      0.439483      0.560517   3.27761e-09      -2.40634      -2.28452
00000          2500         38000    0.00598395   0.000514544      -8.46384     -0.264885      0.456605      0.543395   3.43684e-09      -2.33769      -2.25122
00000          2500         39000   -0.00765361    0.00113981      -8.44421     -0.278608      0.473508      0.526492    3.5958e-09      -2.27046      -2.21904
00000          2500         40000  -9.30781e-06  -5.01447e-06      -8.42549     -0.292565      0.490158      0.509842   3.75417e-09      -2.20458        -2.188
00000          2500         41000    -0.0010836    0.00548454      -8.40763     -0.306739      0.506529      0.493471   3.91172e-09      -2.13997      -2.15808
00000          2500         42000  -0.000194736   0.000807191       -8.3906     -0.321114      0.522596      0.477404   4.06821e-09      -2.07658       -2.1293
00000          2500         43000    0.00324936    0.00297045      -8.37433     -0.335673      0.538335      0.461665   4.22343e-09      -2.01435      -2.10164
00000          2500         44000    0.00225275    0.00104953       -8.3588     -0.350401      0.553729      0.446271   4.37723e-09      -1.95323       -2.0751
00000          2500         45000   -0.00179406   0.000969746      -8.34395     -0.365282      0.568761      0.431239   4.52947e-09      -1.89316       -2.0497
00000          2500         46000   -0.00221467    -0.0010636      -8.32975     -0.380299      0.583418      0.416582   4.68002e-09      -1.83408      -2.02542
00000          2500         47000  -0.000716753    -0.0012269      -8.31616     -0.395438      0.597689      0.402311    4.8288e-09      -1.77597      -2.00228
00000          2500         48000   -0.00170953   -0.00121235      -8.30314     -0.410685      0.611568      0.388432   4.97574e-09      -1.71876      -1.98026
00000          2500         49000    0.00143621    0.00327262      -8.29066     -0.426024      0.625048      0.374952    5.1208e-09      -1.66242      -1.95936
00000          2500         50000   -0.00220611  -0.000853358      -8.27869     -0.441444      0.638127      0.361873   5.26394e-09      -1.60692       -1.9396
00000          2500         51000   -0.00601637   0.000201558      -8.26719     -0.456931      0.650804      0.349196   5.40515e-09       -1.5522      -1.92096
00000          2500         52000     0.0024574   -0.00015087      -8.25614     -0.472474      0.663081      0.336919   5.54443e-09      -1.49824      -1.90346
00000          2500         53000   -0.00274496    0.00146266      -8.24551     -0.488062      0.674959      0.325041    5.6818e-09        -1.445      -1.88708
00000          2500         54000   -0.00118684   0.000559049      -8.23528     -0.503683      0.686443      0.313557   5.81727e-09      -1.39245      -1.87182
00000          2500         55000    0.00207191   -0.00242426      -8.22542     -0.519329      0.697538      0.302462   5.95087e-09      -1.34057       -1.8577
00000          2500         56000   -0.00021498    0.00117248      -8.21591     -0.534991      0.708251      0.291749   6.08265e-09      -1.28932       -1.8447
00000          2500         57000   -0.00198168    0.00219936      -8.20672      -0.55066       0.71859       0.28141   6.21264e-09      -1.23867      -1.83284
00000          2500         58000    -0.0012311  -0.000749816      -8.19785      -0.56633      0.728562      0.271438   6.34089e-09      -1.18861       -1.8221
00000          2500         59000   0.000600568  -0.000441017      -8.18927     -0.581992      0.738177      0.261823   6.46745e-09      -1.13911      -1.81248
00000          2500         60000    -0.0022646  -0.000569343      -8.18096      -0.59764      0.747443      0.252557   6.59238e-09      -1.09014        -1.804
00000          2500         61000   0.000136913   0.000413419      -8.17291      -0.61327      0.756371      0.243629   6.71572e-09      -1.04169      -1.79664
00000          2500         62000   0.000901867  -0.000615428       -8.1651     -0.628876      0.764969      0.235031   6.83754e-09     -0.993736      -1.79042
00000          2500         63000  -0.000369073    0.00039252      -8.15752     -0.644452       0.77325       0.22675   6.95789e-09     -0.946257      -1.78532
00000          2500         64000    -0.0017361  -0.000491056      -8.15016     -0.659995      0.781222      0.218778   7.07682e-09     -0.899237      -1.78134
00000          2500         65000  -0.000744739   -0.00113149      -8.14301     -0.675502      0.788895      0.211105   7.19439e-09     -0.852658       -1.7785
00000          2500         66000   0.000918119   0.000210078      -8.13604     -0.690968      0.796281      0.203719   7.31066e-09     -0.806506      -1.77678
00000          2500         67000  -1.64864e-05   0.000227834      -8.12926      -0.70639      0.803388      0.196612   7.42567e-09     -0.760763       -1.7762
00000          2500         68000   0.000757529  -0.000117171      -8.12266     -0.721766      0.810227      0.189773   7.53948e-09     -0.715417      -1.77674
00000          2500         69000  -0.000114808  -0.000110812      -8.11622     -0.737094      0.816808      0.183192   7.65215e-09     -0.670454       -1.7784
00000          2500         70000   0.000106671  -6.81162e-05      -8.10993     -0.752371       0.82314       0.17686   7.76371e-09     -0.625861       -1.7812
00000          2500         71000  -0.000260256  -0.000152442      -8.10379     -0.767595      0.829233      0.170767   7.87423e-09     -0.581624      -1.78512
00000          2500         72000  -0.000142318  -0.000246496      -8.09779     -0.782766      0.835095      0.164905   7.98374e-09     -0.537734      -1.79018
00000          2500         73000    0.00023707  -1.94372e-06      -8.09193     -0.797881      0.840735      0.159265   8.09229e-09     -0.494178      -1.79636
00000          2500         74000   1.29064e-05   -6.3295e-05      -8.08619     -0.812939      0.846163      0.153837   8.19993e-09     -0.450947      -1.80366
00000          2500         75000  -8.98415e-05   0.000243105      -8.08057     -0.827939      0.851386      0.148614   8.30669e-09     -0.408029       -1.8121
00000          2500         76000   0.000406555  -3.27148e-05      -8.07507     -0.842881      0.856412      0.143588   8.41262e-09     -0.365417      -1.82166
00000          2500         77000   -0.00042033  -0.000256742      -8.06968     -0.857764      0.861249      0.138751   8.51775e-09     -0.323099      -1.83236
00000          2500         78000   0.000135196  -0.000359763      -8.06439     -0.872587      0.865905      0.134095   8.62212e-09     -0.281068      -1.84418
00000          2500         79000  -0.000320722   4.45987e-05       -8.0592      -0.88735      0.870387      0.129613   8.72577e-09     -0.239316      -1.85712
00000          2500         80000   0.000168443  -9.23119e-06       -8.0541     -0.902052      0.874701      0.125299   8.82873e-09     -0.197834       -1.8712
00000          2500         81000  -9.18454e-05  -0.000120309       -8.0491     -0.916693      0.878855      0.121145   8.93104e-09     -0.156616       -1.8864
00000          2500         82000   -1.7861e-05   5.72543e-05      -8.04418     -0.931274      0.882854      0.117146   9.03272e-09     -0.115653      -1.90274
00000          2500         83000  -7.60479e-05   1.77142e-05      -8.03935     -0.945793      0.886706      0.113294   9.13381e-09    -0.0749391       -1.9202
00000          2500         84000   0.000164916   0.000206603      -8.03459     -0.960252      0.890416      0.109584   9.23433e-09    -0.0344675      -1.93878
00000          2500         85000  -6.71096e-05   7.69181e-05      -8.02992     -0.974649      0.893989      0.106011   9.33431e-09    0.00576815       -1.9585
00000          2500         86000   4.39596e-06  -7.43095e-05      -8.02531     -0.988986      0.897431      0.102569   9.43377e-09     0.0457738      -1.97934
00000          2500         87000   5.40793e-05  -0.000147544      -8.02078      -1.00326      0.900748     0.0992517   9.53275e-09     0.0855553      -2.00132
00000          2500         88000  -1.53625e-05    4.6563e-06      -8.01632      -1.01748      0.903944     0.0960555   9.63127e-09      0.125118      -2.02442
00000          2500         89000   2.16852e-05   3.30253e-05      -8.01192      -1.03163      0.907025     0.0929751   9.72934e-09      0.164468      -2.04864
00000          2500         90000   -7.8512e-06   3.27634e-05      -8.00758      -1.04573      0.909994     0.0900059     9.827e-09      0.203609        -2.074
00000          2500         91000    1.3717e-05  -1.26352e-05       -8.0033      -1.05977      0.912857     0.0871435   9.92425e-09      0.242547      -2.10048
00000          2500         92000   9.56679e-05   5.62464e-05      -7.99903      -1.07374      0.915616     0.0843835   1.00224e-08      0.281287       -2.1281
00000          2500         93000   2.50834e-05   3.40238e-05      -7.99487      -1.08766      0.918278     0.0817219   1.01189e-08      0.319834      -2.15684
00000          2500         94000    1.7673e-05  -2.25832e-05      -7.99076      -1.10152      0.920845     0.0791549   1.02151e-08      0.358191       -2.1867
00000          2500         95000  -2.71035e-05    4.8065e-05       -7.9867      -1.11533      0.923321     0.0766787    1.0311e-08      0.396362       -2.2177
00000          2500         96000  -8.02569e-05   -6.6637e-05      -7.98269      -1.12907       0.92571     0.0742899   1.04066e-08      0.434353      -2.24982
00000          2500         97000   2.56433e-05  -2.38376e-05      -7.97873      -1.14276      0.928015     0.0719848   1.05019e-08      0.472165      -2.28308
00000          2500         98000  -5.50025e-06  -3.37823e-05      -7.97482      -1.15639       0.93024     0.0697604   1.05969e-08      0.509804      -2.31746
00000          2500         99000   8.74829e-06  -5.07374e-05      -7.97096      -1.16997      0.932387     0.0676134   1.06916e-08      0.547273      -2.35296
00000          2500        100000  -4.36452e-05  -3.99081e-05      -7.96713      -1.18349      0.934459     0.0655409   1.07861e-08      0.584575       -2.3896
00000          2500        101000   5.16593e-09   4.67684e-07      -7.96336      -1.19695       0.93646       0.06354   1.08804e-08      0.621713      -2.42736
00000          2500        102000  -1.03002e-05    3.4983e-05      -7.95962      -1.21036      0.938392     0.0616078   1.09744e-08      0.658692      -2.46626
00000          2500        103000  -1.38656e-05  -2.86235e-05      -7.95592      -1.22372      0.940258     0.0597419   1.10683e-08      0.695513      -2.50628
00000          2500        104000  -9.48072e-06  -1.79994e-05      -7.95226      -1.23702       0.94206     0.0579396   1.11619e-08      0.732181      -2.54742
00000          2500        105000  -9.17708e-06  -4.80481e-06      -7.94864      -1.25028      0.943801     0.0561985   1.12554e-08      0.768698       -2.5897
00000          2500        106000   8.22847e-06   -2.6929e-05      -7.94505      -1.26347      0.945484     0.0545163   1.13487e-08      0.805066       -2.6331
00000          2500        107000   8.51098e-06   1.39611e-07      -7.94151      -1.27662      0.947109     0.0528908   1.14418e-08      0.841289      -2.67764
00000          2500        108000   1.13114e-05  -2.56468e-05      -7.93799      -1.28971       0.94868     0.0513198   1.15348e-08       0.87737       -2.7233
00000          2500        109000  -2.13265e-05  -6.77618e-05      -7.93451      -1.30276      0.950199     0.0498014   1.16276e-08       0.91331      -2.77008
00000          2500        110000   -3.0986e-05  -1.65017e-06      -7.93106      -1.31575      0.951667     0.0483334   1.17203e-08      0.949112        -2.818
00000          2500        111000   8.93602e-05   0.000139532      -7.92764       -1.3287      0.953086     0.0469141   1.18129e-08      0.984779      -2.86704
00000          2500        112000     -3.01e-05   2.00418e-05      -7.92426      -1.34159      0.954458     0.0455417   1.19053e-08       1.02031      -2.91722
00000          2500        113000  -2.09606e-05   1.53419e-05       -7.9209      -1.35444      0.955786     0.0442144   1.19977e-08       1.05572      -2.96852
00000          2500        114000   8.13864e-05   8.90618e-06      -7.91758      -1.36723      0.957069     0.0429305   1.20899e-08       1.09099      -3.02094
00000          2500        115000   4.11885e-05   4.48871e-05      -7.91428      -1.37998      0.958311     0.0416885   1.21821e-08       1.12614       -3.0745
00000          2500        116000  -3.02113e-05  -2.07297e-05      -7.91101      -1.39269      0.959513     0.0404869   1.22741e-08       1.16116      -3.12918
00000          2500        117000  -1.29847e-06   3.32374e-06      -7.90777      -1.40534      0.960676     0.0393241   1.23661e-08       1.19607        -3.185
00000          2500        118000   3.40727e-05  -1.51446e-05      -7.90455      -1.41795      0.961801     0.0381988    1.2458e-08       1.23085      -3.24194
00000          2500        119000   9.08169e-06   9.32581e-06      -7.90136      -1.43051       0.96289     0.0371096   1.25499e-08       1.26551          -3.3
00000          2500        120000  -2.19193e-05  -7.14242e-06       -7.8982      -1.44303      0.963945     0.0360552   1.26417e-08       1.30006       -3.3592
00000          2500        121000  -7.24393e-05   6.51735e-05      -7.89506       -1.4555      0.964966     0.0350344   1.27334e-08       1.33449      -3.41952
00000          2500        122000   4.00721e-05  -2.20464e-05      -7.89194      -1.46793      0.965954     0.0340461   1.28251e-08        1.3688      -3.48098
00000          2500        123000   2.26311e-05   1.12059e-05      -7.88885      -1.48032      0.966911     0.0330889   1.29167e-08       1.40301      -3.54356
00000          2500        124000  -7.01948e-06   1.97646e-05      -7.88578      -1.49266      0.967838     0.0321619   1.30083e-08       1.43711      -3.60726
00000          2500        125000  -2.50976e-05   4.34633e-06      -7.88273      -1.50496      0.968736     0.0312639   1.30999e-08        1.4711       -3.6721
00000          2500        126000   2.08722e-06  -1.15162e-06      -7.87971      -1.51721      0.969606      0.030394   1.31914e-08       1.50498      -3.73806
00000          2500        127000   5.95435e-05   3.18903e-05      -7.87671      -1.52943      0.970449     0.0295512   1.32829e-08       1.53876      -3.80516
00000          2500        128000    4.4045e-06   9.75477e-06      -7.87373       -1.5416      0.971266     0.0287345   1.33744e-08       1.57243      -3.87338
00000          2500        129000  -1.83818e-05    9.3129e-05      -7.87077      -1.55373      0.972057      0.027943   1.34658e-08         1.606      -3.94272
00000          2500        130000  -2.37465e-05   -8.7385e-06      -7.86783      -1.56582      0.972824     0.0271759   1.35573e-08       1.63947       -4.0132
00000          2500        131000   1.43296e-05    1.5989e-05      -7.86491      -1.57787      0.973568     0.0264323   1.36488e-08       1.67284       -4.0848
00000          2500        132000  -4.62834e-06  -7.58343e-06      -7.86201      -1.58987      0.974289     0.0257114   1.37402e-08       1.70611      -4.15754
00000          2500        133000  -3.54933e-06  -4.22797e-06      -7.85913      -1.60184      0.974987     0.0250125   1.38316e-08       1.73929       -4.2314
00000          2500        134000   2.06954e-06  -1.35415e-05      -7.85626      -1.61377      0.975665     0.0243348   1.39231e-08       1.77237      -4.30638
00000          2500        135000    1.3098e-05   7.77758e-06      -7.85342      -1.62566      0.976322     0.0236775   1.40146e-08       1.80536       -4.3825
00000          2500        136000  -7.44087e-06  -1.62825e-06       -7.8506      -1.63752       0.97696     0.0230401    1.4106e-08       1.83825      -4.45974
00000          2500        137000  -1.54502e-05  -8.65979e-06      -7.84779      -1.64933      0.977578     0.0224217   1.41975e-08       1.87105      -4.53812
00000          2500        138000   1.99077e-06  -3.95986e-06        -7.845      -1.66111      0.978178     0.0218219    1.4289e-08       1.90376      -4.61762
00000          2500        139000  -3.12389e-06  -4.70399e-06      -7.84223      -1.67285       0.97876     0.0212399   1.43805e-08       1.93638      -4.69824
00000          2500        140000   1.07063e-05  -4.76998e-05      -7.83947      -1.68455      0.979325     0.0206752    1.4472e-08       1.96892         -4.78
00000          2500        141000    0.00722522   -0.00236945      -7.83673      -1.69622      0.979873     0.0201272   1.45636e-08       2.00136      -4.86288
00000          2500        142000   6.45046e-06  -6.42109e-06      -7.83401      -1.70785      0.980405     0.0195954   1.46552e-08       2.03372       -4.9469
00000          2500        143000  -8.39018e-06  -3.70364e-05       -7.8313      -1.71944      0.980921     0.0190792   1.47468e-08       2.06599      -5.03204
00000          2500        144000  -2.55971e-05  -2.06879e-06      -7.82861        -1.731      0.981422     0.0185781   1.48384e-08       2.09818       -5.1183
00000          2500        145000   -1.2738e-06   8.08897e-07      -7.82594      -1.74252      0.981908     0.0180917   1.49301e-08       2.13029       -5.2057
00000          2500        146000   8.56346e-06  -2.87865e-06      -7.82328      -1.75401      0.982381     0.0176194   1.50218e-08       2.16231      -5.29422
00000          2500        147000  -2.29777e-05   6.39768e-07      -7.82063      -1.76546      0.982839     0.0171608   1.51135e-08       2.19426      -5.38388
00000          2500        148000   1.02504e-05  -8.48025e-06        -7.818      -1.77688      0.983285     0.0167154   1.52053e-08       2.22612      -5.47466
00000          2500        149000   -2.6952e-06  -2.48566e-06      -7.81539      -1.78827      0.983717     0.0162829   1.52971e-08        2.2579      -5.56656
00000          2500        150000      1.61e-05   1.07936e-05      -7.81279      -1.79962      0.984137     0.0158627    1.5389e-08        2.2896       -5.6596
00000          2500        151000   5.95534e-05  -1.46718e-05       -7.8102      -1.81094      0.984545     0.0154547   1.54809e-08       2.32123      -5.75376
00000          2500        152000  -9.19252e-07  -4.90048e-06      -7.80763      -1.82223      0.984942     0.0150582   1.55729e-08       2.35278      -5.84906
00000          2500        153000  -3.40229e-05   8.12011e-07      -7.80507      -1.83348      0.985327      0.014673   1.56649e-08       2.38425      -5.94548
00000          2500        154000  -1.15902e-05  -1.29508e-05      -7.80253       -1.8447      0.985701     0.0142987   1.57569e-08       2.41565      -6.04302
00000          2500        155000  -5.44322e-06   1.35814e-06          -7.8      -1.85589      0.986065      0.013935    1.5849e-08       2.44697       -6.1417
00000          2500        156000  -1.48338e-05  -4.30863e-05      -7.79748      -1.86705      0.986418     0.0135816   1.59412e-08       2.47822       -6.2415
00000          2500        157000   4.73149e-05   5.11788e-05      -7.79497      -1.87818      0.986762      0.013238   1.60334e-08        2.5094      -6.34244
00000          2500        158000   1.32329e-06   1.47661e-06      -7.79248      -1.88927      0.987096     0.0129041   1.61257e-08        2.5405       -6.4445
00000          2500        159000   1.74098e-06   2.71275e-06         -7.79      -1.90034       0.98742     0.0125795    1.6218e-08       2.57154      -6.54768
00000          2500        160000  -2.51549e-06   9.29156e-06      -7.78754      -1.91137      0.987736     0.0122639   1.63104e-08        2.6025        -6.652
00000          2500        161000  -7.78717e-06   -1.7568e-06      -7.78508      -1.92237      0.988043     0.0119571   1.64028e-08       2.63339      -6.75744
00000          2500        162000   1.31215e-05   2.77381e-05      -7.78264      -1.93335      0.988341     0.0116588   1.64953e-08       2.66422      -6.86402
00000          2500        163000     3.923e-06   4.87591e-05      -7.78021      -1.94429      0.988631     0.0113686   1.65879e-08       2.69497      -6.97172
00000          2500        164000  -4.67216e-06   1.00706e-05      -7.77779      -1.95521      0.988914     0.0110865   1.66805e-08       2.72566      -7.08054
00000          2500        165000  -8.00642e-06  -1.42322e-06      -7.77538      -1.96609      0.989188      0.010812   1.67732e-08       2.75628       -7.1905
00000          2500        166000  -1.35653e-05   2.38598e-05      -7.77299      -1.97695      0.989455     0.0105451    1.6866e-08       2.78683      -7.30158
00000          2500        167000  -2.85509e-05   -1.2724e-05       -7.7706      -1.98778      0.989715     0.0102855   1.69588e-08       2.81732       -7.4138
00000          2500        168000  -8.67244e-05   2.06926e-05      -7.76823      -1.99858      0.989967     0.0100328   1.70517e-08       2.84774      -7.52714
00000          2500        169000  -1.51161e-05  -2.85509e-05      -7.76587      -2.00935      0.990213    0.00978708   1.71447e-08       2.87809       -7.6416
00000          2500        170000  -6.24776e-05  -2.83536e-05      -7.76352      -2.02009      0.990452    0.00954794   1.72377e-08       2.90839       -7.7572
00000          2500        171000   1.21953e-05   2.83322e-05      -7.76118      -2.03081      0.990685    0.00931524   1.73308e-08       2.93862      -7.87392
00000          2500        172000   1.41938e-06   1.57506e-06      -7.75885      -2.04149      0.990911    0.00908879   1.74239e-08       2.96878      -7.99178
00000          2500        173000  -9.59592e-06  -1.95515e-05      -7.75654      -2.05215      0.991132     0.0088684   1.75172e-08       2.99889      -8.11076
00000          2500        174000    1.6847e-05  -2.78349e-05      -7.75423      -2.06279      0.991346    0.00865389   1.76105e-08       3.02893      -8.23086
00000          2500        175000   1.21247e-05   2.70316e-05      -7.75193       -2.0734      0.991555    0.00844509   1.77038e-08       3.05891       -8.3521
00000          2500        176000  -4.83301e-05  -9.63606e-06      -7.74965      -2.08398      0.991758    0.00824183   1.77973e-08       3.08883      -8.47446
00000          2500        177000  -8.03804e-07   1.30729e-05      -7.74737      -2.09453      0.991956    0.00804395   1.78908e-08       3.11869      -8.59796
00000          2500        178000  -3.10162e-05  -1.40354e-05       -7.7451      -2.10506      0.992149    0.00785129   1.79844e-08       3.14849      -8.72258
00000          2500        179000  -1.09647e-05  -8.93226e-07      -7.74285      -2.11556      0.992336    0.00766371    1.8078e-08       3.17823      -8.84832
00000          2500        180000   5.02093e-06  -3.62779e-06       -7.7406      -2.12604      0.992519    0.00748105   1.81718e-08       3.20791       -8.9752
00000          2500        181000  -1.34832e-05  -8.47595e-06      -7.73837      -2.13649      0.992697    0.00730317   1.82656e-08       3.23754       -9.1032
00000          2500        182000   9.43492e-06  -4.49904e-06      -7.73614      -2.14691       0.99287    0.00712993   1.83595e-08       3.26711      -9.23234
00000          2500        183000   2.70335e-06  -2.43846e-07      -7.73392      -2.15732      0.993039    0.00696121   1.84534e-08       3.29662       -9.3626
00000          2500        184000  -1.09948e-05  -6.58748e-06      -7.73171      -2.16769      0.993203    0.00679687   1.85475e-08       3.32607      -9.49398
00000          2500        185000    1.6978e-05   1.02362e-05      -7.72952      -2.17804      0.993363    0.00663678   1.86416e-08       3.35547       -9.6265
00000          2500        186000   2.87963e-05  -6.49808e-06      -7.72733      -2.18837      0.993519    0.00648083   1.87358e-08       3.38481      -9.76014
00000          2500        187000   4.25666e-06   8.07834e-06      -7.72515      -2.19867      0.993671     0.0063289   1.88301e-08        3.4141      -9.89492
00000          2500        188000   3.44747e-06   9.88917e-06      -7.72298      -2.20895      0.993819    0.00618087   1.89244e-08       3.44333      -10.0308
00000          2500        189000  -5.90069e-06  -2.78579e-05      -7.72082      -2.21921      0.993963    0.00603664   1.90188e-08       3.47251      -10.1678
00000          2500        190000  -4.32257e-07   4.82224e-06      -7.71866      -2.22944      0.994104    0.00589609   1.91133e-08       3.50163       -10.306
00000          2500        191000  -2.38108e-05  -2.24653e-05      -7.71652      -2.23964      0.994241    0.00575913   1.92079e-08        3.5307      -10.4453
00000          2500        192000  -2.91984e-08    1.4636e-06      -7.71438      -2.24983      0.994374    0.00562565   1.93026e-08       3.55972      -10.5857
00000          2500        193000  -3.26514e-05  -7.11716e-06      -7.71226      -2.25999      0.994504    0.00549556   1.93973e-08       3.58869      -10.7272
00000          2500        194000   7.05252e-05   2.73939e-05      -7.71014      -2.27013      0.994631    0.00536876   1.94921e-08        3.6176      -10.8699
00000          2500        195000  -8.82653e-06  -4.71564e-06      -7.70803      -2.28024      0.994755    0.00524516    1.9587e-08       3.64646      -11.0137
00000          2500        196000    -1.801e-05    1.9816e-05      -7.70593      -2.29033      0.994875    0.00512467    1.9682e-08       3.67527      -11.1586
00000          2500        197000   2.75702e-05   7.33142e-06      -7.70384       -2.3004      0.994993    0.00500721    1.9777e-08       3.70403      -11.3047
00000          2500        198000  -6.74565e-06  -7.60322e-06      -7.70175      -2.31045      0.995107     0.0048927   1.98722e-08       3.73274      -11.4519
00000          2500        199000  -5.19001e-07  -5.30358e-06      -7.69968      -2.32048      0.995219    0.00478104   1.99674e-08        3.7614      -11.6002
00000          2500        200000  -2.04821e-05  -1.67057e-05      -7.69761      -2.33048      0.995328    0.00467217   2.00627e-08          3.79      -11.7496
00000          2500        201000    2.5299e-05   1.27992e-05      -7.69555      -2.34046      0.995434    0.00456601   2.01581e-08       3.81856      -11.9002
00000          2500        202000   1.46484e-05   1.56711e-05       -7.6935      -2.35042      0.995537    0.00446248   2.02535e-08       3.84707      -12.0519
00000          2500        203000    5.8126e-06   9.14522e-06      -7.69146      -2.36036      0.995638    0.00436152    2.0349e-08       3.87553      -12.2047
00000          2500        204000   5.61651e-06  -4.72178e-06      -7.68942      -2.37028      0.995737    0.00426305   2.04447e-08       3.90395      -12.3586
00000          2500        205000   1.25521e-05   2.21385e-05      -7.68739      -2.38018      0.995833      0.004167   2.05403e-08       3.93231      -12.5137
00000          2500        206000   1.76583e-05   1.31379e-05      -7.68537      -2.39005      0.995927    0.00407332   2.06361e-08       3.96063      -12.6699
00000          2500        207000  -1.13162e-05    6.0138e-06      -7.68336      -2.39991      0.996018    0.00398193    2.0732e-08        3.9889      -12.8272
00000          2500        208000   2.97836e-06   1.02768e-06      -7.68135      -2.40974      0.996107    0.00389278   2.08279e-08       4.01713      -12.9857
00000          2500        209000   5.34417e-06  -5.63842e-06      -7.67936      -2.41955      0.996194     0.0038058   2.09239e-08        4.0453      -13.1453
00000          2500        210000   5.07074e-06   2.81033e-06      -7.67737      -2.42935      0.996279    0.00372095     2.102e-08       4.07343       -13.306
00000          2500        211000  -5.56932e-06  -4.55764e-06      -7.67538      -2.43912      0.996362    0.00363815   2.11162e-08       4.10152      -13.4678
00000          2500        212000   1.06854e-05  -5.68876e-06      -7.67341      -2.44887      0.996443    0.00355736   2.12124e-08       4.12956      -13.6308
00000          2500        213000    1.7099e-06  -2.42997e-06      -7.67144       -2.4586      0.996521    0.00347853   2.13088e-08       4.15755      -13.7949
00000          2500        214000   1.37745e-05  -3.75884e-06      -7.66948      -2.46832      0.996598     0.0034016   2.14052e-08        4.1855      -13.9601
00000          2500        215000    1.2997e-05   8.16958e-06      -7.66753      -2.47801      0.996673    0.00332652   2.15017e-08       4.21341      -14.1265
00000          2500        216000   2.37024e-06   3.87729e-06      -7.66558      -2.48768      0.996747    0.00325324   2.15983e-08       4.24127       -14.294
00000          2500        217000   -5.2139e-06  -6.16958e-06      -7.66364      -2.49734      0.996818    0.00318172   2.16949e-08       4.26908      -14.4626
00000          2500        218000  -3.87316e-05  -1.23535e-05      -7.66171      -2.50697      0.996888    0.00311191   2.17917e-08       4.29685      -14.6323
00000          2500        219000   -1.1516e-06   8.40994e-06      -7.65978      -2.51659      0.996956    0.00304377   2.18885e-08       4.32458      -14.8032
00000          2500        220000  -1.86432e-07   1.59216e-06      -7.65787      -2.52619      0.997023    0.00297725   2.19854e-08       4.35227      -14.9752
00000          2500        221000  -1.19848e-05     3.764e-05      -7.65595      -2.53576      0.997088     0.0029123   2.20823e-08       4.37991      -15.1483
00000          2500        222000  -3.77492e-06   3.00194e-06      -7.65405      -2.54532      0.997151     0.0028489   2.21794e-08       4.40751      -15.3226
00000          2500        223000   2.12277e-05   1.14643e-05      -7.65215      -2.55486      0.997213      0.002787   2.22765e-08       4.43507       -15.498
00000          2500        224000   2.13751e-05  -3.34733e-06      -7.65026      -2.56438      0.997273    0.00272656   2.23738e-08       4.46259      -15.6745
00000          2500        225000   3.21534e-06  -1.84478e-05      -7.64838      -2.57389      0.997332    0.00266755   2.24711e-08       4.49006      -15.8521
00000          2500        226000  -4.46488e-05  -1.47572e-05       -7.6465      -2.58337       0.99739    0.00260992   2.25684e-08        4.5175      -16.0309
00000          2500        227000   2.72085e-06   1.64832e-06      -7.64463      -2.59284      0.997446    0.00255364   2.26659e-08       4.54489      -16.2108
00000          2500        228000   2.55364e-05  -1.21509e-05      -7.64276      -2.60229      0.997501    0.00249868   2.27634e-08       4.57224      -16.3918
00000          2500        229000  -2.18907e-05  -6.85357e-06       -7.6409      -2.61172      0.997555      0.002445    2.2861e-08       4.59955      -16.5739
00000          2500        230000   4.21259e-05    1.7037e-05      -7.63905      -2.62113      0.997607    0.00239258   2.29587e-08       4.62682      -16.7572
00000          2500        231000   2.03443e-05   2.77865e-05      -7.63721      -2.63053      0.997659    0.00234137   2.30565e-08       4.65405      -16.9416
00000          2500        232000   2.98343e-05   9.50234e-06      -7.63537      -2.63991      0.997709    0.00229136   2.31543e-08       4.68124      -17.1271
00000          2500        233000   -1.7365e-05  -5.73678e-06      -7.63353      -2.64927      0.997757     0.0022425   2.32523e-08       4.70839      -17.3138
00000          2500        234000  -3.14746e-06   1.03405e-05      -7.63171      -2.65861      0.997805    0.00219477   2.33503e-08        4.7355      -17.5016
00000          2500        235000  -2.47717e-06   -2.1402e-05      -7.62989      -2.66794      0.997852    0.00214814   2.34484e-08       4.76258      -17.6905
00000          2500        236000   1.10121e-05  -1.51465e-05      -7.62807      -2.67725      0.997897    0.00210258   2.35465e-08       4.78961      -17.8805
00000          2500        237000   3.97315e-05  -7.23215e-06      -7.62626      -2.68654      0.997942    0.00205808   2.36448e-08       4.81661      -18.0717
00000          2500        238000  -2.90338e-06  -2.34561e-05      -7.62446      -2.69581      0.997985    0.00201459   2.37431e-08       4.84356       -18.264
00000          2500        239000   -1.8792e-05   1.81509e-05      -7.62267      -2.70507      0.998028     0.0019721   2.38415e-08       4.87048      -18.4574
00000          2500        240000     0.0300247     0.0142314      -7.62088      -2.71431      0.998069    0.00193057   2.39399e-08       4.89736       -18.652
00000          2500        241000  -1.67088e-05  -2.40925e-05      -7.61909      -2.72354       0.99811       0.00189   2.40385e-08        4.9242      -18.8477
00000          2500        242000  -1.05541e-05  -2.13748e-05      -7.61731      -2.73275       0.99815    0.00185034   2.41371e-08       4.95101      -19.0445
00000          2500        243000   1.08788e-05   5.84425e-06      -7.61554      -2.74194      0.998188    0.00181159   2.42358e-08       4.97778      -19.2424
00000          2500        244000    0.00398567    0.00350786      -7.61378      -2.75112      0.998226    0.00177372   2.43346e-08       5.00451      -19.4415
00000          2500        245000   1.41007e-05   4.44248e-07      -7.61201      -2.76028      0.998263     0.0017367   2.44335e-08        5.0312      -19.6417
00000          2500        246000   1.75706e-06   4.20752e-06      -7.61026      -2.76942      0.998299    0.00170052   2.45324e-08       5.05786       -19.843
00000          2500        247000   2.78538e-05   2.11549e-05      -7.60851      -2.77855      0.998335    0.00166515   2.46314e-08       5.08448      -20.0455
00000          2500        248000   4.52787e-05   2.33567e-05      -7.60677      -2.78766      0.998369    0.00163058   2.47305e-08       5.11107      -20.2491
00000          2500        249000   1.42908e-05   3.40417e-06      -7.60503      -2.79675      0.998403    0.00159678   2.48297e-08       5.13762      -20.4538
00000          2500        250000   1.87019e-05   1.50629e-06       -7.6033      -2.80584      0.998436    0.00156374   2.49289e-08       5.16413      -20.6596
00000          2500        251000  -9.27298e-06   1.31151e-05      -7.60157       -2.8149      0.998469    0.00153144   2.50282e-08       5.19061      -20.8666
00000          2500        252000   1.89039e-06   2.86202e-05      -7.59985      -2.82395        0.9985    0.00149986   2.51276e-08       5.21705      -21.0747
00000          2500        253000   7.47554e-07   6.53558e-06      -7.59813      -2.83298      0.998531    0.00146898   2.52271e-08       5.24346      -21.2839
00000          2500        254000  -4.17491e-06   -3.7135e-06      -7.59642        -2.842      0.998561    0.00143879   2.53266e-08       5.26983      -21.4942
00000          2500        255000   -0.00932051    -0.0111724      -7.59472      -2.85101      0.998591    0.00140927   2.54262e-08       5.29617      -21.7057
00000          2500        256000  -1.82677e-05  -4.65341e-05      -7.59302      -2.85999       0.99862    0.00138041   2.55259e-08       5.32248      -21.9183
00000          2500        257000  -1.29364e-05   1.93172e-05      -7.59132      -2.86897      0.998648    0.00135218   2.56257e-08       5.34875       -22.132
00000          2500        258000   3.24576e-05    3.7032e-05      -7.58964      -2.87792      0.998675    0.00132457   2.57255e-08       5.37498      -22.3469
00000          2500        259000   3.60874e-06   2.90125e-06      -7.58795      -2.88687      0.998702    0.00129757   2.58254e-08       5.40118      -22.5629
00000          2500        260000    2.0065e-05   1.95279e-07      -7.58627       -2.8958      0.998729    0.00127117   2.59254e-08       5.42735        -22.78
00000          2500        261000   4.30426e-06   7.73409e-06       -7.5846      -2.90471      0.998755    0.00124534   2.60255e-08       5.45349      -22.9982
00000          2500        262000   5.64867e-06   3.51608e-06      -7.58293      -2.91361       0.99878    0.00122009   2.61256e-08       5.47959      -23.2176
00000          2500        263000  -9.76364e-06   1.29701e-05      -7.58127      -2.92249      0.998805    0.00119538   2.62258e-08       5.50565      -23.4381
00000          2500        264000  -1.18548e-05   3.37743e-06      -7.57961      -2.93136      0.998829    0.00117121   2.63261e-08       5.53169      -23.6597
00000          2500        265000  -1.37227e-06  -5.09561e-06      -7.57796      -2.94022      0.998852    0.00114757   2.64264e-08       5.55769      -23.8825
00000          2500        266000   5.11613e-06   4.00139e-06      -7.57631      -2.94906      0.998876    0.00112444   2.65268e-08       5.58366      -24.1064
00000          2500        267000   4.95991e-06  -1.02658e-05      -7.57467      -2.95789      0.998898    0.00110182   2.66273e-08        5.6096      -24.3314
00000          2500        268000  -5.72095e-06  -8.92062e-06      -7.57304       -2.9667       0.99892    0.00107968   2.67279e-08        5.6355      -24.5575
00000          2500        269000  -1.72712e-06  -3.75082e-06       -7.5714       -2.9755      0.998942    0.00105803   2.68285e-08       5.66137      -24.7848
00000          2500        270000  -3.44247e-07  -3.18249e-05      -7.56978      -2.98429      0.998963    0.00103684   2.69292e-08       5.68722      -25.0132
00000          2500        271000  -7.96456e-06  -7.22355e-06      -7.56815      -2.99306      0.998984    0.00101611     2.703e-08       5.71302      -25.2427
00000          2500        272000  -9.10083e-06   1.51028e-05      -7.56654      -3.00182      0.999004   0.000995826   2.71308e-08        5.7388      -25.4734
00000          2500        273000   5.65975e-07   2.57871e-06      -7.56492      -3.01056      0.999024   0.000975977   2.72318e-08       5.76455      -25.7052
00000          2500        274000  -5.83831e-06   6.14634e-06      -7.56332      -3.01929      0.999043   0.000956553   2.73327e-08       5.79026      -25.9381
00000          2500        275000  -2.42213e-05   3.89803e-06      -7.56171      -3.02801      0.999062   0.000937546   2.74338e-08       5.81595      -26.1721
00000          2500        276000  -1.35297e-05   -1.8046e-05      -7.56012      -3.03671      0.999081   0.000918945   2.75349e-08        5.8416      -26.4073
00000          2500        277000   2.40042e-06   1.83311e-05      -7.55852       -3.0454      0.999099    0.00090074   2.76361e-08       5.86722      -26.6436
00000          2500        278000     2.541e-05   1.54482e-05      -7.55693      -3.05408      0.999117   0.000882924   2.77374e-08       5.89281       -26.881
00000          2500        279000   5.76329e-06   1.14189e-05      -7.55535      -3.06274      0.999134   0.000865486   2.78387e-08       5.91837      -27.1195
00000          2500        280000    4.2283e-06  -6.27912e-06      -7.55377      -3.07139      0.999152   0.000848419   2.79401e-08        5.9439      -27.3592
00000          2500        281000   2.23342e-06   8.65831e-06       -7.5522      -3.08003      0.999168   0.000831713   2.80416e-08        5.9694         -27.6
00000          2500        282000  -3.97076e-06  -7.27103e-06      -7.55063      -3.08865      0.999185   0.000815361   2.81431e-08       5.99487      -27.8419
00000          2500        283000  -1.01002e-05  -1.72154e-05      -7.54906      -3.09726      0.999201   0.000799354   2.82447e-08       6.02032       -28.085
00000          2500        284000   -1.4873e-06   5.62851e-06       -7.5475      -3.10586      0.999216   0.000783685   2.83464e-08       6.04573      -28.3292
00000          2500        285000   7.55324e-06   2.18131e-06      -7.54595      -3.11444      0.999232   0.000768346   2.84481e-08       6.07111      -28.5745
00000          2500        286000   3.40333e-05    9.4722e-06      -7.54439      -3.12302      0.999247   0.000753329   2.85499e-08       6.09646      -28.8209
00000          2500        287000  -3.66849e-05   9.40683e-06      -7.54285      -3.13157      0.999261   0.000738627   2.86518e-08       6.12178      -29.0685
00000          2500        288000  -1.11482e-05   2.87042e-05      -7.54131      -3.14012      0.999276   0.000724233   2.87538e-08       6.14708      -29.3172
00000          2500        289000  -1.69672e-06   1.21828e-05      -7.53977      -3.14866       0.99929   0.000710141   2.88558e-08       6.17234       -29.567
00000          2500        290000  -1.84091e-06  -2.09822e-06      -7.53823      -3.15718      0.999304   0.000696342   2.89579e-08       6.19758       -29.818
00000          2500        291000  -1.01648e-05  -1.11822e-06       -7.5367      -3.16569      0.999317   0.000682832     2.906e-08       6.22278      -30.0701
00000          2500        292000  -2.49513e-05   2.01869e-06      -7.53518      -3.17418       0.99933   0.000669602   2.91622e-08       6.24796      -30.3233
00000          2500        293000   2.25077e-06  -2.85652e-06      -7.53366      -3.18267      0.999343   0.000656648   2.92645e-08       6.27311      -30.5776
00000          2500        294000  -2.08407e-05   1.33698e-05      -7.53214      -3.19114      0.999356   0.000643962   2.93668e-08       6.29824      -30.8331
00000          2500        295000   7.37976e-06   9.16516e-07      -7.53063       -3.1996      0.999368    0.00063154   2.94692e-08       6.32333      -31.0897
00000          2500        296000   2.06707e-05   2.74898e-06      -7.52912      -3.20805      0.999381   0.000619374   2.95717e-08        6.3484      -31.3474
00000          2500        297000  -1.23771e-05   1.84614e-06      -7.52762      -3.21648      0.999393   0.000607459   2.96742e-08       6.37344      -31.6063
00000          2500        298000   8.81211e-05   5.37313e-05      -7.52612      -3.22491      0.999404   0.000595791   2.97768e-08       6.39845      -31.8663
00000          2500        299000  -1.43668e-05  -1.09495e-05      -7.52463      -3.23332      0.999416   0.000584362   2.98795e-08       6.42343      -32.1274
00000          2500        300000  -8.97538e-06  -1.97969e-05      -7.52314      -3.24172      0.999427   0.000573168   2.99822e-08       6.44839      -32.3896

