Index,T (C),P (kbars),log(10) f O2,mass (gm),rho (gm/cc),wt% SiO2,wt% TiO2,wt% Al2O3,wt% Fe2O3,wt% Cr2O3,wt% FeO,wt% MnO,wt% MgO,wt% NiO,wt% CoO,wt% CaO,wt% Na2O,wt% K2O,wt% P2O5,wt% H2O,wt% CO2,wt% SO3,wt% Cl2O-1,wt% F2O-1,G (kJ),H (kJ),S (J/K),V (cc),Cp (J/K),     diopside,clinoenstatit, hedenbergite,alumino-buffo,    buffonite,     essenite,      jadeite
879,1122.00,0.000,-9.229,5.6022,3.3190,52.1405,0.1100,2.6231,1.1757,0.0000,18.3270,0.0000,22.1624,0.0000,0.0000,3.4081,0.0531,0.0000,0.0000,0.0000,0.0000,0.0000,0.0000,0.0000,-84.693,-66.390,13.119,1.688,6.753,-0.505709,0.861354,0.565980,0.041899,-0.035789,0.068459,0.003805
880,1121.00,0.000,-9.242,5.8224,3.3207,52.1093,0.1106,2.6191,1.1815,0.0000,18.4341,0.0000,22.0743,0.0000,0.0000,3.4178,0.0533,0.0000,0.0000,0.0000,0.0000,0.0000,0.0000,0.0000,-87.929,-68.932,13.626,1.753,7.014,-0.508924,0.860877,0.569613,0.041762,-0.035618,0.068470,0.003821
881,1120.00,0.000,-9.254,6.0400,3.3223,52.0782,0.1111,2.6150,1.1874,0.0000,18.5409,0.0000,21.9863,0.0000,0.0000,3.4276,0.0535,0.0000,0.0000,0.0000,0.0000,0.0000,0.0000,0.0000,-91.118,-71.438,14.126,1.818,7.271,-0.512133,0.860396,0.573242,0.041625,-0.035448,0.068481,0.003836
882,1119.00,0.000,-9.267,6.2550,3.3239,52.0471,0.1116,2.6110,1.1932,0.0000,18.6474,0.0000,21.8984,0.0000,0.0000,3.4374,0.0537,0.0000,0.0000,0.0000,0.0000,0.0000,0.0000,0.0000,-94.263,-73.909,14.620,1.882,7.525,-0.515335,0.859913,0.576867,0.041488,-0.035277,0.068492,0.003851
883,1118.00,0.000,-9.280,6.4676,3.3255,52.0161,0.1122,2.6070,1.1991,0.0000,18.7537,0.0000,21.8106,0.0000,0.0000,3.4474,0.0539,0.0000,0.0000,0.0000,0.0000,0.0000,0.0000,0.0000,-97.364,-76.346,15.108,1.945,7.776,-0.518529,0.859425,0.580488,0.041352,-0.035106,0.068503,0.003867
884,1117.00,0.000,-9.292,6.6777,3.3271,51.9852,0.1127,2.6030,1.2049,0.0000,18.8598,0.0000,21.7230,0.0000,0.0000,3.4574,0.0541,0.0000,0.0000,0.0000,0.0000,0.0000,0.0000,0.0000,-100.422,-78.750,15.589,2.007,8.023,-0.521714,0.858935,0.584104,0.041216,-0.034936,0.068514,0.003882
885,1116.00,0.000,-9.305,6.8855,3.3287,51.9543,0.1133,2.5990,1.2107,0.0000,18.9655,0.0000,21.6355,0.0000,0.0000,3.4675,0.0542,0.0000,0.0000,0.0000,0.0000,0.0000,0.0000,0.0000,-103.438,-81.122,16.064,2.069,8.268,-0.524891,0.858440,0.587715,0.041079,-0.034766,0.068525,0.003897
886,1115.00,0.000,-9.318,7.0910,3.3303,51.9234,0.1138,2.5950,1.2165,0.0000,19.0710,0.0000,21.5481,0.0000,0.0000,3.4777,0.0544,0.0000,0.0000,0.0000,0.0000,0.0000,0.0000,0.0000,-106.414,-83.463,16.534,2.129,8.509,-0.528059,0.857942,0.591320,0.040943,-0.034595,0.068536,0.003912
887,1114.00,0.000,-9.330,7.2943,3.3319,51.8927,0.1144,2.5910,1.2223,0.0000,19.1761,0.0000,21.4610,0.0000,0.0000,3.4879,0.0546,0.0000,0.0000,0.0000,0.0000,0.0000,0.0000,0.0000,-109.350,-85.772,16.997,2.189,8.748,-0.531216,0.857441,0.594919,0.040807,-0.034425,0.068547,0.003927
888,1113.00,0.000,-9.343,7.4954,3.3335,51.8620,0.1150,2.5870,1.2281,0.0000,19.2810,0.0000,21.3740,0.0000,0.0000,3.4983,0.0548,0.0000,0.0000,0.0000,0.0000,0.0000,0.0000,0.0000,-112.248,-88.052,17.455,2.248,8.983,-0.534363,0.856936,0.598511,0.040671,-0.034254,0.068558,0.003942
889,1112.00,0.000,-9.356,7.6944,3.3351,51.8314,0.1155,2.5830,1.2339,0.0000,19.3855,0.0000,21.2871,0.0000,0.0000,3.5087,0.0549,0.0000,0.0000,0.0000,0.0000,0.0000,0.0000,0.0000,-115.107,-90.303,17.907,2.307,9.216,-0.537499,0.856427,0.602096,0.040535,-0.034083,0.068568,0.003957
890,1111.00,0.000,-9.368,7.8913,3.3367,51.8008,0.1161,2.5790,1.2397,0.0000,19.4896,0.0000,21.2005,0.0000,0.0000,3.5192,0.0551,0.0000,0.0000,0.0000,0.0000,0.0000,0.0000,0.0000,-117.931,-92.525,18.354,2.365,9.446,-0.540624,0.855914,0.605673,0.040400,-0.033913,0.068578,0.003972
891,1110.00,0.000,-9.381,8.0862,3.3383,51.7704,0.1166,2.5750,1.2454,0.0000,19.5934,0.0000,21.1141,0.0000,0.0000,3.5298,0.0553,0.0000,0.0000,0.0000,0.0000,0.0000,0.0000,0.0000,-120.718,-94.720,18.796,2.422,9.673,-0.543735,0.855398,0.609242,0.040264,-0.033742,0.068588,0.003986
892,1109.00,0.000,-9.394,8.2791,3.3399,51.7401,0.1172,2.5710,1.2512,0.0000,19.6968,0.0000,21.0278,0.0000,0.0000,3.5405,0.0555,0.0000,0.0000,0.0000,0.0000,0.0000,0.0000,0.0000,-123.470,-96.887,19.233,2.479,9.897,-0.546834,0.854877,0.612802,0.040128,-0.033571,0.068597,0.004001
893,1108.00,0.000,-9.407,8.4701,3.3415,51.7098,0.1178,2.5670,1.2569,0.0000,19.7998,0.0000,20.9418,0.0000,0.0000,3.5513,0.0556,0.0000,0.0000,0.0000,0.0000,0.0000,0.0000,0.0000,-126.188,-99.029,19.665,2.535,10.119,-0.549920,0.854353,0.616353,0.039993,-0.033400,0.068605,0.004016
894,1107.00,0.000,-9.420,8.6593,3.3431,51.6797,0.1183,2.5630,1.2625,0.0000,19.9024,0.0000,20.8561,0.0000,0.0000,3.5622,0.0558,0.0000,0.0000,0.0000,0.0000,0.0000,0.0000,0.0000,-128.873,-101.144,20.091,2.590,10.339,-0.552991,0.853824,0.619895,0.039857,-0.033229,0.068613,0.004030
895,1106.00,0.000,-9.433,8.8466,3.3446,51.6496,0.1189,2.5589,1.2682,0.0000,20.0046,0.0000,20.7706,0.0000,0.0000,3.5732,0.0560,0.0000,0.0000,0.0000,0.0000,0.0000,0.0000,0.0000,-131.525,-103.234,20.513,2.645,10.556,-0.556047,0.853292,0.623426,0.039722,-0.033058,0.068621,0.004045
896,1105.00,0.000,-9.445,9.0321,3.3462,51.6197,0.1195,2.5549,1.2738,0.0000,20.1063,0.0000,20.6853,0.0000,0.0000,3.5843,0.0562,0.0000,0.0000,0.0000,0.0000,0.0000,0.0000,0.0000,-134.144,-105.299,20.930,2.699,10.770,-0.559087,0.852755,0.626946,0.039586,-0.032887,0.068627,0.004059
897,1104.00,0.000,-9.458,9.2158,3.3478,51.5899,0.1200,2.5509,1.2794,0.0000,20.2076,0.0000,20.6003,0.0000,0.0000,3.5954,0.0563,0.0000,0.0000,0.0000,0.0000,0.0000,0.0000,0.0000,-136.733,-107.340,21.343,2.753,10.983,-0.562112,0.852215,0.630454,0.039451,-0.032715,0.068633,0.004074
898,1103.00,0.000,-9.471,9.3978,3.3493,51.5603,0.1206,2.5468,1.2850,0.0000,20.3084,0.0000,20.5156,0.0000,0.0000,3.6067,0.0565,0.0000,0.0000,0.0000,0.0000,0.0000,0.0000,0.0000,-139.291,-109.358,21.751,2.806,11.192,-0.565119,0.851670,0.633950,0.039315,-0.032543,0.068638,0.004088
899,1102.00,0.000,-9.484,9.5781,3.3509,51.5307,0.1212,2.5428,1.2906,0.0000,20.4088,0.0000,20.4312,0.0000,0.0000,3.6181,0.0567,0.0000,0.0000,0.0000,0.0000,0.0000,0.0000,0.0000,-141.819,-111.352,22.155,2.858,11.400,-0.568109,0.851121,0.637434,0.039180,-0.032372,0.068642,0.004103
900,1101.00,0.000,-9.497,9.7568,3.3524,51.5013,0.1218,2.5387,1.2961,0.0000,20.5086,0.0000,20.3471,0.0000,0.0000,3.6295,0.0568,0.0000,0.0000,0.0000,0.0000,0.0000,0.0000,0.0000,-144.317,-113.324,22.554,2.910,11.606,-0.571080,0.850568,0.640905,0.039045,-0.032200,0.068645,0.004117
901,1100.00,0.000,-9.510,9.9338,3.3540,51.4721,0.1224,2.5346,1.3015,0.0000,20.6079,0.0000,20.2634,0.0000,0.0000,3.6411,0.0570,0.0000,0.0000,0.0000,0.0000,0.0000,0.0000,0.0000,-146.786,-115.274,22.949,2.962,11.809,-0.574033,0.850011,0.644361,0.038910,-0.032028,0.068647,0.004131
902,1099.00,0.000,-9.523,10.1092,3.3555,51.4430,0.1230,2.5305,1.3070,0.0000,20.7067,0.0000,20.1799,0.0000,0.0000,3.6528,0.0572,0.0000,0.0000,0.0000,0.0000,0.0000,0.0000,0.0000,-149.227,-117.201,23.340,3.013,12.010,-0.576965,0.849450,0.647804,0.038775,-0.031856,0.068647,0.004146
903,1098.00,0.000,-9.536,10.2830,3.3571,51.4141,0.1236,2.5264,1.3124,0.0000,20.8049,0.0000,20.0968,0.0000,0.0000,3.6645,0.0573,0.0000,0.0000,0.0000,0.0000,0.0000,0.0000,0.0000,-151.640,-119.107,23.727,3.063,12.209,-0.579878,0.848884,0.651231,0.038640,-0.031683,0.068647,0.004160
904,1097.00,0.000,-9.549,10.4553,3.3586,51.3853,0.1242,2.5222,1.3177,0.0000,20.9026,0.0000,20.0141,0.0000,0.0000,3.6764,0.0575,0.0000,0.0000,0.0000,0.0000,0.0000,0.0000,0.0000,-154.026,-120.993,24.109,3.113,12.406,-0.582769,0.848314,0.654642,0.038505,-0.031511,0.068645,0.004174
905,1096.00,0.000,-9.562,10.6261,3.3601,51.3567,0.1248,2.5181,1.3230,0.0000,20.9997,0.0000,19.9317,0.0000,0.0000,3.6884,0.0576,0.0000,0.0000,0.0000,0.0000,0.0000,0.0000,0.0000,-156.385,-122.857,24.488,3.162,12.601,-0.585639,0.847739,0.658037,0.038370,-0.031339,0.068642,0.004188
906,1095.00,0.000,-9.575,10.7953,3.3616,51.3283,0.1254,2.5139,1.3283,0.0000,21.0962,0.0000,19.8497,0.0000,0.0000,3.7005,0.0578,0.0000,0.0000,0.0000,0.0000,0.0000,0.0000,0.0000,-158.718,-124.702,24.863,3.211,12.794,-0.588485,0.847160,0.661415,0.038236,-0.031166,0.068638,0.004202
907,1094.00,0.000,-9.588,10.9631,3.3631,51.3001,0.1260,2.5097,1.3335,0.0000,21.1921,0.0000,19.7681,0.0000,0.0000,3.7126,0.0580,0.0000,0.0000,0.0000,0.0000,0.0000,0.0000,0.0000,-161.025,-126.526,25.234,3.260,12.984,-0.591309,0.846577,0.664776,0.038101,-0.030993,0.068632,0.004216
908,1093.00,0.000,-9.601,11.1293,3.3646,51.2720,0.1266,2.5055,1.3386,0.0000,21.2873,0.0000,19.6869,0.0000,0.0000,3.7249,0.0581,0.0000,0.0000,0.0000,0.0000,0.0000,0.0000,0.0000,-163.306,-128.331,25.601,3.308,13.173,-0.594109,0.845990,0.668118,0.037967,-0.030820,0.068624,0.004230
909,1092.00,0.000,-9.614,11.2942,3.3661,51.2442,0.1272,2.5012,1.3437,0.0000,21.3819,0.0000,19.6061,0.0000,0.0000,3.7373,0.0583,0.0000,0.0000,0.0000,0.0000,0.0000,0.0000,0.0000,-165.561,-130.117,25.964,3.355,13.360,-0.596884,0.845398,0.671441,0.037833,-0.030647,0.068615,0.004244
910,1091.00,0.000,-9.627,11.4576,3.3676,51.2165,0.1279,2.4970,1.3487,0.0000,21.4758,0.0000,19.5258,0.0000,0.0000,3.7498,0.0585,0.0000,0.0000,0.0000,0.0000,0.0000,0.0000,0.0000,-167.792,-131.883,26.323,3.402,13.546,-0.599634,0.844802,0.674745,0.037698,-0.030474,0.068604,0.004258
911,1090.00,0.000,-9.641,11.6196,3.3691,51.1891,0.1285,2.4927,1.3537,0.0000,21.5691,0.0000,19.4459,0.0000,0.0000,3.7625,0.0586,0.0000,0.0000,0.0000,0.0000,0.0000,0.0000,0.0000,-169.999,-133.631,26.679,3.449,13.729,-0.602357,0.844201,0.678029,0.037565,-0.030301,0.068592,0.004272
912,1089.00,0.000,-9.654,11.7801,3.3706,51.1618,0.1291,2.4883,1.3586,0.0000,21.6616,0.0000,19.3665,0.0000,0.0000,3.7752,0.0588,0.0000,0.0000,0.0000,0.0000,0.0000,0.0000,0.0000,-172.181,-135.360,27.031,3.495,13.910,-0.605054,0.843596,0.681292,0.037431,-0.030128,0.068578,0.004286
913,1088.00,0.000,-9.667,11.9393,3.3720,51.1348,0.1297,2.4840,1.3635,0.0000,21.7535,0.0000,19.2876,0.0000,0.0000,3.7880,0.0589,0.0000,0.0000,0.0000,0.0000,0.0000,0.0000,0.0000,-174.340,-137.072,27.380,3.541,14.090,-0.607723,0.842987,0.684533,0.037297,-0.029955,0.068561,0.004299
914,1087.00,0.000,-9.680,12.0971,3.3735,51.1080,0.1304,2.4796,1.3682,0.0000,21.8446,0.0000,19.2091,0.0000,0.0000,3.8009,0.0591,0.0000,0.0000,0.0000,0.0000,0.0000,0.0000,0.0000,-176.475,-138.765,27.725,3.586,14.268,-0.610365,0.842373,0.687753,0.037164,-0.029782,0.068543,0.004313
915,1086.00,0.000,-9.693,12.2535,3.3749,51.0815,0.1310,2.4752,1.3729,0.0000,21.9349,0.0000,19.1311,0.0000,0.0000,3.8140,0.0592,0.0000,0.0000,0.0000,0.0000,0.0000,0.0000,0.0000,-178.586,-140.440,28.066,3.631,14.444,-0.612977,0.841755,0.690949,0.037031,-0.029609,0.068523,0.004327
916,1085.00,0.000,-9.707,12.4085,3.3763,51.0552,0.1317,2.4708,1.3776,0.0000,22.0245,0.0000,19.0537,0.0000,0.0000,3.8271,0.0594,0.0000,0.0000,0.0000,0.0000,0.0000,0.0000,0.0000,-180.675,-142.098,28.404,3.675,14.618,-0.615560,0.841133,0.694123,0.036899,-0.029435,0.068501,0.004340
917,1084.00,0.000,-9.720,12.5622,3.3778,51.0291,0.1323,2.4663,1.3821,0.0000,22.1134,0.0000,18.9768,0.0000,0.0000,3.8404,0.0596,0.0000,0.0000,0.0000,0.0000,0.0000,0.0000,0.0000,-182.741,-143.738,28.738,3.719,14.790,-0.618112,0.840506,0.697272,0.036766,-0.029262,0.068477,0.004354
918,1083.00,0.000,-9.733,12.7146,3.3792,51.0033,0.1330,2.4618,1.3866,0.0000,22.2014,0.0000,18.9004,0.0000,0.0000,3.8538,0.0597,0.0000,0.0000,0.0000,0.0000,0.0000,0.0000,0.0000,-184.784,-145.362,29.069,3.763,14.961,-0.620634,0.839875,0.700397,0.036634,-0.029089,0.068451,0.004367
919,1082.00,0.000,-9.746,12.8656,3.3806,50.9777,0.1336,2.4573,1.3910,0.0000,22.2886,0.0000,18.8246,0.0000,0.0000,3.8672,0.0599,0.0000,0.0000,0.0000,0.0000,0.0000,0.0000,0.0000,-186.805,-146.968,29.397,3.806,15.130,-0.623125,0.839240,0.703496,0.036503,-0.028917,0.068422,0.004381
920,1081.00,0.000,-9.760,13.0152,3.3820,50.9524,0.1343,2.4528,1.3953,0.0000,22.3750,0.0000,18.7493,0.0000,0.0000,3.8808,0.0600,0.0000,0.0000,0.0000,0.0000,0.0000,0.0000,0.0000,-188.803,-148.557,29.721,3.848,15.297,-0.625583,0.838601,0.706570,0.036371,-0.028744,0.068391,0.004394
921,1080.00,0.000,-9.773,13.1636,3.3833,50.9274,0.1350,2.4482,1.3995,0.0000,22.4606,0.0000,18.6746,0.0000,0.0000,3.8945,0.0602,0.0000,0.0000,0.0000,0.0000,0.0000,0.0000,0.0000,-190.780,-150.130,30.041,3.891,15.463,-0.628009,0.837957,0.709618,0.036240,-0.028571,0.068358,0.004407
922,1079.00,0.000,-9.786,13.3106,3.3847,50.9027,0.1356,2.4436,1.4037,0.0000,22.5453,0.0000,18.6006,0.0000,0.0000,3.9083,0.0603,0.0000,0.0000,0.0000,0.0000,0.0000,0.0000,0.0000,-192.735,-151.686,30.358,3.933,15.627,-0.630401,0.837309,0.712638,0.036110,-0.028399,0.068322,0.004421
923,1078.00,0.000,-9.800,13.4562,3.3861,50.8782,0.1363,2.4389,1.4077,0.0000,22.6291,0.0000,18.5271,0.0000,0.0000,3.9222,0.0605,0.0000,0.0000,0.0000,0.0000,0.0000,0.0000,0.0000,-194.668,-153.226,30.672,3.974,15.789,-0.632760,0.836658,0.715631,0.035980,-0.028227,0.068285,0.004434
924,1077.00,0.000,-9.813,13.6006,3.3874,50.8540,0.1370,2.4343,1.4117,0.0000,22.7121,0.0000,18.4542,0.0000,0.0000,3.9361,0.0606,0.0000,0.0000,0.0000,0.0000,0.0000,0.0000,0.0000,-196.580,-154.749,30.982,4.015,15.949,-0.635084,0.836002,0.718596,0.035851,-0.028055,0.068244,0.004447
925,1076.00,0.000,-9.827,13.7436,3.3887,50.8301,0.1377,2.4296,1.4155,0.0000,22.7942,0.0000,18.3819,0.0000,0.0000,3.9502,0.0608,0.0000,0.0000,0.0000,0.0000,0.0000,0.0000,0.0000,-198.470,-156.256,31.289,4.056,16.108,-0.637374,0.835342,0.721532,0.035722,-0.027883,0.068201,0.004460
926,1075.00,0.000,-9.840,13.8853,3.3901,50.8065,0.1384,2.4248,1.4193,0.0000,22.8754,0.0000,18.3103,0.0000,0.0000,3.9644,0.0609,0.0000,0.0000,0.0000,0.0000,0.0000,0.0000,0.0000,-200.340,-157.748,31.593,4.096,16.265,-0.639628,0.834679,0.724439,0.035593,-0.027712,0.068156,0.004473
927,1074.00,0.000,-9.853,14.0256,3.3914,50.7832,0.1391,2.4201,1.4229,0.0000,22.9556,0.0000,18.2394,0.0000,0.0000,3.9787,0.0611,0.0000,0.0000,0.0000,0.0000,0.0000,0.0000,0.0000,-202.188,-159.223,31.893,4.136,16.420,-0.641846,0.834012,0.727316,0.035465,-0.027541,0.068108,0.004486
928,1073.00,0.000,-9.867,14.1646,3.3927,50.7601,0.1398,2.4153,1.4265,0.0000,23.0350,0.0000,18.1690,0.0000,0.0000,3.9931,0.0612,0.0000,0.0000,0.0000,0.0000,0.0000,0.0000,0.0000,-204.015,-160.682,32.190,4.175,16.574,-0.644028,0.833341,0.730164,0.035338,-0.027371,0.068057,0.004499
929,1072.00,0.000,-9.880,14.3024,3.3940,50.7374,0.1405,2.4104,1.4299,0.0000,23.1134,0.0000,18.0994,0.0000,0.0000,4.0076,0.0614,0.0000,0.0000,0.0000,0.0000,0.0000,0.0000,0.0000,-205.821,-162.126,32.484,4.214,16.726,-0.646173,0.832666,0.732980,0.035212,-0.027201,0.068004,0.004512
930,1071.00,0.000,-9.894,14.4387,3.3952,50.7150,0.1412,2.4056,1.4333,0.0000,23.1908,0.0000,18.0304,0.0000,0.0000,4.0222,0.0615,0.0000,0.0000,0.0000,0.0000,0.0000,0.0000,0.0000,-207.607,-163.554,32.774,4.253,16.877,-0.648281,0.831988,0.735766,0.035086,-0.027031,0.067948,0.004524
931,1070.00,0.000,-9.908,14.5738,3.3965,50.6930,0.1419,2.4007,1.4365,0.0000,23.2673,0.0000,17.9621,0.0000,0.0000,4.0368,0.0617,0.0000,0.0000,0.0000,0.0000,0.0000,0.0000,0.0000,-209.372,-164.966,33.061,4.291,17.026,-0.650352,0.831306,0.738520,0.034961,-0.026862,0.067890,0.004537
932,1069.00,0.000,-9.921,14.7075,3.3977,50.6712,0.1426,2.3958,1.4397,0.0000,23.3428,0.0000,17.8945,0.0000,0.0000,4.0516,0.0618,0.0000,0.0000,0.0000,0.0000,0.0000,0.0000,0.0000,-211.116,-166.363,33.345,4.329,17.173,-0.652385,0.830621,0.741242,0.034836,-0.026693,0.067829,0.004550
933,1068.00,0.000,-9.935,14.8399,3.3990,50.6498,0.1433,2.3908,1.4427,0.0000,23.4174,0.0000,17.8276,0.0000,0.0000,4.0664,0.0619,0.0000,0.0000,0.0000,0.0000,0.0000,0.0000,0.0000,-212.840,-167.744,33.625,4.366,17.318,-0.654379,0.829933,0.743932,0.034712,-0.026525,0.067765,0.004562
934,1067.00,0.000,-9.948,14.9709,3.4002,50.6286,0.1440,2.3859,1.4456,0.0000,23.4910,0.0000,17.7615,0.0000,0.0000,4.0814,0.0621,0.0000,0.0000,0.0000,0.0000,0.0000,0.0000,0.0000,-214.543,-169.110,33.902,4.403,17.462,-0.656336,0.829242,0.746589,0.034590,-0.026358,0.067698,0.004575
935,1066.00,0.000,-9.962,15.1007,3.4014,50.6079,0.1447,2.3809,1.4484,0.0000,23.5636,0.0000,17.6960,0.0000,0.0000,4.0964,0.0622,0.0000,0.0000,0.0000,0.0000,0.0000,0.0000,0.0000,-216.226,-170.460,34.175,4.440,17.604,-0.658253,0.828547,0.749214,0.034468,-0.026191,0.067629,0.004587
936,1065.00,0.000,-9.976,15.2290,3.4026,50.5874,0.1455,2.3758,1.4510,0.0000,23.6352,0.0000,17.6313,0.0000,0.0000,4.1115,0.0624,0.0000,0.0000,0.0000,0.0000,0.0000,0.0000,0.0000,-217.889,-171.796,34.446,4.476,17.745,-0.660132,0.827850,0.751805,0.034346,-0.026025,0.067557,0.004599
937,1064.00,0.000,-9.989,15.2951,3.4024,50.6075,0.1428,2.3557,1.4381,0.0000,23.6198,0.0000,17.6255,0.0000,0.0000,4.1481,0.0624,0.0000,0.0000,0.0000,0.0000,0.0000,0.0000,0.0000,-218.831,-172.592,34.580,4.495,17.820,-0.657418,0.826355,0.751298,0.034002,-0.025831,0.066990,0.004604
938,1063.00,0.000,-10.003,15.3961,3.4030,50.6029,0.1423,2.3451,1.4346,0.0000,23.6565,0.0000,17.5846,0.0000,0.0000,4.1715,0.0625,0.0000,0.0000,0.0000,0.0000,0.0000,0.0000,0.0000,-220.169,-173.684,34.790,4.524,17.932,-0.657484,0.825354,0.752644,0.033802,-0.025660,0.066730,0.004613
939,1062.00,0.000,-10.017,15.4951,3.4036,50.5985,0.1418,2.3346,1.4311,0.0000,23.6923,0.0000,17.5442,0.0000,0.0000,4.1948,0.0627,0.0000,0.0000,0.0000,0.0000,0.0000,0.0000,0.0000,-221.479,-174.755,34.996,4.553,18.041,-0.657524,0.824354,0.753960,0.033606,-0.025491,0.066471,0.004623
940,1061.00,0.000,-10.030,15.5924,3.4042,50.5943,0.1413,2.3242,1.4276,0.0000,23.7272,0.0000,17.5045,0.0000,0.0000,4.2181,0.0628,0.0000,0.0000,0.0000,0.0000,0.0000,0.0000,0.0000,-222.763,-175.806,35.197,4.580,18.148,-0.657539,0.823357,0.755248,0.033414,-0.025325,0.066214,0.004632
941,1060.00,0.000,-10.044,15.6878,3.4048,50.5902,0.1408,2.3139,1.4241,0.0000,23.7614,0.0000,17.4654,0.0000,0.0000,4.2413,0.0629,0.0000,0.0000,0.0000,0.0000,0.0000,0.0000,0.0000,-224.022,-176.837,35.394,4.608,18.253,-0.657530,0.822362,0.756506,0.033225,-0.025161,0.065957,0.004641
942,1059.00,0.000,-10.058,15.7814,3.4054,50.5863,0.1404,2.3038,1.4205,0.0000,23.7947,0.0000,17.4269,0.0000,0.0000,4.2644,0.0630,0.0000,0.0000,0.0000,0.0000,0.0000,0.0000,0.0000,-225.256,-177.850,35.587,4.634,18.356,-0.657498,0.821369,0.757737,0.033040,-0.025000,0.065702,0.004650
943,1058.00,0.000,-10.072,15.8734,3.4060,50.5825,0.1399,2.2938,1.4168,0.0000,23.8273,0.0000,17.3890,0.0000,0.0000,4.2876,0.0631,0.0000,0.0000,0.0000,0.0000,0.0000,0.0000,0.0000,-226.466,-178.844,35.775,4.660,18.457,-0.657443,0.820379,0.758941,0.032858,-0.024842,0.065449,0.004659
944,1057.00,0.000,-10.085,15.9637,3.4065,50.5788,0.1395,2.2839,1.4131,0.0000,23.8591,0.0000,17.3516,0.0000,0.0000,4.3107,0.0632,0.0000,0.0000,0.0000,0.0000,0.0000,0.0000,0.0000,-227.653,-179.820,35.960,4.686,18.556,-0.657365,0.819390,0.760117,0.032680,-0.024686,0.065196,0.004667
945,1056.00,0.000,-10.099,16.0523,3.4071,50.5753,0.1391,2.2742,1.4094,0.0000,23.8902,0.0000,17.3148,0.0000,0.0000,4.3337,0.0633,0.0000,0.0000,0.0000,0.0000,0.0000,0.0000,0.0000,-228.817,-180.779,36.141,4.711,18.653,-0.657265,0.818404,0.761267,0.032506,-0.024533,0.064945,0.004676
946,1055.00,0.000,-10.113,16.1394,3.4076,50.5720,0.1387,2.2645,1.4057,0.0000,23.9205,0.0000,17.2786,0.0000,0.0000,4.3567,0.0634,0.0000,0.0000,0.0000,0.0000,0.0000,0.0000,0.0000,-229.958,-181.722,36.319,4.736,18.748,-0.657144,0.817421,0.762392,0.032334,-0.024382,0.064695,0.004685
947,1054.00,0.000,-10.127,16.2249,3.4082,50.5687,0.1384,2.2550,1.4019,0.0000,23.9501,0.0000,17.2428,0.0000,0.0000,4.3796,0.0635,0.0000,0.0000,0.0000,0.0000,0.0000,0.0000,0.0000,-231.078,-182.647,36.492,4.761,18.841,-0.657002,0.816440,0.763491,0.032167,-0.024234,0.064446,0.004693
948,1053.00,0.000,-10.141,16.3089,3.4087,50.5656,0.1380,2.2455,1.3980,0.0000,23.9791,0.0000,17.2077,0.0000,0.0000,4.4024,0.0636,0.0000,0.0000,0.0000,0.0000,0.0000,0.0000,0.0000,-232.177,-183.557,36.663,4.784,18.933,-0.656840,0.815462,0.764565,0.032002,-0.024088,0.064198,0.004702
949,1052.00,0.000,-10.155,16.3915,3.4092,50.5627,0.1377,2.2362,1.3942,0.0000,24.0073,0.0000,17.1730,0.0000,0.0000,4.4253,0.0637,0.0000,0.0000,0.0000,0.0000,0.0000,0.0000,0.0000,-233.256,-184.451,36.829,4.808,19.023,-0.656659,0.814486,0.765615,0.031840,-0.023945,0.063952,0.004710
950,1051.00,0.000,-10.169,16.4726,3.4097,50.5598,0.1373,2.2270,1.3903,0.0000,24.0348,0.0000,17.1389,0.0000,0.0000,4.4480,0.0638,0.0000,0.0000,0.0000,0.0000,0.0000,0.0000,0.0000,-234.314,-185.330,36.993,4.831,19.111,-0.656458,0.813513,0.766641,0.031682,-0.023803,0.063707,0.004718
951,1050.00,0.000,-10.183,16.5523,3.4102,50.5571,0.1370,2.2179,1.3864,0.0000,24.0617,0.0000,17.1052,0.0000,0.0000,4.4707,0.0639,0.0000,0.0000,0.0000,0.0000,0.0000,0.0000,0.0000,-235.353,-186.194,37.153,4.854,19.198,-0.656238,0.812543,0.767644,0.031526,-0.023665,0.063463,0.004726
952,1049.00,0.000,-10.197,16.6307,3.4107,50.5545,0.1367,2.2088,1.3824,0.0000,24.0880,0.0000,17.0721,0.0000,0.0000,4.4934,0.0640,0.0000,0.0000,0.0000,0.0000,0.0000,0.0000,0.0000,-236.373,-187.044,37.310,4.876,19.283,-0.656000,0.811576,0.768623,0.031374,-0.023528,0.063221,0.004734
953,1048.00,0.000,-10.211,16.7077,3.4112,50.5521,0.1364,2.1999,1.3785,0.0000,24.1136,0.0000,17.0394,0.0000,0.0000,4.5159,0.0641,0.0000,0.0000,0.0000,0.0000,0.0000,0.0000,0.0000,-237.375,-187.880,37.464,4.898,19.367,-0.655745,0.810611,0.769581,0.031224,-0.023394,0.062980,0.004742
954,1047.00,0.000,-10.225,16.7834,3.4117,50.5497,0.1362,2.1911,1.3745,0.0000,24.1386,0.0000,17.0073,0.0000,0.0000,4.5384,0.0642,0.0000,0.0000,0.0000,0.0000,0.0000,0.0000,0.0000,-238.358,-188.702,37.614,4.919,19.449,-0.655472,0.809650,0.770516,0.031078,-0.023261,0.062740,0.004750
955,1046.00,0.000,-10.239,16.8578,3.4122,50.5475,0.1359,2.1824,1.3704,0.0000,24.1630,0.0000,16.9756,0.0000,0.0000,4.5609,0.0643,0.0000,0.0000,0.0000,0.0000,0.0000,0.0000,0.0000,-239.324,-189.510,37.762,4.940,19.530,-0.655183,0.808692,0.771430,0.030934,-0.023131,0.062501,0.004758
956,1045.00,0.000,-10.253,16.9310,3.4126,50.5454,0.1356,2.1738,1.3664,0.0000,24.1868,0.0000,16.9443,0.0000,0.0000,4.5833,0.0644,0.0000,0.0000,0.0000,0.0000,0.0000,0.0000,0.0000,-240.273,-190.306,37.907,4.961,19.609,-0.654878,0.807736,0.772323,0.030793,-0.023003,0.062263,0.004766
957,1044.00,0.000,-10.267,17.0030,3.4131,50.5434,0.1354,2.1652,1.3623,0.0000,24.2101,0.0000,16.9136,0.0000,0.0000,4.6056,0.0645,0.0000,0.0000,0.0000,0.0000,0.0000,0.0000,0.0000,-241.205,-191.088,38.049,4.982,19.687,-0.654556,0.806784,0.773196,0.030654,-0.022877,0.062027,0.004773
958,1043.00,0.000,-10.281,17.0738,3.4135,50.5415,0.1352,2.1568,1.3582,0.0000,24.2327,0.0000,16.8832,0.0000,0.0000,4.6278,0.0646,0.0000,0.0000,0.0000,0.0000,0.0000,0.0000,0.0000,-242.120,-191.859,38.188,5.002,19.763,-0.654220,0.805835,0.774048,0.030518,-0.022754,0.061792,0.004781
959,1042.00,0.000,-10.295,17.1434,3.4140,50.5397,0.1349,2.1485,1.3541,0.0000,24.2548,0.0000,16.8534,0.0000,0.0000,4.6500,0.0646,0.0000,0.0000,0.0000,0.0000,0.0000,0.0000,0.0000,-243.020,-192.617,38.325,5.022,19.838,-0.653868,0.804889,0.774880,0.030385,-0.022632,0.061558,0.004788
960,1041.00,0.000,-10.309,17.2119,3.4144,50.5380,0.1347,2.1402,1.3500,0.0000,24.2764,0.0000,16.8239,0.0000,0.0000,4.6721,0.0647,0.0000,0.0000,0.0000,0.0000,0.0000,0.0000,0.0000,-243.904,-193.363,38.459,5.041,19.912,-0.653502,0.803947,0.775693,0.030254,-0.022512,0.061325,0.004796
961,1040.00,0.000,-10.323,17.2792,3.4148,50.5364,0.1345,2.1320,1.3458,0.0000,24.2974,0.0000,16.7949,0.0000,0.0000,4.6941,0.0648,0.0000,0.0000,0.0000,0.0000,0.0000,0.0000,0.0000,-244.773,-194.098,38.590,5.060,19.985,-0.653122,0.803008,0.776487,0.030125,-0.022394,0.061093,0.004803
962,1039.00,0.000,-10.337,17.3455,3.4152,50.5349,0.1343,2.1240,1.3416,0.0000,24.3180,0.0000,16.7663,0.0000,0.0000,4.7161,0.0649,0.0000,0.0000,0.0000,0.0000,0.0000,0.0000,0.0000,-245.627,-194.822,38.719,5.079,20.056,-0.652729,0.802072,0.777262,0.029999,-0.022278,0.060863,0.004810
963,1038.00,0.000,-10.352,17.4108,3.4156,50.5335,0.1341,2.1160,1.3374,0.0000,24.3380,0.0000,16.7381,0.0000,0.0000,4.7379,0.0650,0.0000,0.0000,0.0000,0.0000,0.0000,0.0000,0.0000,-246.466,-195.534,38.845,5.097,20.126,-0.652322,0.801140,0.778019,0.029876,-0.022164,0.060634,0.004817
964,1037.00,0.000,-10.366,17.4750,3.4160,50.5322,0.1340,2.1081,1.3332,0.0000,24.3575,0.0000,16.7103,0.0000,0.0000,4.7597,0.0651,0.0000,0.0000,0.0000,0.0000,0.0000,0.0000,0.0000,-247.292,-196.236,38.969,5.116,20.195,-0.651903,0.800212,0.778758,0.029754,-0.022052,0.060406,0.004824
965,1036.00,0.000,-10.380,17.5381,3.4164,50.5310,0.1338,2.1002,1.3290,0.0000,24.3765,0.0000,16.6829,0.0000,0.0000,4.7815,0.0652,0.0000,0.0000,0.0000,0.0000,0.0000,0.0000,0.0000,-248.103,-196.927,39.091,5.133,20.263,-0.651471,0.799286,0.779480,0.029635,-0.021941,0.060179,0.004831
966,1035.00,0.000,-10.394,17.6003,3.4168,50.5299,0.1336,2.0925,1.3247,0.0000,24.3950,0.0000,16.6559,0.0000,0.0000,4.8031,0.0652,0.0000,0.0000,0.0000,0.0000,0.0000,0.0000,0.0000,-248.901,-197.608,39.210,5.151,20.329,-0.651027,0.798365,0.780184,0.029518,-0.021832,0.059954,0.004838
967,1034.00,0.000,-10.409,17.6615,3.4172,50.5289,0.1335,2.0848,1.3204,0.0000,24.4131,0.0000,16.6293,0.0000,0.0000,4.8247,0.0653,0.0000,0.0000,0.0000,0.0000,0.0000,0.0000,0.0000,-249.685,-198.279,39.327,5.168,20.395,-0.650572,0.797447,0.780872,0.029404,-0.021725,0.059729,0.004845
968,1033.00,0.000,-10.423,17.7218,3.4176,50.5279,0.1333,2.0772,1.3162,0.0000,24.4308,0.0000,16.6030,0.0000,0.0000,4.8461,0.0654,0.0000,0.0000,0.0000,0.0000,0.0000,0.0000,0.0000,-250.456,-198.939,39.442,5.185,20.459,-0.650105,0.796533,0.781544,0.029291,-0.021620,0.059506,0.004851
969,1032.00,0.000,-10.437,17.7811,3.4180,50.5271,0.1332,2.0697,1.3119,0.0000,24.4479,0.0000,16.5772,0.0000,0.0000,4.8675,0.0655,0.0000,0.0000,0.0000,0.0000,0.0000,0.0000,0.0000,-251.215,-199.590,39.555,5.202,20.522,-0.649628,0.795623,0.782199,0.029180,-0.021517,0.059284,0.004858
970,1031.00,0.000,-10.452,17.8395,3.4183,50.5263,0.1331,2.0623,1.3075,0.0000,24.4647,0.0000,16.5517,0.0000,0.0000,4.8888,0.0656,0.0000,0.0000,0.0000,0.0000,0.0000,0.0000,0.0000,-251.961,-200.232,39.665,5.219,20.585,-0.649140,0.794716,0.782839,0.029072,-0.021415,0.059063,0.004864
971,1030.00,0.000,-10.466,17.8970,3.4187,50.5257,0.1329,2.0549,1.3032,0.0000,24.4810,0.0000,16.5266,0.0000,0.0000,4.9101,0.0656,0.0000,0.0000,0.0000,0.0000,0.0000,0.0000,0.0000,-252.695,-200.865,39.773,5.235,20.646,-0.648641,0.793814,0.783463,0.028965,-0.021315,0.058843,0.004870
972,1029.00,0.000,-10.481,17.9536,3.4190,50.5251,0.1328,2.0476,1.2989,0.0000,24.4969,0.0000,16.5018,0.0000,0.0000,4.9312,0.0657,0.0000,0.0000,0.0000,0.0000,0.0000,0.0000,0.0000,-253.417,-201.488,39.880,5.251,20.706,-0.648134,0.792915,0.784073,0.028861,-0.021216,0.058624,0.004877
973,1028.00,0.000,-10.495,18.0093,3.4194,50.5245,0.1327,2.0404,1.2945,0.0000,24.5124,0.0000,16.4774,0.0000,0.0000,4.9522,0.0658,0.0000,0.0000,0.0000,0.0000,0.0000,0.0000,0.0000,-254.128,-202.102,39.984,5.267,20.765,-0.647616,0.792020,0.784667,0.028758,-0.021119,0.058407,0.004883
974,1027.00,0.000,-10.509,18.0643,3.4197,50.5241,0.1326,2.0332,1.2902,0.0000,24.5275,0.0000,16.4533,0.0000,0.0000,4.9732,0.0659,0.0000,0.0000,0.0000,0.0000,0.0000,0.0000,0.0000,-254.827,-202.708,40.086,5.282,20.824,-0.647090,0.791129,0.785247,0.028658,-0.021023,0.058190,0.004889
975,1026.00,0.000,-10.524,18.1183,3.4201,50.5237,0.1325,2.0262,1.2858,0.0000,24.5422,0.0000,16.4296,0.0000,0.0000,4.9941,0.0659,0.0000,0.0000,0.0000,0.0000,0.0000,0.0000,0.0000,-255.514,-203.306,40.187,5.298,20.881,-0.646555,0.790242,0.785813,0.028559,-0.020929,0.057975,0.004895
976,1025.00,0.000,-10.538,18.1716,3.4204,50.5234,0.1324,2.0192,1.2814,0.0000,24.5565,0.0000,16.4062,0.0000,0.0000,5.0149,0.0660,0.0000,0.0000,0.0000,0.0000,0.0000,0.0000,0.0000,-256.191,-203.895,40.285,5.313,20.938,-0.646011,0.789359,0.786365,0.028461,-0.020837,0.057761,0.004901
977,1024.00,0.000,-10.553,18.2241,3.4207,50.5232,0.1323,2.0122,1.2771,0.0000,24.5705,0.0000,16.3831,0.0000,0.0000,5.0356,0.0661,0.0000,0.0000,0.0000,0.0000,0.0000,0.0000,0.0000,-256.857,-204.475,40.382,5.328,20.993,-0.645459,0.788481,0.786904,0.028366,-0.020746,0.057548,0.004907
978,1023.00,0.000,-10.567,18.2758,3.4210,50.5231,0.1322,2.0053,1.2727,0.0000,24.5841,0.0000,16.3603,0.0000,0.0000,5.0562,0.0662,0.0000,0.0000,0.0000,0.0000,0.0000,0.0000,0.0000,-257.513,-205.048,40.477,5.342,21.048,-0.644899,0.787606,0.787429,0.028272,-0.020656,0.057336,0.004912
979,1022.00,0.000,-10.582,18.3267,3.4214,50.5230,0.1321,1.9985,1.2683,0.0000,24.5973,0.0000,16.3379,0.0000,0.0000,5.0767,0.0662,0.0000,0.0000,0.0000,0.0000,0.0000,0.0000,0.0000,-258.158,-205.613,40.570,5.357,21.102,-0.644331,0.786735,0.787942,0.028180,-0.020568,0.057125,0.004918
980,1021.00,0.000,-10.597,18.3769,3.4217,50.5230,0.1321,1.9918,1.2638,0.0000,24.6102,0.0000,16.3158,0.0000,0.0000,5.0971,0.0663,0.0000,0.0000,0.0000,0.0000,0.0000,0.0000,0.0000,-258.793,-206.170,40.662,5.371,21.155,-0.643757,0.785869,0.788441,0.028090,-0.020482,0.056915,0.004923
981,1020.00,0.000,-10.611,18.4263,3.4220,50.5231,0.1320,1.9851,1.2594,0.0000,24.6227,0.0000,16.2940,0.0000,0.0000,5.1174,0.0664,0.0000,0.0000,0.0000,0.0000,0.0000,0.0000,0.0000,-259.418,-206.720,40.751,5.385,21.207,-0.643175,0.785007,0.788928,0.028001,-0.020396,0.056706,0.004929
982,1019.00,0.000,-10.626,18.4750,3.4223,50.5232,0.1319,1.9785,1.2550,0.0000,24.6349,0.0000,16.2725,0.0000,0.0000,5.1376,0.0664,0.0000,0.0000,0.0000,0.0000,0.0000,0.0000,0.0000,-260.033,-207.262,40.839,5.398,21.258,-0.642586,0.784149,0.789404,0.027914,-0.020312,0.056498,0.004934
983,1018.00,0.000,-10.640,18.5230,3.4226,50.5234,0.1318,1.9719,1.2506,0.0000,24.6468,0.0000,16.2513,0.0000,0.0000,5.1578,0.0665,0.0000,0.0000,0.0000,0.0000,0.0000,0.0000,0.0000,-260.638,-207.797,40.926,5.412,21.308,-0.641991,0.783295,0.789867,0.027828,-0.020229,0.056292,0.004939
984,1017.00,0.000,-10.655,18.5703,3.4229,50.5236,0.1318,1.9654,1.2461,0.0000,24.6583,0.0000,16.2304,0.0000,0.0000,5.1778,0.0665,0.0000,0.0000,0.0000,0.0000,0.0000,0.0000,0.0000,-261.235,-208.325,41.011,5.425,21.358,-0.641390,0.782445,0.790318,0.027744,-0.020148,0.056086,0.004944
985,1016.00,0.000,-10.670,18.6169,3.4232,50.5239,0.1317,1.9590,1.2417,0.0000,24.6696,0.0000,16.2098,0.0000,0.0000,5.1977,0.0666,0.0000,0.0000,0.0000,0.0000,0.0000,0.0000,0.0000,-261.822,-208.846,41.094,5.439,21.407,-0.640783,0.781600,0.790758,0.027662,-0.020068,0.055881,0.004950
986,1015.00,0.000,-10.685,18.6629,3.4234,50.5243,0.1317,1.9526,1.2372,0.0000,24.6805,0.0000,16.1894,0.0000,0.0000,5.2176,0.0667,0.0000,0.0000,0.0000,0.0000,0.0000,0.0000,0.0000,-262.400,-209.360,41.175,5.452,21.455,-0.640170,0.780759,0.791187,0.027581,-0.019989,0.055678,0.004954
987,1014.00,0.000,-10.699,18.7082,3.4237,50.5247,0.1316,1.9462,1.2328,0.0000,24.6912,0.0000,16.1694,0.0000,0.0000,5.2373,0.0667,0.0000,0.0000,0.0000,0.0000,0.0000,0.0000,0.0000,-262.969,-209.867,41.256,5.464,21.503,-0.639551,0.779922,0.791605,0.027501,-0.019911,0.055475,0.004959
988,1013.00,0.000,-10.714,18.7528,3.4240,50.5252,0.1316,1.9400,1.2283,0.0000,24.7015,0.0000,16.1496,0.0000,0.0000,5.2570,0.0668,0.0000,0.0000,0.0000,0.0000,0.0000,0.0000,0.0000,-263.529,-210.367,41.334,5.477,21.549,-0.638928,0.779090,0.792013,0.027422,-0.019835,0.055274,0.004964
989,1012.00,0.000,-10.729,18.7968,3.4243,50.5258,0.1315,1.9337,1.2239,0.0000,24.7116,0.0000,16.1301,0.0000,0.0000,5.2765,0.0668,0.0000,0.0000,0.0000,0.0000,0.0000,0.0000,0.0000,-264.081,-210.861,41.411,5.489,21.595,-0.638299,0.778262,0.792409,0.027345,-0.019760,0.055073,0.004969
990,1011.00,0.000,-10.744,18.8402,3.4245,50.5264,0.1315,1.9276,1.2194,0.0000,24.7214,0.0000,16.1109,0.0000,0.0000,5.2960,0.0669,0.0000,0.0000,0.0000,0.0000,0.0000,0.0000,0.0000,-264.625,-211.349,41.487,5.502,21.641,-0.637665,0.777438,0.792796,0.027270,-0.019686,0.054874,0.004973
991,1010.00,0.000,-10.758,19.2000,3.4291,50.4302,0.1269,1.9353,1.2462,0.0000,25.0263,0.0000,15.8752,0.0000,0.0000,5.2929,0.0669,0.0000,0.0000,0.0000,0.0000,0.0000,0.0000,0.0000,-268.896,-214.706,42.232,5.599,22.017,-0.649058,0.777201,0.803886,0.026970,-0.019637,0.055657,0.004981
992,1009.00,0.000,-10.773,19.2879,3.4301,50.4156,0.1262,1.9314,1.2466,0.0000,25.0850,0.0000,15.8231,0.0000,0.0000,5.3053,0.0669,0.0000,0.0000,0.0000,0.0000,0.0000,0.0000,0.0000,-269.944,-215.579,42.401,5.623,22.109,-0.650541,0.776614,0.806039,0.026863,-0.019571,0.055612,0.004984
992,1009.00,0.000,-10.773,0.0058,3.3449,49.8045,0.6917,2.8742,2.0185,0.0000,13.6452,0.0000,12.0851,0.0000,0.0000,18.6428,0.2381,0.0000,0.0000,0.0000,0.0000,0.0000,0.0000,0.0000,-0.086,-0.070,0.013,0.002,0.007,0.221527,0.222194,0.434327,0.046571,-0.006976,0.064789,0.017568
993,1008.00,0.000,-10.788,19.3264,3.4312,50.4005,0.1252,1.9274,1.2461,0.0000,25.1627,0.0000,15.7784,0.0000,0.0000,5.2931,0.0667,0.0000,0.0000,0.0000,0.0000,0.0000,0.0000,0.0000,-270.269,-215.869,42.462,5.632,22.143,-0.653652,0.777058,0.808816,0.026766,-0.019532,0.055574,0.004969
993,1008.00,0.000,-10.788,0.0646,3.3455,49.7983,0.6898,2.8692,2.0190,0.0000,13.6824,0.0000,12.0556,0.0000,0.0000,18.6477,0.2381,0.0000,0.0000,0.0000,0.0000,0.0000,0.0000,0.0000,-0.961,-0.781,0.140,0.019,0.073,0.220745,0.221840,0.435598,0.046408,-0.006914,0.064751,0.017572
994,1007.00,0.000,-10.803,19.3652,3.4324,50.3855,0.1241,1.9234,1.2457,0.0000,25.2403,0.0000,15.7336,0.0000,0.0000,5.2808,0.0665,0.0000,0.0000,0.0000,0.0000,0.0000,0.0000,0.0000,-270.599,-216.163,42.523,5.642,22.179,-0.656763,0.777503,0.811592,0.026671,-0.019493,0.055536,0.004954
994,1007.00,0.000,-10.803,0.1226,3.3461,49.7921,0.6879,2.8643,2.0194,0.0000,13.7195,0.0000,12.0261,0.0000,0.0000,18.6526,0.2381,0.0000,0.0000,0.0000,0.0000,0.0000,0.0000,0.0000,-1.822,-1.482,0.266,0.037,0.139,0.219964,0.221486,0.436867,0.046246,-0.006852,0.064713,0.017576
995,1006.00,0.000,-10.818,19.4045,3.4335,50.3705,0.1231,1.9195,1.2453,0.0000,25.3177,0.0000,15.6890,0.0000,0.0000,5.2685,0.0662,0.0000,0.0000,0.0000,0.0000,0.0000,0.0000,0.0000,-270.935,-216.462,42.585,5.652,22.214,-0.659872,0.777948,0.814364,0.026577,-0.019455,0.055498,0.004939
995,1006.00,0.000,-10.818,0.1797,3.3467,49.7859,0.6861,2.8594,2.0199,0.0000,13.7566,0.0000,11.9967,0.0000,0.0000,18.6575,0.2381,0.0000,0.0000,0.0000,0.0000,0.0000,0.0000,0.0000,-2.671,-2.173,0.389,0.054,0.204,0.219184,0.221132,0.438133,0.046087,-0.006791,0.064676,0.017580
996,1005.00,0.000,-10.833,19.4442,3.4346,50.3555,0.1221,1.9157,1.2449,0.0000,25.3951,0.0000,15.6445,0.0000,0.0000,5.2563,0.0660,0.0000,0.0000,0.0000,0.0000,0.0000,0.0000,0.0000,-271.276,-216.765,42.648,5.661,22.250,-0.662980,0.778394,0.817135,0.026484,-0.019417,0.055461,0.004924
996,1005.00,0.000,-10.833,0.2361,3.3473,49.7796,0.6842,2.8546,2.0203,0.0000,13.7935,0.0000,11.9673,0.0000,0.0000,18.6624,0.2381,0.0000,0.0000,0.0000,0.0000,0.0000,0.0000,0.0000,-3.507,-2.854,0.511,0.071,0.268,0.218404,0.220778,0.439396,0.045929,-0.006730,0.064639,0.017584
997,1004.00,0.000,-10.848,19.4843,3.4357,50.3405,0.1211,1.9118,1.2445,0.0000,25.4723,0.0000,15.6000,0.0000,0.0000,5.2440,0.0658,0.0000,0.0000,0.0000,0.0000,0.0000,0.0000,0.0000,-271.623,-217.073,42.712,5.671,22.287,-0.666087,0.778840,0.819903,0.026391,-0.019380,0.055423,0.004909
997,1004.00,0.000,-10.848,0.2917,3.3479,49.7733,0.6824,2.8498,2.0207,0.0000,13.8304,0.0000,11.9379,0.0000,0.0000,18.6673,0.2381,0.0000,0.0000,0.0000,0.0000,0.0000,0.0000,0.0000,-4.331,-3.525,0.631,0.087,0.331,0.217626,0.220425,0.440656,0.045773,-0.006670,0.064603,0.017587
998,1003.00,0.000,-10.863,19.5248,3.4369,50.3256,0.1201,1.9080,1.2440,0.0000,25.5494,0.0000,15.5556,0.0000,0.0000,5.2317,0.0656,0.0000,0.0000,0.0000,0.0000,0.0000,0.0000,0.0000,-271.975,-217.385,42.777,5.681,22.324,-0.669193,0.779286,0.822668,0.026300,-0.019343,0.055386,0.004895
998,1003.00,0.000,-10.863,0.3466,3.3485,49.7670,0.6806,2.8451,2.0211,0.0000,13.8672,0.0000,11.9086,0.0000,0.0000,18.6722,0.2381,0.0000,0.0000,0.0000,0.0000,0.0000,0.0000,0.0000,-5.144,-4.187,0.749,0.104,0.393,0.216848,0.220071,0.441914,0.045619,-0.006610,0.064567,0.017591
999,1002.00,0.000,-10.878,19.5658,3.4380,50.3106,0.1192,1.9042,1.2436,0.0000,25.6264,0.0000,15.5112,0.0000,0.0000,5.2195,0.0653,0.0000,0.0000,0.0000,0.0000,0.0000,0.0000,0.0000,-272.332,-217.701,42.843,5.691,22.362,-0.672297,0.779732,0.825431,0.026210,-0.019306,0.055350,0.004880
999,1002.00,0.000,-10.878,0.4007,3.3491,49.7606,0.6789,2.8405,2.0216,0.0000,13.9038,0.0000,11.8794,0.0000,0.0000,18.6771,0.2381,0.0000,0.0000,0.0000,0.0000,0.0000,0.0000,0.0000,-5.944,-4.839,0.866,0.120,0.454,0.216072,0.219718,0.443169,0.045467,-0.006551,0.064531,0.017595
1000,1001.00,0.000,-10.893,19.6072,3.4391,50.2956,0.1182,1.9005,1.2432,0.0000,25.7032,0.0000,15.4670,0.0000,0.0000,5.2072,0.0651,0.0000,0.0000,0.0000,0.0000,0.0000,0.0000,0.0000,-272.694,-218.022,42.909,5.701,22.400,-0.675399,0.780179,0.828192,0.026121,-0.019270,0.055313,0.004865
1000,1001.00,0.000,-10.893,0.4540,3.3497,49.7543,0.6772,2.8359,2.0220,0.0000,13.9404,0.0000,11.8502,0.0000,0.0000,18.6820,0.2381,0.0000,0.0000,0.0000,0.0000,0.0000,0.0000,0.0000,-6.732,-5.483,0.981,0.136,0.515,0.215296,0.219365,0.444421,0.045317,-0.006493,0.064496,0.017598
1001,1000.00,0.000,-10.908,19.6490,3.4402,50.2806,0.1173,1.8967,1.2427,0.0000,25.7800,0.0000,15.4228,0.0000,0.0000,5.1950,0.0649,0.0000,0.0000,0.0000,0.0000,0.0000,0.0000,0.0000,-273.062,-218.347,42.976,5.712,22.438,-0.678500,0.780626,0.830949,0.026032,-0.019235,0.055277,0.004850
1001,1000.00,0.000,-10.908,0.5067,3.3502,49.7479,0.6754,2.8313,2.0224,0.0000,13.9769,0.0000,11.8210,0.0000,0.0000,18.6869,0.2381,0.0000,0.0000,0.0000,0.0000,0.0000,0.0000,0.0000,-7.510,-6.117,1.094,0.151,0.574,0.214521,0.219012,0.445670,0.045169,-0.006435,0.064461,0.017602
1002,999.00,0.000,-10.923,19.6913,3.4414,50.2657,0.1163,1.8931,1.2423,0.0000,25.8566,0.0000,15.3787,0.0000,0.0000,5.1827,0.0647,0.0000,0.0000,0.0000,0.0000,0.0000,0.0000,0.0000,-273.436,-218.677,43.044,5.722,22.477,-0.681599,0.781073,0.833705,0.025945,-0.019200,0.055241,0.004835
1002,999.00,0.000,-10.923,0.5586,3.3508,49.7415,0.6738,2.8268,2.0228,0.0000,14.0132,0.0000,11.7919,0.0000,0.0000,18.6919,0.2381,0.0000,0.0000,0.0000,0.0000,0.0000,0.0000,0.0000,-8.275,-6.742,1.206,0.167,0.633,0.213747,0.218660,0.446917,0.045022,-0.006378,0.064426,0.017605
1003,998.00,0.000,-10.938,19.7340,3.4425,50.2507,0.1154,1.8894,1.2418,0.0000,25.9331,0.0000,15.3346,0.0000,0.0000,5.1705,0.0645,0.0000,0.0000,0.0000,0.0000,0.0000,0.0000,0.0000,-273.815,-219.011,43.113,5.732,22.516,-0.684696,0.781520,0.836458,0.025859,-0.019165,0.055206,0.004820
1003,998.00,0.000,-10.938,0.6098,3.3514,49.7350,0.6721,2.8224,2.0232,0.0000,14.0495,0.0000,11.7629,0.0000,0.0000,18.6968,0.2381,0.0000,0.0000,0.0000,0.0000,0.0000,0.0000,0.0000,-9.030,-7.358,1.315,0.182,0.691,0.212974,0.218307,0.448161,0.044877,-0.006321,0.064392,0.017609
1004,997.00,0.000,-10.953,19.7771,3.4436,50.2358,0.1145,1.8858,1.2413,0.0000,26.0094,0.0000,15.2907,0.0000,0.0000,5.1583,0.0642,0.0000,0.0000,0.0000,0.0000,0.0000,0.0000,0.0000,-274.199,-219.350,43.183,5.743,22.556,-0.687792,0.781967,0.839208,0.025773,-0.019131,0.055170,0.004805
1004,997.00,0.000,-10.953,0.6603,3.3520,49.7286,0.6704,2.8180,2.0236,0.0000,14.0857,0.0000,11.7339,0.0000,0.0000,18.7017,0.2381,0.0000,0.0000,0.0000,0.0000,0.0000,0.0000,0.0000,-9.774,-7.966,1.424,0.197,0.748,0.212202,0.217955,0.449403,0.044734,-0.006264,0.064358,0.017612
1005,996.00,0.000,-10.969,19.8206,3.4447,50.2209,0.1136,1.8822,1.2409,0.0000,26.0857,0.0000,15.2468,0.0000,0.0000,5.1461,0.0640,0.0000,0.0000,0.0000,0.0000,0.0000,0.0000,0.0000,-274.588,-219.693,43.253,5.754,22.596,-0.690886,0.782414,0.841955,0.025689,-0.019097,0.055135,0.004790
1005,996.00,0.000,-10.969,0.7102,3.3526,49.7221,0.6688,2.8136,2.0240,0.0000,14.1218,0.0000,11.7050,0.0000,0.0000,18.7066,0.2381,0.0000,0.0000,0.0000,0.0000,0.0000,0.0000,0.0000,-10.507,-8.565,1.530,0.212,0.804,0.211431,0.217604,0.450642,0.044592,-0.006209,0.064325,0.017615
1006,995.00,0.000,-10.984,19.8646,3.4459,50.2060,0.1127,1.8786,1.2404,0.0000,26.1618,0.0000,15.2030,0.0000,0.0000,5.1339,0.0638,0.0000,0.0000,0.0000,0.0000,0.0000,0.0000,0.0000,-274.983,-220.041,43.325,5.765,22.637,-0.693977,0.782861,0.844700,0.025605,-0.019063,0.055100,0.004775
1006,995.00,0.000,-10.984,0.7593,3.3532,49.7156,0.6672,2.8093,2.0244,0.0000,14.1579,0.0000,11.6761,0.0000,0.0000,18.7115,0.2381,0.0000,0.0000,0.0000,0.0000,0.0000,0.0000,0.0000,-11.229,-9.155,1.635,0.226,0.859,0.210660,0.217252,0.451879,0.044452,-0.006153,0.064291,0.017619
1007,994.00,0.000,-10.999,19.9091,3.4470,50.1911,0.1118,1.8750,1.2399,0.0000,26.2378,0.0000,15.1592,0.0000,0.0000,5.1217,0.0636,0.0000,0.0000,0.0000,0.0000,0.0000,0.0000,0.0000,-275.384,-220.393,43.397,5.776,22.678,-0.697067,0.783308,0.847442,0.025522,-0.019030,0.055065,0.004760
1007,994.00,0.000,-10.999,0.8078,3.3538,49.7091,0.6656,2.8050,2.0247,0.0000,14.1938,0.0000,11.6472,0.0000,0.0000,18.7164,0.2381,0.0000,0.0000,0.0000,0.0000,0.0000,0.0000,0.0000,-11.941,-9.738,1.739,0.241,0.914,0.209890,0.216901,0.453112,0.044314,-0.006098,0.064259,0.017622
1008,993.00,0.000,-11.014,19.9539,3.4481,50.1762,0.1109,1.8715,1.2394,0.0000,26.3137,0.0000,15.1156,0.0000,0.0000,5.1095,0.0633,0.0000,0.0000,0.0000,0.0000,0.0000,0.0000,0.0000,-275.790,-220.750,43.470,5.787,22.720,-0.700155,0.783755,0.850182,0.025440,-0.018998,0.055030,0.004745
1008,993.00,0.000,-11.014,0.8557,3.3543,49.7026,0.6641,2.8008,2.0251,0.0000,14.2296,0.0000,11.6184,0.0000,0.0000,18.7213,0.2381,0.0000,0.0000,0.0000,0.0000,0.0000,0.0000,0.0000,-12.643,-10.312,1.841,0.255,0.968,0.209121,0.216550,0.454344,0.044177,-0.006044,0.064226,0.017625
1009,992.00,0.000,-11.029,19.9993,3.4492,50.1613,0.1100,1.8680,1.2389,0.0000,26.3894,0.0000,15.0720,0.0000,0.0000,5.0973,0.0631,0.0000,0.0000,0.0000,0.0000,0.0000,0.0000,0.0000,-276.201,-221.111,43.544,5.798,22.762,-0.703241,0.784202,0.852919,0.025359,-0.018965,0.054996,0.004730
1009,992.00,0.000,-11.029,0.9029,3.3549,49.6960,0.6625,2.7966,2.0255,0.0000,14.2654,0.0000,11.5897,0.0000,0.0000,18.7262,0.2381,0.0000,0.0000,0.0000,0.0000,0.0000,0.0000,0.0000,-13.334,-10.878,1.941,0.269,1.021,0.208353,0.216200,0.455573,0.044042,-0.005990,0.064194,0.017628
1010,991.00,0.000,-11.045,20.0450,3.4503,50.1464,0.1091,1.8645,1.2384,0.0000,26.4650,0.0000,15.0284,0.0000,0.0000,5.0852,0.0629,0.0000,0.0000,0.0000,0.0000,0.0000,0.0000,0.0000,-276.617,-221.477,43.619,5.810,22.805,-0.706324,0.784649,0.855653,0.025279,-0.018933,0.054962,0.004715
1010,991.00,0.000,-11.045,0.9494,3.3555,49.6895,0.6610,2.7924,2.0258,0.0000,14.3010,0.0000,11.5610,0.0000,0.0000,18.7311,0.2381,0.0000,0.0000,0.0000,0.0000,0.0000,0.0000,0.0000,-14.015,-11.436,2.041,0.283,1.073,0.207586,0.215850,0.456799,0.043909,-0.005937,0.064162,0.017631
1011,990.00,0.000,-11.060,20.0912,3.4514,50.1315,0.1083,1.8611,1.2379,0.0000,26.5405,0.0000,14.9850,0.0000,0.0000,5.0730,0.0627,0.0000,0.0000,0.0000,0.0000,0.0000,0.0000,0.0000,-277.040,-221.847,43.695,5.821,22.848,-0.709405,0.785096,0.858384,0.025200,-0.018902,0.054928,0.004700
1011,990.00,0.000,-11.060,0.9953,3.3561,49.6829,0.6595,2.7884,2.0262,0.0000,14.3366,0.0000,11.5324,0.0000,0.0000,18.7360,0.2381,0.0000,0.0000,0.0000,0.0000,0.0000,0.0000,0.0000,-14.687,-11.986,2.138,0.297,1.124,0.206820,0.215501,0.458022,0.043777,-0.005884,0.064130,0.017634
1012,989.00,0.000,-11.075,20.0815,3.4520,50.1307,0.1074,1.8552,1.2327,0.0000,26.5782,0.0000,14.9720,0.0000,0.0000,5.0614,0.0624,0.0000,0.0000,0.0000,0.0000,0.0000,0.0000,0.0000,-276.789,-221.693,43.652,5.817,22.832,-0.710973,0.785571,0.859712,0.025132,-0.018882,0.054759,0.004681
1012,989.00,0.000,-11.075,1.0498,3.3562,49.6890,0.6576,2.7817,2.0193,0.0000,14.3439,0.0000,11.5252,0.0000,0.0000,18.7455,0.2379,0.0000,0.0000,0.0000,0.0000,0.0000,0.0000,0.0000,-15.488,-12.643,2.254,0.313,1.186,0.207275,0.215106,0.458269,0.043680,-0.005895,0.063946,0.017618
1013,988.00,0.000,-11.091,20.0667,3.4524,50.1313,0.1066,1.8492,1.2270,0.0000,26.6122,0.0000,14.9618,0.0000,0.0000,5.0498,0.0622,0.0000,0.0000,0.0000,0.0000,0.0000,0.0000,0.0000,-276.479,-221.493,43.600,5.812,22.811,-0.712397,0.786049,0.860905,0.025065,-0.018864,0.054580,0.004662
1013,988.00,0.000,-11.091,1.1045,3.3563,49.6962,0.6557,2.7748,2.0119,0.0000,14.3484,0.0000,11.5201,0.0000,0.0000,18.7554,0.2376,0.0000,0.0000,0.0000,0.0000,0.0000,0.0000,0.0000,-16.293,-13.303,2.371,0.329,1.248,0.207848,0.214706,0.458419,0.043588,-0.005912,0.063749,0.017601
1014,987.00,0.000,-11.106,20.0517,3.4529,50.1318,0.1058,1.8432,1.2213,0.0000,26.6459,0.0000,14.9519,0.0000,0.0000,5.0382,0.0619,0.0000,0.0000,0.0000,0.0000,0.0000,0.0000,0.0000,-276.168,-221.292,43.547,5.807,22.790,-0.713808,0.786527,0.862085,0.025000,-0.018846,0.054400,0.004643
1014,987.00,0.000,-11.106,1.1586,3.3564,49.7034,0.6538,2.7680,2.0044,0.0000,14.3525,0.0000,11.5152,0.0000,0.0000,18.7653,0.2374,0.0000,0.0000,0.0000,0.0000,0.0000,0.0000,0.0000,-17.088,-13.956,2.485,0.345,1.308,0.208430,0.214306,0.458559,0.043498,-0.005930,0.063553,0.017583
1015,986.00,0.000,-11.122,20.0367,3.4533,50.1325,0.1049,1.8373,1.2156,0.0000,26.6792,0.0000,14.9423,0.0000,0.0000,5.0266,0.0616,0.0000,0.0000,0.0000,0.0000,0.0000,0.0000,0.0000,-275.856,-221.091,43.493,5.802,22.768,-0.715208,0.787005,0.863252,0.024935,-0.018828,0.054221,0.004624
1015,986.00,0.000,-11.122,1.2122,3.3565,49.7107,0.6519,2.7612,1.9969,0.0000,14.3564,0.0000,11.5104,0.0000,0.0000,18.7753,0.2371,0.0000,0.0000,0.0000,0.0000,0.0000,0.0000,0.0000,-17.875,-14.603,2.599,0.361,1.369,0.209022,0.213906,0.458690,0.043409,-0.005948,0.063356,0.017565
1016,985.00,0.000,-11.137,20.0216,3.4538,50.1332,0.1041,1.8313,1.2100,0.0000,26.7122,0.0000,14.9328,0.0000,0.0000,5.0150,0.0614,0.0000,0.0000,0.0000,0.0000,0.0000,0.0000,0.0000,-275.544,-220.890,43.440,5.797,22.747,-0.716597,0.787482,0.864408,0.024871,-0.018811,0.054043,0.004604
1016,985.00,0.000,-11.137,1.2651,3.3566,49.7181,0.6501,2.7545,1.9894,0.0000,14.3600,0.0000,11.5058,0.0000,0.0000,18.7853,0.2369,0.0000,0.0000,0.0000,0.0000,0.0000,0.0000,0.0000,-18.653,-15.242,2.711,0.377,1.428,0.209623,0.213505,0.458810,0.043321,-0.005967,0.063160,0.017548
1017,984.00,0.000,-11.152,20.0063,3.4542,50.1340,0.1033,1.8255,1.2043,0.0000,26.7448,0.0000,14.9236,0.0000,0.0000,5.0035,0.0611,0.0000,0.0000,0.0000,0.0000,0.0000,0.0000,0.0000,-275.231,-220.688,43.387,5.792,22.725,-0.717974,0.787959,0.865551,0.024808,-0.018794,0.053864,0.004585
1017,984.00,0.000,-11.152,1.3175,3.3566,49.7254,0.6482,2.7478,1.9819,0.0000,14.3633,0.0000,11.5013,0.0000,0.0000,18.7953,0.2366,0.0000,0.0000,0.0000,0.0000,0.0000,0.0000,0.0000,-19.423,-15.875,2.822,0.392,1.487,0.210233,0.213103,0.458921,0.043235,-0.005987,0.062965,0.017530
1018,983.00,0.000,-11.168,19.9910,3.4547,50.1348,0.1025,1.8196,1.1986,0.0000,26.7772,0.0000,14.9145,0.0000,0.0000,4.9919,0.0609,0.0000,0.0000,0.0000,0.0000,0.0000,0.0000,0.0000,-274.918,-220.485,43.333,5.787,22.704,-0.719341,0.788436,0.866683,0.024745,-0.018778,0.053687,0.004567
1018,983.00,0.000,-11.168,1.3693,3.3567,49.7328,0.6464,2.7412,1.9743,0.0000,14.3664,0.0000,11.4970,0.0000,0.0000,18.8054,0.2364,0.0000,0.0000,0.0000,0.0000,0.0000,0.0000,0.0000,-20.184,-16.501,2.932,0.408,1.546,0.210851,0.212701,0.459023,0.043151,-0.006007,0.062769,0.017512
1019,982.00,0.000,-11.183,19.9755,3.4551,50.1356,0.1017,1.8138,1.1930,0.0000,26.8092,0.0000,14.9057,0.0000,0.0000,4.9804,0.0606,0.0000,0.0000,0.0000,0.0000,0.0000,0.0000,0.0000,-274.604,-220.283,43.279,5.781,22.682,-0.720697,0.788913,0.867804,0.024684,-0.018762,0.053509,0.004548
1019,982.00,0.000,-11.183,1.4205,3.3568,49.7402,0.6446,2.7346,1.9668,0.0000,14.3692,0.0000,11.4929,0.0000,0.0000,18.8155,0.2362,0.0000,0.0000,0.0000,0.0000,0.0000,0.0000,0.0000,-20.937,-17.121,3.040,0.423,1.603,0.211478,0.212298,0.459115,0.043068,-0.006028,0.062575,0.017494
1020,981.00,0.000,-11.199,19.9600,3.4556,50.1365,0.1009,1.8080,1.1873,0.0000,26.8409,0.0000,14.8971,0.0000,0.0000,4.9689,0.0603,0.0000,0.0000,0.0000,0.0000,0.0000,0.0000,0.0000,-274.291,-220.080,43.225,5.776,22.660,-0.722043,0.789389,0.868914,0.024623,-0.018746,0.053332,0.004529
1020,981.00,0.000,-11.199,1.4713,3.3569,49.7476,0.6428,2.7281,1.9593,0.0000,14.3717,0.0000,11.4889,0.0000,0.0000,18.8257,0.2359,0.0000,0.0000,0.0000,0.0000,0.0000,0.0000,0.0000,-21.681,-17.734,3.147,0.438,1.660,0.212113,0.211895,0.459199,0.042986,-0.006049,0.062380,0.017476
1021,980.00,0.000,-11.214,19.9444,3.4560,50.1375,0.1002,1.8022,1.1817,0.0000,26.8723,0.0000,14.8887,0.0000,0.0000,4.9574,0.0601,0.0000,0.0000,0.0000,0.0000,0.0000,0.0000,0.0000,-273.977,-219.877,43.171,5.771,22.638,-0.723378,0.789866,0.870014,0.024563,-0.018730,0.053156,0.004510
1021,980.00,0.000,-11.214,1.5214,3.3569,49.7551,0.6410,2.7215,1.9518,0.0000,14.3739,0.0000,11.4851,0.0000,0.0000,18.8359,0.2357,0.0000,0.0000,0.0000,0.0000,0.0000,0.0000,0.0000,-22.418,-18.341,3.253,0.453,1.717,0.212756,0.211492,0.459274,0.042905,-0.006071,0.062187,0.017457
1022,979.00,0.000,-11.230,19.9288,3.4564,50.1385,0.0994,1.7965,1.1761,0.0000,26.9034,0.0000,14.8804,0.0000,0.0000,4.9459,0.0598,0.0000,0.0000,0.0000,0.0000,0.0000,0.0000,0.0000,-273.663,-219.674,43.117,5.766,22.617,-0.724704,0.790342,0.871102,0.024504,-0.018715,0.052980,0.004491
1022,979.00,0.000,-11.230,1.5711,3.3570,49.7626,0.6392,2.7151,1.9443,0.0000,14.3759,0.0000,11.4814,0.0000,0.0000,18.8461,0.2354,0.0000,0.0000,0.0000,0.0000,0.0000,0.0000,0.0000,-23.146,-18.942,3.358,0.468,1.773,0.213407,0.211088,0.459340,0.042826,-0.006094,0.061993,0.017439
1023,978.00,0.000,-11.246,19.9130,3.4569,50.1396,0.0986,1.7908,1.1705,0.0000,26.9342,0.0000,14.8723,0.0000,0.0000,4.9344,0.0596,0.0000,0.0000,0.0000,0.0000,0.0000,0.0000,0.0000,-273.349,-219.471,43.063,5.760,22.595,-0.726020,0.790818,0.872181,0.024445,-0.018701,0.052805,0.004473
1023,978.00,0.000,-11.246,1.6202,3.3570,49.7701,0.6375,2.7086,1.9368,0.0000,14.3777,0.0000,11.4778,0.0000,0.0000,18.8563,0.2352,0.0000,0.0000,0.0000,0.0000,0.0000,0.0000,0.0000,-23.867,-19.537,3.461,0.483,1.828,0.214066,0.210684,0.459398,0.042748,-0.006117,0.061800,0.017421
1024,977.00,0.000,-11.261,19.8973,3.4573,50.1407,0.0979,1.7851,1.1648,0.0000,26.9648,0.0000,14.8645,0.0000,0.0000,4.9229,0.0593,0.0000,0.0000,0.0000,0.0000,0.0000,0.0000,0.0000,-273.035,-219.268,43.008,5.755,22.573,-0.727327,0.791293,0.873249,0.024387,-0.018686,0.052630,0.004454
1024,977.00,0.000,-11.261,1.6688,3.3571,49.7776,0.6357,2.7023,1.9293,0.0000,14.3792,0.0000,11.4744,0.0000,0.0000,18.8666,0.2349,0.0000,0.0000,0.0000,0.0000,0.0000,0.0000,0.0000,-24.580,-20.126,3.563,0.497,1.882,0.214732,0.210279,0.459447,0.042671,-0.006140,0.061608,0.017403
1025,976.00,0.000,-11.277,19.8814,3.4577,50.1418,0.0971,1.7795,1.1592,0.0000,26.9951,0.0000,14.8567,0.0000,0.0000,4.9115,0.0591,0.0000,0.0000,0.0000,0.0000,0.0000,0.0000,0.0000,-272.721,-219.065,42.954,5.750,22.551,-0.728625,0.791768,0.874308,0.024330,-0.018672,0.052456,0.004436
1025,976.00,0.000,-11.277,1.7169,3.3572,49.7852,0.6340,2.6959,1.9218,0.0000,14.3805,0.0000,11.4711,0.0000,0.0000,18.8769,0.2347,0.0000,0.0000,0.0000,0.0000,0.0000,0.0000,0.0000,-25.286,-20.708,3.664,0.511,1.937,0.215405,0.209874,0.459489,0.042596,-0.006164,0.061416,0.017384
1026,975.00,0.000,-11.293,19.8655,3.4581,50.1430,0.0964,1.7739,1.1536,0.0000,27.0251,0.0000,14.8492,0.0000,0.0000,4.9001,0.0588,0.0000,0.0000,0.0000,0.0000,0.0000,0.0000,0.0000,-272.407,-218.862,42.899,5.745,22.529,-0.729914,0.792243,0.875357,0.024273,-0.018659,0.052282,0.004417
1026,975.00,0.000,-11.293,1.7645,3.3572,49.7927,0.6323,2.6896,1.9143,0.0000,14.3815,0.0000,11.4679,0.0000,0.0000,18.8873,0.2344,0.0000,0.0000,0.0000,0.0000,0.0000,0.0000,0.0000,-25.984,-21.286,3.764,0.526,1.990,0.216085,0.209468,0.459522,0.042521,-0.006188,0.061225,0.017366
1027,974.00,0.000,-11.308,19.8496,3.4585,50.1442,0.0957,1.7683,1.1481,0.0000,27.0548,0.0000,14.8418,0.0000,0.0000,4.8886,0.0586,0.0000,0.0000,0.0000,0.0000,0.0000,0.0000,0.0000,-272.093,-218.659,42.845,5.739,22.507,-0.731194,0.792718,0.876396,0.024217,-0.018645,0.052109,0.004399
1027,974.00,0.000,-11.308,1.8116,3.3573,49.8003,0.6306,2.6833,1.9068,0.0000,14.3823,0.0000,11.4649,0.0000,0.0000,18.8976,0.2342,0.0000,0.0000,0.0000,0.0000,0.0000,0.0000,0.0000,-26.674,-21.857,3.863,0.540,2.043,0.216772,0.209062,0.459548,0.042448,-0.006213,0.061034,0.017348
1028,973.00,0.000,-11.324,19.8336,3.4589,50.1454,0.0949,1.7627,1.1425,0.0000,27.0843,0.0000,14.8346,0.0000,0.0000,4.8772,0.0583,0.0000,0.0000,0.0000,0.0000,0.0000,0.0000,0.0000,-271.779,-218.456,42.790,5.734,22.485,-0.732466,0.793192,0.877427,0.024162,-0.018632,0.051936,0.004380
1028,973.00,0.000,-11.324,1.8583,3.3573,49.8079,0.6289,2.6771,1.8993,0.0000,14.3829,0.0000,11.4619,0.0000,0.0000,18.9080,0.2339,0.0000,0.0000,0.0000,0.0000,0.0000,0.0000,0.0000,-27.358,-22.422,3.961,0.553,2.095,0.217466,0.208656,0.459566,0.042376,-0.006238,0.060844,0.017329
1029,972.00,0.000,-11.340,19.8176,3.4593,50.1467,0.0942,1.7572,1.1369,0.0000,27.1135,0.0000,14.8275,0.0000,0.0000,4.8659,0.0581,0.0000,0.0000,0.0000,0.0000,0.0000,0.0000,0.0000,-271.466,-218.254,42.736,5.729,22.463,-0.733729,0.793666,0.878448,0.024107,-0.018619,0.051764,0.004362
1029,972.00,0.000,-11.340,1.9044,3.3574,49.8155,0.6272,2.6709,1.8918,0.0000,14.3833,0.0000,11.4591,0.0000,0.0000,18.9185,0.2337,0.0000,0.0000,0.0000,0.0000,0.0000,0.0000,0.0000,-28.034,-22.983,4.057,0.567,2.147,0.218167,0.208250,0.459577,0.042305,-0.006264,0.060654,0.017311
1030,971.00,0.000,-11.356,19.8016,3.4597,50.1480,0.0935,1.7517,1.1314,0.0000,27.1425,0.0000,14.8206,0.0000,0.0000,4.8545,0.0578,0.0000,0.0000,0.0000,0.0000,0.0000,0.0000,0.0000,-271.153,-218.051,42.681,5.723,22.441,-0.734984,0.794140,0.879461,0.024053,-0.018606,0.051592,0.004344
1030,971.00,0.000,-11.356,1.9501,3.3574,49.8231,0.6255,2.6648,1.8843,0.0000,14.3835,0.0000,11.4565,0.0000,0.0000,18.9289,0.2334,0.0000,0.0000,0.0000,0.0000,0.0000,0.0000,0.0000,-28.703,-23.537,4.152,0.581,2.198,0.218873,0.207843,0.459581,0.042235,-0.006290,0.060465,0.017292
1031,970.00,0.000,-11.371,19.7855,3.4601,50.1494,0.0928,1.7463,1.1259,0.0000,27.1713,0.0000,14.8138,0.0000,0.0000,4.8431,0.0576,0.0000,0.0000,0.0000,0.0000,0.0000,0.0000,0.0000,-270.841,-217.849,42.627,5.718,22.419,-0.736231,0.794613,0.880465,0.024000,-0.018594,0.051421,0.004326
1031,970.00,0.000,-11.371,1.9953,3.3574,49.8307,0.6239,2.6586,1.8768,0.0000,14.3834,0.0000,11.4539,0.0000,0.0000,18.9394,0.2332,0.0000,0.0000,0.0000,0.0000,0.0000,0.0000,0.0000,-29.366,-24.086,4.247,0.594,2.249,0.219586,0.207436,0.459577,0.042166,-0.006316,0.060277,0.017274
1032,969.00,0.000,-11.387,19.7695,3.4605,50.1507,0.0921,1.7408,1.1203,0.0000,27.1998,0.0000,14.8072,0.0000,0.0000,4.8318,0.0573,0.0000,0.0000,0.0000,0.0000,0.0000,0.0000,0.0000,-270.528,-217.648,42.572,5.713,22.397,-0.737470,0.795086,0.881460,0.023947,-0.018581,0.051251,0.004307
1032,969.00,0.000,-11.387,2.0401,3.3575,49.8384,0.6222,2.6526,1.8694,0.0000,14.3832,0.0000,11.4514,0.0000,0.0000,18.9499,0.2329,0.0000,0.0000,0.0000,0.0000,0.0000,0.0000,0.0000,-30.021,-24.630,4.340,0.608,2.299,0.220305,0.207029,0.459567,0.042098,-0.006343,0.060089,0.017255
1033,968.00,0.000,-11.403,19.7534,3.4609,50.1521,0.0914,1.7354,1.1148,0.0000,27.2281,0.0000,14.8007,0.0000,0.0000,4.8204,0.0571,0.0000,0.0000,0.0000,0.0000,0.0000,0.0000,0.0000,-270.217,-217.446,42.517,5.708,22.375,-0.738702,0.795559,0.882447,0.023895,-0.018569,0.051081,0.004289
1033,968.00,0.000,-11.403,2.0844,3.3575,49.8460,0.6206,2.6465,1.8619,0.0000,14.3827,0.0000,11.4491,0.0000,0.0000,18.9604,0.2327,0.0000,0.0000,0.0000,0.0000,0.0000,0.0000,0.0000,-30.670,-25.169,4.432,0.621,2.349,0.221030,0.206621,0.459550,0.042031,-0.006370,0.059902,0.017237
1034,967.00,0.000,-11.419,19.7372,3.4613,50.1536,0.0907,1.7301,1.1093,0.0000,27.2561,0.0000,14.7943,0.0000,0.0000,4.8091,0.0568,0.0000,0.0000,0.0000,0.0000,0.0000,0.0000,0.0000,-269.905,-217.245,42.463,5.702,22.353,-0.739926,0.796031,0.883427,0.023843,-0.018558,0.050911,0.004271
1034,967.00,0.000,-11.419,2.1282,3.3576,49.8537,0.6190,2.6405,1.8545,0.0000,14.3820,0.0000,11.4469,0.0000,0.0000,18.9710,0.2324,0.0000,0.0000,0.0000,0.0000,0.0000,0.0000,0.0000,-31.312,-25.702,4.523,0.634,2.398,0.221760,0.206213,0.459525,0.041966,-0.006398,0.059715,0.017218
1035,966.00,0.000,-11.435,19.7211,3.4617,50.1550,0.0900,1.7247,1.1039,0.0000,27.2839,0.0000,14.7881,0.0000,0.0000,4.7978,0.0566,0.0000,0.0000,0.0000,0.0000,0.0000,0.0000,0.0000,-269.595,-217.045,42.408,5.697,22.331,-0.741142,0.796503,0.884398,0.023792,-0.018546,0.050743,0.004253
1035,966.00,0.000,-11.435,2.1717,3.3576,49.8614,0.6174,2.6345,1.8471,0.0000,14.3812,0.0000,11.4447,0.0000,0.0000,18.9815,0.2322,0.0000,0.0000,0.0000,0.0000,0.0000,0.0000,0.0000,-31.947,-26.231,4.613,0.647,2.447,0.222496,0.205805,0.459495,0.041901,-0.006425,0.059529,0.017200
1036,965.00,0.000,-11.451,19.7050,3.4621,50.1565,0.0893,1.7194,1.0984,0.0000,27.3116,0.0000,14.7820,0.0000,0.0000,4.7865,0.0564,0.0000,0.0000,0.0000,0.0000,0.0000,0.0000,0.0000,-269.284,-216.844,42.354,5.692,22.309,-0.742352,0.796974,0.885361,0.023741,-0.018535,0.050575,0.004236
1036,965.00,0.000,-11.451,2.2146,3.3576,49.8691,0.6158,2.6286,1.8397,0.0000,14.3801,0.0000,11.4427,0.0000,0.0000,18.9921,0.2319,0.0000,0.0000,0.0000,0.0000,0.0000,0.0000,0.0000,-32.576,-26.754,4.703,0.660,2.495,0.223238,0.205397,0.459458,0.041837,-0.006453,0.059343,0.017181
1037,964.00,0.000,-11.467,19.6889,3.4625,50.1580,0.0886,1.7141,1.0930,0.0000,27.3389,0.0000,14.7760,0.0000,0.0000,4.7752,0.0561,0.0000,0.0000,0.0000,0.0000,0.0000,0.0000,0.0000,-268.975,-216.644,42.299,5.686,22.287,-0.743555,0.797445,0.886317,0.023691,-0.018524,0.050407,0.004218
1037,964.00,0.000,-11.467,2.2572,3.3577,49.8767,0.6142,2.6227,1.8323,0.0000,14.3789,0.0000,11.4408,0.0000,0.0000,19.0027,0.2317,0.0000,0.0000,0.0000,0.0000,0.0000,0.0000,0.0000,-33.199,-27.272,4.791,0.672,2.543,0.223985,0.204989,0.459414,0.041774,-0.006482,0.059158,0.017163
1038,963.00,0.000,-11.483,19.6728,3.4629,50.1595,0.0880,1.7089,1.0875,0.0000,27.3661,0.0000,14.7702,0.0000,0.0000,4.7640,0.0559,0.0000,0.0000,0.0000,0.0000,0.0000,0.0000,0.0000,-268.666,-216.445,42.245,5.681,22.265,-0.744750,0.797916,0.887266,0.023641,-0.018513,0.050240,0.004200
1038,963.00,0.000,-11.483,2.2993,3.3577,49.8844,0.6126,2.6169,1.8249,0.0000,14.3775,0.0000,11.4389,0.0000,0.0000,19.0133,0.2314,0.0000,0.0000,0.0000,0.0000,0.0000,0.0000,0.0000,-33.815,-27.786,4.878,0.685,2.590,0.224737,0.204580,0.459364,0.041711,-0.006510,0.058974,0.017144
1039,962.00,0.000,-11.499,19.6566,3.4633,50.1610,0.0873,1.7036,1.0821,0.0000,27.3931,0.0000,14.7644,0.0000,0.0000,4.7527,0.0556,0.0000,0.0000,0.0000,0.0000,0.0000,0.0000,0.0000,-268.358,-216.246,42.190,5.676,22.243,-0.745939,0.798386,0.888207,0.023592,-0.018502,0.050074,0.004182
1039,962.00,0.000,-11.499,2.3411,3.3577,49.8921,0.6111,2.6110,1.8175,0.0000,14.3759,0.0000,11.4372,0.0000,0.0000,19.0240,0.2312,0.0000,0.0000,0.0000,0.0000,0.0000,0.0000,0.0000,-34.426,-28.294,4.964,0.697,2.637,0.225494,0.204171,0.459309,0.041650,-0.006539,0.058790,0.017125
1040,961.00,0.000,-11.515,19.6405,3.4636,50.1626,0.0866,1.6984,1.0767,0.0000,27.4199,0.0000,14.7588,0.0000,0.0000,4.7415,0.0554,0.0000,0.0000,0.0000,0.0000,0.0000,0.0000,0.0000,-268.050,-216.048,42.136,5.670,22.221,-0.747122,0.798856,0.889141,0.023543,-0.018491,0.049908,0.004165
1040,961.00,0.000,-11.515,2.3824,3.3577,49.8998,0.6095,2.6052,1.8101,0.0000,14.3741,0.0000,11.4356,0.0000,0.0000,19.0346,0.2309,0.0000,0.0000,0.0000,0.0000,0.0000,0.0000,0.0000,-35.030,-28.798,5.049,0.710,2.683,0.226256,0.203762,0.459247,0.041590,-0.006568,0.058607,0.017107
1041,960.00,0.000,-11.531,19.6244,3.4640,50.1642,0.0860,1.6933,1.0714,0.0000,27.4465,0.0000,14.7533,0.0000,0.0000,4.7303,0.0552,0.0000,0.0000,0.0000,0.0000,0.0000,0.0000,0.0000,-267.743,-215.850,42.082,5.665,22.199,-0.748298,0.799325,0.890068,0.023495,-0.018481,0.049743,0.004147
1041,960.00,0.000,-11.531,2.4233,3.3577,49.9075,0.6080,2.5995,1.8028,0.0000,14.3722,0.0000,11.4340,0.0000,0.0000,19.0453,0.2307,0.0000,0.0000,0.0000,0.0000,0.0000,0.0000,0.0000,-35.628,-29.297,5.134,0.722,2.729,0.227023,0.203353,0.459179,0.041530,-0.006598,0.058425,0.017088
1042,959.00,0.000,-11.547,19.6083,3.4644,50.1658,0.0853,1.6881,1.0660,0.0000,27.4729,0.0000,14.7479,0.0000,0.0000,4.7191,0.0549,0.0000,0.0000,0.0000,0.0000,0.0000,0.0000,0.0000,-267.437,-215.653,42.027,5.660,22.177,-0.749467,0.799794,0.890988,0.023447,-0.018471,0.049579,0.004130
1042,959.00,0.000,-11.547,2.4638,3.3578,49.9153,0.6064,2.5937,1.7955,0.0000,14.3701,0.0000,11.4326,0.0000,0.0000,19.0560,0.2305,0.0000,0.0000,0.0000,0.0000,0.0000,0.0000,0.0000,-36.220,-29.791,5.217,0.734,2.774,0.227794,0.202944,0.459106,0.041471,-0.006627,0.058243,0.017070
1043,958.00,0.000,-11.563,19.5922,3.4648,50.1674,0.0847,1.6830,1.0607,0.0000,27.4991,0.0000,14.7426,0.0000,0.0000,4.7079,0.0547,0.0000,0.0000,0.0000,0.0000,0.0000,0.0000,0.0000,-267.131,-215.456,41.973,5.655,22.155,-0.750631,0.800263,0.891901,0.023400,-0.018460,0.049415,0.004112
1043,958.00,0.000,-11.563,2.5039,3.3578,49.9230,0.6049,2.5881,1.7881,0.0000,14.3678,0.0000,11.4312,0.0000,0.0000,19.0667,0.2302,0.0000,0.0000,0.0000,0.0000,0.0000,0.0000,0.0000,-36.806,-30.281,5.299,0.746,2.819,0.228571,0.202534,0.459026,0.041413,-0.006657,0.058061,0.017051
1044,957.00,0.000,-11.579,19.5762,3.4651,50.1690,0.0840,1.6779,1.0553,0.0000,27.5251,0.0000,14.7374,0.0000,0.0000,4.6967,0.0545,0.0000,0.0000,0.0000,0.0000,0.0000,0.0000,0.0000,-266.827,-215.260,41.919,5.649,22.134,-0.751788,0.800731,0.892808,0.023353,-0.018450,0.049252,0.004095
1044,957.00,0.000,-11.579,2.5436,3.3578,49.9307,0.6034,2.5824,1.7808,0.0000,14.3653,0.0000,11.4299,0.0000,0.0000,19.0774,0.2300,0.0000,0.0000,0.0000,0.0000,0.0000,0.0000,0.0000,-37.386,-30.767,5.381,0.758,2.863,0.229351,0.202125,0.458942,0.041356,-0.006687,0.057881,0.017033
1045,956.00,0.000,-11.595,19.5601,3.4655,50.1707,0.0834,1.6728,1.0500,0.0000,27.5510,0.0000,14.7323,0.0000,0.0000,4.6855,0.0542,0.0000,0.0000,0.0000,0.0000,0.0000,0.0000,0.0000,-266.523,-215.064,41.865,5.644,22.112,-0.752940,0.801198,0.893708,0.023307,-0.018441,0.049089,0.004078
1045,956.00,0.000,-11.595,2.5829,3.3578,49.9384,0.6019,2.5768,1.7736,0.0000,14.3627,0.0000,11.4287,0.0000,0.0000,19.0882,0.2297,0.0000,0.0000,0.0000,0.0000,0.0000,0.0000,0.0000,-37.961,-31.248,5.462,0.769,2.907,0.230136,0.201715,0.458852,0.041299,-0.006717,0.057701,0.017014
1046,955.00,0.000,-11.611,19.5441,3.4659,50.1723,0.0828,1.6678,1.0447,0.0000,27.5766,0.0000,14.7274,0.0000,0.0000,4.6744,0.0540,0.0000,0.0000,0.0000,0.0000,0.0000,0.0000,0.0000,-266.220,-214.869,41.811,5.639,22.090,-0.754085,0.801665,0.894602,0.023261,-0.018431,0.048927,0.004061
1046,955.00,0.000,-11.611,2.6219,3.3578,49.9461,0.6004,2.5712,1.7663,0.0000,14.3600,0.0000,11.4276,0.0000,0.0000,19.0989,0.2295,0.0000,0.0000,0.0000,0.0000,0.0000,0.0000,0.0000,-38.530,-31.724,5.541,0.781,2.951,0.230925,0.201306,0.458756,0.041244,-0.006748,0.057521,0.016996
1047,954.00,0.000,-11.628,19.5245,3.4662,50.1729,0.0822,1.6634,1.0401,0.0000,27.6032,0.0000,14.7212,0.0000,0.0000,4.6631,0.0538,0.0000,0.0000,0.0000,0.0000,0.0000,0.0000,0.0000,-265.864,-214.631,41.749,5.633,22.064,-0.755296,0.802133,0.895533,0.023221,-0.018426,0.048790,0.004045
1047,954.00,0.000,-11.628,2.6703,3.3579,49.9525,0.5990,2.5665,1.7601,0.0000,14.3577,0.0000,11.4254,0.0000,0.0000,19.1095,0.2293,0.0000,0.0000,0.0000,0.0000,0.0000,0.0000,0.0000,-39.238,-32.315,5.641,0.795,3.005,0.231656,0.200893,0.458681,0.041194,-0.006778,0.057372,0.016981
1048,953.00,0.000,-11.644,19.4894,3.4667,50.1691,0.0816,1.6619,1.0382,0.0000,27.6343,0.0000,14.7097,0.0000,0.0000,4.6515,0.0536,0.0000,0.0000,0.0000,0.0000,0.0000,0.0000,0.0000,-265.283,-214.209,41.654,5.622,22.020,-0.756798,0.802607,0.896640,0.023206,-0.018442,0.048755,0.004033
1048,953.00,0.000,-11.644,2.7601,3.3580,49.9532,0.5981,2.5656,1.7583,0.0000,14.3582,0.0000,11.4179,0.0000,0.0000,19.1194,0.2293,0.0000,0.0000,0.0000,0.0000,0.0000,0.0000,0.0000,-40.550,-33.404,5.828,0.822,3.106,0.232124,0.200466,0.458707,0.041173,-0.006807,0.057352,0.016985
1049,952.00,0.000,-11.660,19.4551,3.4672,50.1654,0.0811,1.6604,1.0363,0.0000,27.6647,0.0000,14.6986,0.0000,0.0000,4.6399,0.0534,0.0000,0.0000,0.0000,0.0000,0.0000,0.0000,0.0000,-264.715,-213.797,41.561,5.611,21.977,-0.758278,0.803080,0.897725,0.023191,-0.018460,0.048720,0.004021
1049,952.00,0.000,-11.660,2.8472,3.3581,49.9540,0.5972,2.5647,1.7564,0.0000,14.3582,0.0000,11.4107,0.0000,0.0000,19.1294,0.2294,0.0000,0.0000,0.0000,0.0000,0.0000,0.0000,0.0000,-41.825,-34.462,6.009,0.848,3.203,0.232610,0.200039,0.458716,0.041153,-0.006839,0.057332,0.016989
1050,951.00,0.000,-11.677,19.4216,3.4677,50.1619,0.0805,1.6589,1.0344,0.0000,27.6946,0.0000,14.6880,0.0000,0.0000,4.6283,0.0533,0.0000,0.0000,0.0000,0.0000,0.0000,0.0000,0.0000,-264.160,-213.394,41.470,5.601,21.935,-0.759736,0.803553,0.898789,0.023178,-0.018478,0.048684,0.004009
1050,951.00,0.000,-11.677,2.9319,3.3583,49.9549,0.5963,2.5639,1.7545,0.0000,14.3577,0.0000,11.4039,0.0000,0.0000,19.1394,0.2294,0.0000,0.0000,0.0000,0.0000,0.0000,0.0000,0.0000,-43.062,-35.491,6.185,0.873,3.298,0.233113,0.199611,0.458711,0.041136,-0.006873,0.057311,0.016991
1051,950.00,0.000,-11.693,19.3889,3.4682,50.1586,0.0800,1.6574,1.0324,0.0000,27.7240,0.0000,14.6777,0.0000,0.0000,4.6168,0.0531,0.0000,0.0000,0.0000,0.0000,0.0000,0.0000,0.0000,-263.616,-213.002,41.380,5.590,21.894,-0.761173,0.804026,0.899833,0.023167,-0.018497,0.048648,0.003997
1051,950.00,0.000,-11.693,3.0142,3.3584,49.9560,0.5954,2.5631,1.7525,0.0000,14.3569,0.0000,11.3973,0.0000,0.0000,19.1495,0.2294,0.0000,0.0000,0.0000,0.0000,0.0000,0.0000,0.0000,-44.265,-36.491,6.356,0.898,3.390,0.233631,0.199183,0.458690,0.041121,-0.006908,0.057289,0.016993
1052,949.00,0.000,-11.709,19.3568,3.4686,50.1553,0.0795,1.6559,1.0304,0.0000,27.7528,0.0000,14.6678,0.0000,0.0000,4.6053,0.0530,0.0000,0.0000,0.0000,0.0000,0.0000,0.0000,0.0000,-263.084,-212.619,41.292,5.581,21.853,-0.762591,0.804499,0.900857,0.023156,-0.018517,0.048611,0.003985
1052,949.00,0.000,-11.709,3.0942,3.3585,49.9571,0.5946,2.5623,1.7504,0.0000,14.3556,0.0000,11.3910,0.0000,0.0000,19.1596,0.2294,0.0000,0.0000,0.0000,0.0000,0.0000,0.0000,0.0000,-45.433,-37.463,6.521,0.921,3.480,0.234165,0.198755,0.458656,0.041109,-0.006945,0.057267,0.016994
1053,948.00,0.000,-11.726,19.3256,3.4691,50.1523,0.0789,1.6545,1.0283,0.0000,27.7811,0.0000,14.6583,0.0000,0.0000,4.5938,0.0528,0.0000,0.0000,0.0000,0.0000,0.0000,0.0000,0.0000,-262.564,-212.245,41.206,5.571,21.814,-0.763989,0.804970,0.901863,0.023146,-0.018538,0.048575,0.003972
1053,948.00,0.000,-11.726,3.1719,3.3586,49.9584,0.5937,2.5615,1.7482,0.0000,14.3539,0.0000,11.3850,0.0000,0.0000,19.1698,0.2294,0.0000,0.0000,0.0000,0.0000,0.0000,0.0000,0.0000,-46.568,-38.408,6.682,0.944,3.567,0.234714,0.198327,0.458607,0.041098,-0.006984,0.057245,0.016994
1054,947.00,0.000,-11.742,19.2950,3.4696,50.1493,0.0784,1.6531,1.0262,0.0000,27.8090,0.0000,14.6491,0.0000,0.0000,4.5823,0.0526,0.0000,0.0000,0.0000,0.0000,0.0000,0.0000,0.0000,-262.054,-211.880,41.121,5.561,21.775,-0.765369,0.805442,0.902850,0.023138,-0.018559,0.048537,0.003960
1054,947.00,0.000,-11.742,3.2474,3.3587,49.9597,0.5928,2.5608,1.7460,0.0000,14.3518,0.0000,11.3793,0.0000,0.0000,19.1801,0.2294,0.0000,0.0000,0.0000,0.0000,0.0000,0.0000,0.0000,-47.671,-39.328,6.838,0.967,3.651,0.235277,0.197898,0.458546,0.041090,-0.007025,0.057222,0.016993
1055,946.00,0.000,-11.758,19.2651,3.4700,50.1465,0.0779,1.6517,1.0240,0.0000,27.8363,0.0000,14.6403,0.0000,0.0000,4.5709,0.0524,0.0000,0.0000,0.0000,0.0000,0.0000,0.0000,0.0000,-261.555,-211.524,41.038,5.552,21.737,-0.766730,0.805913,0.903821,0.023130,-0.018582,0.048500,0.003947
1055,946.00,0.000,-11.758,3.3209,3.3588,49.9612,0.5920,2.5601,1.7437,0.0000,14.3493,0.0000,11.3738,0.0000,0.0000,19.1905,0.2294,0.0000,0.0000,0.0000,0.0000,0.0000,0.0000,0.0000,-48.744,-40.223,6.989,0.989,3.733,0.235854,0.197469,0.458471,0.041083,-0.007068,0.057199,0.016992
1056,945.00,0.000,-11.775,19.2359,3.4704,50.1438,0.0774,1.6503,1.0219,0.0000,27.8632,0.0000,14.6318,0.0000,0.0000,4.5595,0.0523,0.0000,0.0000,0.0000,0.0000,0.0000,0.0000,0.0000,-261.067,-211.176,40.956,5.543,21.700,-0.768074,0.806384,0.904774,0.023124,-0.018605,0.048462,0.003935
1056,945.00,0.000,-11.775,3.3924,3.3589,49.9627,0.5911,2.5594,1.7414,0.0000,14.3465,0.0000,11.3686,0.0000,0.0000,19.2009,0.2294,0.0000,0.0000,0.0000,0.0000,0.0000,0.0000,0.0000,-49.786,-41.093,7.136,1.010,3.813,0.236444,0.197040,0.458384,0.041078,-0.007112,0.057176,0.016990
1057,944.00,0.000,-11.791,19.2073,3.4709,50.1412,0.0769,1.6489,1.0197,0.0000,27.8896,0.0000,14.6236,0.0000,0.0000,4.5481,0.0521,0.0000,0.0000,0.0000,0.0000,0.0000,0.0000,0.0000,-260.589,-210.837,40.876,5.534,21.664,-0.769402,0.806854,0.905711,0.023119,-0.018629,0.048425,0.003922
1057,944.00,0.000,-11.791,3.4618,3.3590,49.9644,0.5903,2.5588,1.7389,0.0000,14.3433,0.0000,11.3636,0.0000,0.0000,19.2113,0.2293,0.0000,0.0000,0.0000,0.0000,0.0000,0.0000,0.0000,-50.800,-41.940,7.279,1.031,3.891,0.237047,0.196610,0.458285,0.041076,-0.007158,0.057153,0.016988
1058,943.00,0.000,-11.808,19.1793,3.4713,50.1387,0.0764,1.6476,1.0174,0.0000,27.9157,0.0000,14.6157,0.0000,0.0000,4.5367,0.0519,0.0000,0.0000,0.0000,0.0000,0.0000,0.0000,0.0000,-260.120,-210.505,40.797,5.525,21.629,-0.770713,0.807324,0.906632,0.023114,-0.018654,0.048387,0.003909
1058,943.00,0.000,-11.808,3.5294,3.3591,49.9661,0.5894,2.5581,1.7365,0.0000,14.3398,0.0000,11.3589,0.0000,0.0000,19.2218,0.2293,0.0000,0.0000,0.0000,0.0000,0.0000,0.0000,0.0000,-51.785,-42.764,7.418,1.051,3.966,0.237662,0.196181,0.458175,0.041075,-0.007206,0.057129,0.016985
1059,942.00,0.000,-11.824,19.1520,3.4717,50.1363,0.0759,1.6463,1.0152,0.0000,27.9413,0.0000,14.6081,0.0000,0.0000,4.5254,0.0517,0.0000,0.0000,0.0000,0.0000,0.0000,0.0000,0.0000,-259.662,-210.181,40.720,5.517,21.594,-0.772008,0.807793,0.907539,0.023111,-0.018680,0.048349,0.003896
1059,942.00,0.000,-11.824,3.5952,3.3592,49.9679,0.5886,2.5575,1.7339,0.0000,14.3360,0.0000,11.3544,0.0000,0.0000,19.2324,0.2292,0.0000,0.0000,0.0000,0.0000,0.0000,0.0000,0.0000,-52.744,-43.567,7.552,1.070,4.040,0.238289,0.195751,0.458053,0.041076,-0.007255,0.057106,0.016981
1060,941.00,0.000,-11.841,19.1253,3.4721,50.1340,0.0754,1.6449,1.0129,0.0000,27.9665,0.0000,14.6008,0.0000,0.0000,4.5141,0.0516,0.0000,0.0000,0.0000,0.0000,0.0000,0.0000,0.0000,-259.212,-209.865,40.644,5.508,21.560,-0.773288,0.808262,0.908430,0.023109,-0.018706,0.048310,0.003883
1060,941.00,0.000,-11.841,3.6591,3.3593,49.9698,0.5877,2.5570,1.7313,0.0000,14.3319,0.0000,11.3501,0.0000,0.0000,19.2430,0.2292,0.0000,0.0000,0.0000,0.0000,0.0000,0.0000,0.0000,-53.677,-44.348,7.683,1.089,4.111,0.238927,0.195321,0.457920,0.041079,-0.007306,0.057082,0.016976
1061,940.00,0.000,-11.858,19.0991,3.4725,50.1318,0.0749,1.6437,1.0105,0.0000,27.9913,0.0000,14.5937,0.0000,0.0000,4.5028,0.0514,0.0000,0.0000,0.0000,0.0000,0.0000,0.0000,0.0000,-258.772,-209.556,40.569,5.500,21.527,-0.774554,0.808731,0.909307,0.023107,-0.018733,0.048272,0.003870
1061,940.00,0.000,-11.858,3.7214,3.3593,49.9718,0.5869,2.5564,1.7287,0.0000,14.3274,0.0000,11.3460,0.0000,0.0000,19.2537,0.2291,0.0000,0.0000,0.0000,0.0000,0.0000,0.0000,0.0000,-54.584,-45.109,7.810,1.108,4.180,0.239576,0.194892,0.457777,0.041083,-0.007358,0.057058,0.016971
1062,939.00,0.000,-11.874,19.0735,3.4729,50.1297,0.0744,1.6424,1.0082,0.0000,28.0157,0.0000,14.5869,0.0000,0.0000,4.4915,0.0512,0.0000,0.0000,0.0000,0.0000,0.0000,0.0000,0.0000,-258.341,-209.254,40.495,5.492,21.494,-0.775805,0.809199,0.910171,0.023107,-0.018761,0.048234,0.003857
1062,939.00,0.000,-11.874,3.7820,3.3594,49.9738,0.5861,2.5559,1.7260,0.0000,14.3227,0.0000,11.3421,0.0000,0.0000,19.2644,0.2290,0.0000,0.0000,0.0000,0.0000,0.0000,0.0000,0.0000,-55.467,-45.850,7.934,1.126,4.248,0.240236,0.194462,0.457624,0.041089,-0.007412,0.057034,0.016966
1063,938.00,0.000,-11.891,19.0485,3.4733,50.1277,0.0739,1.6412,1.0058,0.0000,28.0398,0.0000,14.5803,0.0000,0.0000,4.4803,0.0510,0.0000,0.0000,0.0000,0.0000,0.0000,0.0000,0.0000,-257.918,-208.959,40.423,5.484,21.462,-0.777043,0.809666,0.911021,0.023107,-0.018790,0.048195,0.003843
1063,938.00,0.000,-11.891,3.8409,3.3595,49.9759,0.5853,2.5555,1.7232,0.0000,14.3176,0.0000,11.3384,0.0000,0.0000,19.2751,0.2289,0.0000,0.0000,0.0000,0.0000,0.0000,0.0000,0.0000,-56.326,-46.572,8.053,1.143,4.314,0.240907,0.194032,0.457462,0.041097,-0.007467,0.057011,0.016959
1064,937.00,0.000,-11.908,19.0241,3.4737,50.1257,0.0734,1.6399,1.0034,0.0000,28.0636,0.0000,14.5740,0.0000,0.0000,4.4690,0.0508,0.0000,0.0000,0.0000,0.0000,0.0000,0.0000,0.0000,-257.504,-208.672,40.352,5.477,21.431,-0.778268,0.810133,0.911859,0.023109,-0.018819,0.048157,0.003830
1064,937.00,0.000,-11.908,3.8983,3.3595,49.9781,0.5844,2.5550,1.7205,0.0000,14.3123,0.0000,11.3349,0.0000,0.0000,19.2859,0.2289,0.0000,0.0000,0.0000,0.0000,0.0000,0.0000,0.0000,-57.162,-47.275,8.170,1.160,4.378,0.241587,0.193603,0.457289,0.041107,-0.007524,0.056987,0.016952
1065,936.00,0.000,-11.924,19.0001,3.4741,50.1239,0.0729,1.6388,1.0010,0.0000,28.0870,0.0000,14.5679,0.0000,0.0000,4.4579,0.0507,0.0000,0.0000,0.0000,0.0000,0.0000,0.0000,0.0000,-257.098,-208.390,40.283,5.469,21.401,-0.779479,0.810599,0.912683,0.023111,-0.018849,0.048119,0.003816
1065,936.00,0.000,-11.924,3.9542,3.3596,49.9803,0.5836,2.5546,1.7176,0.0000,14.3068,0.0000,11.3316,0.0000,0.0000,19.2967,0.2288,0.0000,0.0000,0.0000,0.0000,0.0000,0.0000,0.0000,-57.975,-47.960,8.283,1.177,4.440,0.242276,0.193173,0.457108,0.041118,-0.007583,0.056963,0.016945
1066,935.00,0.000,-11.941,18.9767,3.4745,50.1221,0.0725,1.6376,0.9986,0.0000,28.1100,0.0000,14.5620,0.0000,0.0000,4.4467,0.0505,0.0000,0.0000,0.0000,0.0000,0.0000,0.0000,0.0000,-256.700,-208.115,40.214,5.462,21.371,-0.780678,0.811064,0.913496,0.023114,-0.018880,0.048081,0.003803
1066,935.00,0.000,-11.941,4.0085,3.3596,49.9826,0.5828,2.5542,1.7147,0.0000,14.3009,0.0000,11.3285,0.0000,0.0000,19.3076,0.2286,0.0000,0.0000,0.0000,0.0000,0.0000,0.0000,0.0000,-58.767,-48.627,8.393,1.193,4.500,0.242975,0.192743,0.456917,0.041131,-0.007642,0.056939,0.016937
1067,934.00,0.000,-11.958,18.9538,3.4749,50.1204,0.0720,1.6364,0.9962,0.0000,28.1328,0.0000,14.5564,0.0000,0.0000,4.4355,0.0503,0.0000,0.0000,0.0000,0.0000,0.0000,0.0000,0.0000,-256.310,-207.847,40.147,5.455,21.341,-0.781866,0.811529,0.914298,0.023118,-0.018911,0.048043,0.003789
1067,934.00,0.000,-11.958,4.0615,3.3597,49.9850,0.5820,2.5538,1.7118,0.0000,14.2949,0.0000,11.3256,0.0000,0.0000,19.3185,0.2285,0.0000,0.0000,0.0000,0.0000,0.0000,0.0000,0.0000,-59.538,-49.277,8.500,1.209,4.559,0.243682,0.192314,0.456718,0.041145,-0.007704,0.056916,0.016928
1068,933.00,0.000,-11.974,18.9314,3.4753,50.1188,0.0715,1.6353,0.9937,0.0000,28.1552,0.0000,14.5509,0.0000,0.0000,4.4244,0.0501,0.0000,0.0000,0.0000,0.0000,0.0000,0.0000,0.0000,-255.928,-207.585,40.080,5.447,21.313,-0.783041,0.811994,0.915088,0.023123,-0.018943,0.048005,0.003775
1068,933.00,0.000,-11.974,4.1131,3.3597,49.9874,0.5812,2.5535,1.7088,0.0000,14.2885,0.0000,11.3228,0.0000,0.0000,19.3294,0.2284,0.0000,0.0000,0.0000,0.0000,0.0000,0.0000,0.0000,-60.288,-49.911,8.604,1.224,4.617,0.244398,0.191885,0.456511,0.041161,-0.007766,0.056893,0.016918
1069,932.00,0.000,-11.991,18.9095,3.4756,50.1172,0.0710,1.6342,0.9912,0.0000,28.1774,0.0000,14.5457,0.0000,0.0000,4.4133,0.0499,0.0000,0.0000,0.0000,0.0000,0.0000,0.0000,0.0000,-255.553,-207.329,40.015,5.441,21.284,-0.784205,0.812458,0.915867,0.023129,-0.018976,0.047967,0.003761
1069,932.00,0.000,-11.991,4.1633,3.3598,49.9898,0.5804,2.5532,1.7058,0.0000,14.2820,0.0000,11.3201,0.0000,0.0000,19.3404,0.2283,0.0000,0.0000,0.0000,0.0000,0.0000,0.0000,0.0000,-61.019,-50.529,8.705,1.239,4.673,0.245122,0.191456,0.456296,0.041179,-0.007830,0.056869,0.016908
1070,931.00,0.000,-12.008,18.8881,3.4760,50.1157,0.0706,1.6331,0.9887,0.0000,28.1993,0.0000,14.5406,0.0000,0.0000,4.4023,0.0497,0.0000,0.0000,0.0000,0.0000,0.0000,0.0000,0.0000,-255.185,-207.078,39.951,5.434,21.257,-0.785359,0.812921,0.916635,0.023136,-0.019010,0.047929,0.003748
1070,931.00,0.000,-12.008,4.2122,3.3598,49.9923,0.5796,2.5529,1.7028,0.0000,14.2752,0.0000,11.3177,0.0000,0.0000,19.3514,0.2281,0.0000,0.0000,0.0000,0.0000,0.0000,0.0000,0.0000,-61.731,-51.131,8.803,1.254,4.727,0.245854,0.191027,0.456073,0.041198,-0.007896,0.056847,0.016898
1071,930.00,0.000,-12.025,18.8671,3.4764,50.1143,0.0701,1.6321,0.9862,0.0000,28.2208,0.0000,14.5357,0.0000,0.0000,4.3912,0.0495,0.0000,0.0000,0.0000,0.0000,0.0000,0.0000,0.0000,-254.825,-206.834,39.888,5.427,21.230,-0.786501,0.813383,0.917393,0.023143,-0.019044,0.047892,0.003734
1071,930.00,0.000,-12.025,4.2598,3.3598,49.9949,0.5788,2.5526,1.6997,0.0000,14.2682,0.0000,11.3154,0.0000,0.0000,19.3624,0.2280,0.0000,0.0000,0.0000,0.0000,0.0000,0.0000,0.0000,-62.424,-51.718,8.898,1.268,4.780,0.246593,0.190598,0.455842,0.041218,-0.007962,0.056824,0.016887
1072,929.00,0.000,-12.042,18.8466,3.4767,50.1129,0.0697,1.6310,0.9837,0.0000,28.2421,0.0000,14.5310,0.0000,0.0000,4.3802,0.0494,0.0000,0.0000,0.0000,0.0000,0.0000,0.0000,0.0000,-254.471,-206.595,39.826,5.421,21.203,-0.787634,0.813845,0.918141,0.023152,-0.019079,0.047855,0.003720
1072,929.00,0.000,-12.042,4.3062,3.3599,49.9975,0.5780,2.5524,1.6966,0.0000,14.2610,0.0000,11.3132,0.0000,0.0000,19.3735,0.2278,0.0000,0.0000,0.0000,0.0000,0.0000,0.0000,0.0000,-63.098,-52.290,8.991,1.282,4.832,0.247340,0.190170,0.455604,0.041240,-0.008030,0.056802,0.016875
1073,928.00,0.000,-12.059,18.8265,3.4771,50.1115,0.0692,1.6300,0.9812,0.0000,28.2632,0.0000,14.5265,0.0000,0.0000,4.3692,0.0492,0.0000,0.0000,0.0000,0.0000,0.0000,0.0000,0.0000,-254.125,-206.361,39.765,5.414,21.177,-0.788756,0.814307,0.918879,0.023161,-0.019114,0.047818,0.003706
1073,928.00,0.000,-12.059,4.3514,3.3599,50.0002,0.5772,2.5522,1.6934,0.0000,14.2535,0.0000,11.3112,0.0000,0.0000,19.3846,0.2277,0.0000,0.0000,0.0000,0.0000,0.0000,0.0000,0.0000,-63.755,-52.848,9.081,1.295,4.882,0.248094,0.189742,0.455359,0.041263,-0.008100,0.056780,0.016863
1074,927.00,0.000,-12.076,18.8069,3.4774,50.1103,0.0688,1.6290,0.9786,0.0000,28.2840,0.0000,14.5221,0.0000,0.0000,4.3582,0.0490,0.0000,0.0000,0.0000,0.0000,0.0000,0.0000,0.0000,-253.785,-206.133,39.705,5.408,21.152,-0.789869,0.814767,0.919608,0.023171,-0.019150,0.047781,0.003691
1074,927.00,0.000,-12.076,4.3954,3.3599,50.0029,0.5764,2.5520,1.6902,0.0000,14.2459,0.0000,11.3094,0.0000,0.0000,19.3957,0.2275,0.0000,0.0000,0.0000,0.0000,0.0000,0.0000,0.0000,-64.395,-53.392,9.169,1.308,4.931,0.248855,0.189314,0.455107,0.041288,-0.008171,0.056758,0.016850
1075,926.00,0.000,-12.093,18.7877,3.4778,50.1090,0.0683,1.6281,0.9761,0.0000,28.3045,0.0000,14.5179,0.0000,0.0000,4.3473,0.0488,0.0000,0.0000,0.0000,0.0000,0.0000,0.0000,0.0000,-253.452,-205.911,39.645,5.402,21.127,-0.790973,0.815227,0.920328,0.023182,-0.019187,0.047745,0.003677
1075,926.00,0.000,-12.093,4.4383,3.3599,50.0056,0.5756,2.5519,1.6870,0.0000,14.2381,0.0000,11.3076,0.0000,0.0000,19.4069,0.2273,0.0000,0.0000,0.0000,0.0000,0.0000,0.0000,0.0000,-65.019,-53.922,9.254,1.321,4.978,0.249622,0.188886,0.454848,0.041314,-0.008243,0.056737,0.016837
1076,925.00,0.000,-12.110,18.7690,3.4781,50.1078,0.0679,1.6272,0.9735,0.0000,28.3248,0.0000,14.5139,0.0000,0.0000,4.3364,0.0486,0.0000,0.0000,0.0000,0.0000,0.0000,0.0000,0.0000,-253.125,-205.693,39.587,5.396,21.103,-0.792067,0.815687,0.921039,0.023194,-0.019225,0.047709,0.003663
1076,925.00,0.000,-12.110,4.4801,3.3600,50.0084,0.5748,2.5517,1.6838,0.0000,14.2301,0.0000,11.3060,0.0000,0.0000,19.4181,0.2271,0.0000,0.0000,0.0000,0.0000,0.0000,0.0000,0.0000,-65.626,-54.440,9.336,1.333,5.025,0.250396,0.188459,0.454582,0.041341,-0.008317,0.056716,0.016822
1077,924.00,0.000,-12.127,18.7506,3.4785,50.1067,0.0674,1.6262,0.9709,0.0000,28.3449,0.0000,14.5099,0.0000,0.0000,4.3255,0.0484,0.0000,0.0000,0.0000,0.0000,0.0000,0.0000,0.0000,-252.804,-205.481,39.530,5.391,21.079,-0.793152,0.816145,0.921741,0.023206,-0.019263,0.047673,0.003649
1077,924.00,0.000,-12.127,4.5208,3.3600,50.0112,0.5740,2.5517,1.6805,0.0000,14.2219,0.0000,11.3046,0.0000,0.0000,19.4293,0.2269,0.0000,0.0000,0.0000,0.0000,0.0000,0.0000,0.0000,-66.218,-54.944,9.417,1.345,5.070,0.251176,0.188032,0.454311,0.041370,-0.008392,0.056696,0.016808
1078,923.00,0.000,-12.144,18.7327,3.4788,50.1056,0.0670,1.6254,0.9684,0.0000,28.3647,0.0000,14.5062,0.0000,0.0000,4.3146,0.0482,0.0000,0.0000,0.0000,0.0000,0.0000,0.0000,0.0000,-252.490,-205.274,39.474,5.385,21.055,-0.794229,0.816603,0.922435,0.023220,-0.019302,0.047638,0.003634
1078,923.00,0.000,-12.144,4.5604,3.3600,50.0140,0.5732,2.5516,1.6772,0.0000,14.2135,0.0000,11.3032,0.0000,0.0000,19.4405,0.2267,0.0000,0.0000,0.0000,0.0000,0.0000,0.0000,0.0000,-66.794,-55.436,9.495,1.357,5.114,0.251961,0.187605,0.454033,0.041400,-0.008468,0.056676,0.016793
1079,922.00,0.000,-12.161,18.7151,3.4791,50.1045,0.0666,1.6245,0.9658,0.0000,28.3843,0.0000,14.5026,0.0000,0.0000,4.3037,0.0480,0.0000,0.0000,0.0000,0.0000,0.0000,0.0000,0.0000,-252.182,-205.071,39.418,5.379,21.032,-0.795298,0.817061,0.923121,0.023234,-0.019341,0.047603,0.003620
1079,922.00,0.000,-12.161,4.5991,3.3600,50.0169,0.5724,2.5516,1.6738,0.0000,14.2049,0.0000,11.3020,0.0000,0.0000,19.4517,0.2265,0.0000,0.0000,0.0000,0.0000,0.0000,0.0000,0.0000,-67.355,-55.916,9.571,1.369,5.156,0.252753,0.187179,0.453749,0.041431,-0.008546,0.056656,0.016777
1080,921.00,0.000,-12.178,18.6980,3.4795,50.1035,0.0661,1.6237,0.9632,0.0000,28.4037,0.0000,14.4991,0.0000,0.0000,4.2929,0.0478,0.0000,0.0000,0.0000,0.0000,0.0000,0.0000,0.0000,-251.879,-204.874,39.364,5.374,21.010,-0.796358,0.817517,0.923799,0.023249,-0.019381,0.047569,0.003605
1080,921.00,0.000,-12.178,4.6367,3.3600,50.0198,0.5716,2.5516,1.6705,0.0000,14.1962,0.0000,11.3009,0.0000,0.0000,19.4630,0.2263,0.0000,0.0000,0.0000,0.0000,0.0000,0.0000,0.0000,-67.901,-56.384,9.645,1.380,5.198,0.253550,0.186754,0.453460,0.041464,-0.008625,0.056638,0.016761
1081,920.00,0.000,-12.195,18.6813,3.4798,50.1025,0.0657,1.6229,0.9606,0.0000,28.4229,0.0000,14.4957,0.0000,0.0000,4.2821,0.0476,0.0000,0.0000,0.0000,0.0000,0.0000,0.0000,0.0000,-251.583,-204.681,39.310,5.368,20.988,-0.797411,0.817973,0.924469,0.023265,-0.019422,0.047535,0.003591
1081,920.00,0.000,-12.195,4.6733,3.3600,50.0228,0.5708,2.5516,1.6671,0.0000,14.1873,0.0000,11.2999,0.0000,0.0000,19.4743,0.2261,0.0000,0.0000,0.0000,0.0000,0.0000,0.0000,0.0000,-68.434,-56.841,9.716,1.391,5.239,0.254352,0.186328,0.453165,0.041498,-0.008706,0.056619,0.016744
1082,919.00,0.000,-12.212,18.6567,3.4802,50.0973,0.0650,1.6257,0.9591,0.0000,28.4472,0.0000,14.4861,0.0000,0.0000,4.2723,0.0473,0.0000,0.0000,0.0000,0.0000,0.0000,0.0000,0.0000,-251.169,-204.390,39.239,5.361,20.956,-0.798711,0.818389,0.925336,0.023345,-0.019540,0.047612,0.003569
1082,919.00,0.000,-12.212,4.7552,3.3601,50.0245,0.5676,2.5541,1.6638,0.0000,14.1846,0.0000,11.2963,0.0000,0.0000,19.4839,0.2252,0.0000,0.0000,0.0000,0.0000,0.0000,0.0000,0.0000,-69.625,-57.845,9.882,1.415,5.330,0.254885,0.186003,0.453075,0.041537,-0.008933,0.056754,0.016680
1083,918.00,0.000,-12.230,18.6318,3.4808,50.0882,0.0641,1.6318,0.9587,0.0000,28.4762,0.0000,14.4703,0.0000,0.0000,4.2638,0.0470,0.0000,0.0000,0.0000,0.0000,0.0000,0.0000,0.0000,-250.737,-204.083,39.167,5.353,20.924,-0.800221,0.818750,0.926387,0.023479,-0.019731,0.047794,0.003542
1083,918.00,0.000,-12.230,4.8703,3.3602,50.0270,0.5606,2.5577,1.6603,0.0000,14.1890,0.0000,11.2908,0.0000,0.0000,19.4909,0.2238,0.0000,0.0000,0.0000,0.0000,0.0000,0.0000,0.0000,-71.301,-59.251,10.116,1.449,5.458,0.255147,0.185818,0.453222,0.041524,-0.009320,0.057039,0.016570
1084,917.00,0.000,-12.247,18.6170,3.4812,50.0812,0.0631,1.6362,0.9577,0.0000,28.5029,0.0000,14.4570,0.0000,0.0000,4.2553,0.0466,0.0000,0.0000,0.0000,0.0000,0.0000,0.0000,0.0000,-250.449,-203.894,39.117,5.348,20.903,-0.801594,0.819108,0.927351,0.023579,-0.019890,0.047927,0.003518
1084,917.00,0.000,-12.247,4.9563,3.3602,50.0322,0.5532,2.5590,1.6561,0.0000,14.1922,0.0000,11.2873,0.0000,0.0000,19.4975,0.2225,0.0000,0.0000,0.0000,0.0000,0.0000,0.0000,0.0000,-72.550,-60.304,10.290,1.475,5.554,0.255511,0.185643,0.453323,0.041447,-0.009668,0.057266,0.016478
1085,916.00,0.000,-12.264,17.7242,3.4787,50.1257,0.0653,1.6528,0.9438,0.0000,28.3265,0.0000,14.6015,0.0000,0.0000,4.2388,0.0456,0.0000,0.0000,0.0000,0.0000,0.0000,0.0000,0.0000,-238.805,-194.519,37.242,5.095,19.917,-0.796021,0.820054,0.920686,0.024242,-0.020425,0.048028,0.003437
1085,916.00,0.000,-12.264,5.3237,3.3585,50.0300,0.5778,2.6004,1.6393,0.0000,14.0083,0.0000,11.3668,0.0000,0.0000,19.5584,0.2190,0.0000,0.0000,0.0000,0.0000,0.0000,0.0000,0.0000,-78.031,-64.892,11.050,1.585,5.969,0.262161,0.184000,0.447124,0.043425,-0.010256,0.057339,0.016207
1085,916.00,0.000,-12.264,0.0062,3.3585,50.0302,0.5778,2.6003,1.6392,0.0000,14.0085,0.0000,11.3668,0.0000,0.0000,19.5582,0.2190,0.0000,0.0000,0.0000,0.0000,0.0000,0.0000,0.0000,-0.090,-0.075,0.013,0.002,0.007,0.262154,0.184006,0.447130,0.043423,-0.010258,0.057337,0.016206
1086,915.00,0.000,-12.281,17.7063,3.4789,50.1279,0.0650,1.6510,0.9408,0.0000,28.3369,0.0000,14.6052,0.0000,0.0000,4.2276,0.0455,0.0000,0.0000,0.0000,0.0000,0.0000,0.0000,0.0000,-238.516,-194.332,37.187,5.090,19.895,-0.796744,0.820530,0.921028,0.024239,-0.020441,0.047957,0.003430
1086,915.00,0.000,-12.281,5.3398,3.3584,50.0342,0.5781,2.6003,1.6360,0.0000,13.9920,0.0000,11.3695,0.0000,0.0000,19.5706,0.2193,0.0000,0.0000,0.0000,0.0000,0.0000,0.0000,0.0000,-78.267,-65.105,11.078,1.590,5.986,0.263216,0.183527,0.446578,0.043468,-0.010282,0.057268,0.016226
1087,914.00,0.000,-12.295,17.6936,3.4792,50.1288,0.0647,1.6498,0.9394,0.0000,28.3475,0.0000,14.6082,0.0000,0.0000,4.2162,0.0454,0.0000,0.0000,0.0000,0.0000,0.0000,0.0000,0.0000,-238.294,-194.198,37.144,5.086,19.878,-0.797512,0.821009,0.921378,0.024228,-0.020447,0.047920,0.003424
1087,914.00,0.000,-12.295,5.3490,3.3584,50.0363,0.5787,2.6011,1.6354,0.0000,13.9754,0.0000,11.3707,0.0000,0.0000,19.5827,0.2196,0.0000,0.0000,0.0000,0.0000,0.0000,0.0000,0.0000,-78.399,-65.231,11.092,1.593,5.996,0.264217,0.183040,0.446030,0.043495,-0.010281,0.057247,0.016252
1088,913.00,0.000,-12.310,17.6809,3.4794,50.1298,0.0644,1.6487,0.9379,0.0000,28.3579,0.0000,14.6112,0.0000,0.0000,4.2048,0.0454,0.0000,0.0000,0.0000,0.0000,0.0000,0.0000,0.0000,-238.072,-194.065,37.100,5.082,19.862,-0.798280,0.821487,0.921727,0.024218,-0.020454,0.047884,0.003418
1088,913.00,0.000,-12.310,5.3581,3.3584,50.0383,0.5792,2.6020,1.6348,0.0000,13.9589,0.0000,11.3720,0.0000,0.0000,19.5948,0.2200,0.0000,0.0000,0.0000,0.0000,0.0000,0.0000,0.0000,-78.529,-65.357,11.105,1.595,6.006,0.265217,0.182554,0.445482,0.043522,-0.010279,0.057225,0.016279
1089,912.00,0.000,-12.325,17.6682,3.4796,50.1307,0.0641,1.6475,0.9364,0.0000,28.3684,0.0000,14.6142,0.0000,0.0000,4.1934,0.0453,0.0000,0.0000,0.0000,0.0000,0.0000,0.0000,0.0000,-237.851,-193.933,37.057,5.078,19.845,-0.799045,0.821964,0.922075,0.024207,-0.020460,0.047847,0.003412
1089,912.00,0.000,-12.325,5.3671,3.3583,50.0404,0.5797,2.6028,1.6342,0.0000,13.9423,0.0000,11.3732,0.0000,0.0000,19.6069,0.2204,0.0000,0.0000,0.0000,0.0000,0.0000,0.0000,0.0000,-78.660,-65.482,11.119,1.598,6.015,0.266216,0.182069,0.444935,0.043550,-0.010278,0.057203,0.016305
1090,911.00,0.000,-12.339,17.6556,3.4798,50.1317,0.0638,1.6463,0.9349,0.0000,28.3789,0.0000,14.6171,0.0000,0.0000,4.1821,0.0452,0.0000,0.0000,0.0000,0.0000,0.0000,0.0000,0.0000,-237.631,-193.801,37.014,5.074,19.829,-0.799809,0.822439,0.922423,0.024196,-0.020466,0.047810,0.003407
1090,911.00,0.000,-12.339,5.3760,3.3583,50.0425,0.5802,2.6036,1.6335,0.0000,13.9258,0.0000,11.3745,0.0000,0.0000,19.6190,0.2207,0.0000,0.0000,0.0000,0.0000,0.0000,0.0000,0.0000,-78.789,-65.606,11.132,1.601,6.025,0.267215,0.181585,0.444387,0.043577,-0.010277,0.057181,0.016332
1091,910.00,0.000,-12.355,16.7715,3.4812,50.1073,0.0635,1.6482,0.9391,0.0000,28.4662,0.0000,14.5601,0.0000,0.0000,4.1706,0.0451,0.0000,0.0000,0.0000,0.0000,0.0000,0.0000,0.0000,-225.522,-183.948,35.138,4.818,18.826,-0.803567,0.822850,0.925655,0.024180,-0.020468,0.047947,0.003404
1091,910.00,0.000,-12.355,5.5133,3.3591,50.0237,0.5813,2.6076,1.6420,0.0000,13.9661,0.0000,11.3363,0.0000,0.0000,19.6217,0.2214,0.0000,0.0000,0.0000,0.0000,0.0000,0.0000,0.0000,-80.757,-67.257,11.410,1.641,6.176,0.265887,0.181223,0.445785,0.043564,-0.010195,0.057354,0.016382
1092,909.00,0.000,-12.371,15.8934,3.4826,50.0830,0.0631,1.6500,0.9434,0.0000,28.5532,0.0000,14.5032,0.0000,0.0000,4.1590,0.0451,0.0000,0.0000,0.0000,0.0000,0.0000,0.0000,0.0000,-213.516,-174.177,33.277,4.564,17.831,-0.807315,0.823259,0.928878,0.024163,-0.020470,0.048084,0.003401
1092,909.00,0.000,-12.371,5.6492,3.3599,50.0049,0.5823,2.6116,1.6504,0.0000,14.0063,0.0000,11.2981,0.0000,0.0000,19.6244,0.2220,0.0000,0.0000,0.0000,0.0000,0.0000,0.0000,0.0000,-82.704,-68.891,11.685,1.681,6.326,0.264564,0.180862,0.447177,0.043550,-0.010113,0.057526,0.016433
1093,908.00,0.000,-12.387,15.0167,3.4840,50.0586,0.0628,1.6519,0.9476,0.0000,28.6402,0.0000,14.4463,0.0000,0.0000,4.1475,0.0450,0.0000,0.0000,0.0000,0.0000,0.0000,0.0000,0.0000,-201.551,-164.437,31.422,4.310,16.839,-0.811068,0.823668,0.932106,0.024146,-0.020471,0.048221,0.003398
1093,908.00,0.000,-12.387,5.7845,3.3607,49.9860,0.5834,2.6156,1.6589,0.0000,14.0465,0.0000,11.2599,0.0000,0.0000,19.6270,0.2226,0.0000,0.0000,0.0000,0.0000,0.0000,0.0000,0.0000,-84.640,-70.515,11.958,1.721,6.476,0.263234,0.180503,0.448575,0.043537,-0.010030,0.057698,0.016483
1094,907.00,0.000,-12.402,14.1414,3.4854,50.0343,0.0625,1.6537,0.9518,0.0000,28.7273,0.0000,14.3893,0.0000,0.0000,4.1361,0.0450,0.0000,0.0000,0.0000,0.0000,0.0000,0.0000,0.0000,-189.627,-154.728,29.572,4.057,15.849,-0.814825,0.824076,0.935340,0.024129,-0.020472,0.048358,0.003395
1094,907.00,0.000,-12.402,5.9191,3.3615,49.9671,0.5845,2.6196,1.6674,0.0000,14.0869,0.0000,11.2216,0.0000,0.0000,19.6296,0.2233,0.0000,0.0000,0.0000,0.0000,0.0000,0.0000,0.0000,-86.563,-72.130,12.230,1.761,6.624,0.261895,0.180145,0.449978,0.043522,-0.009946,0.057871,0.016534
1095,906.00,0.000,-12.418,13.2676,3.4868,50.0099,0.0621,1.6556,0.9561,0.0000,28.8145,0.0000,14.3323,0.0000,0.0000,4.1246,0.0449,0.0000,0.0000,0.0000,0.0000,0.0000,0.0000,0.0000,-177.745,-145.051,27.727,3.805,14.862,-0.818588,0.824483,0.938579,0.024112,-0.020472,0.048496,0.003391
1095,906.00,0.000,-12.418,6.0531,3.3623,49.9482,0.5855,2.6236,1.6760,0.0000,14.1274,0.0000,11.1833,0.0000,0.0000,19.6321,0.2239,0.0000,0.0000,0.0000,0.0000,0.0000,0.0000,0.0000,-88.476,-73.737,12.500,1.800,6.771,0.260549,0.179789,0.451385,0.043507,-0.009861,0.058045,0.016585
1096,905.00,0.000,-12.434,12.3954,3.4882,49.9854,0.0618,1.6574,0.9604,0.0000,28.9018,0.0000,14.2751,0.0000,0.0000,4.1132,0.0448,0.0000,0.0000,0.0000,0.0000,0.0000,0.0000,0.0000,-165.904,-135.405,25.887,3.554,13.878,-0.822355,0.824889,0.941823,0.024094,-0.020472,0.048633,0.003388
1096,905.00,0.000,-12.434,6.1865,3.3631,49.9292,0.5866,2.6276,1.6846,0.0000,14.1680,0.0000,11.1448,0.0000,0.0000,19.6346,0.2245,0.0000,0.0000,0.0000,0.0000,0.0000,0.0000,0.0000,-90.376,-75.334,12.768,1.840,6.918,0.259195,0.179435,0.452798,0.043492,-0.009776,0.058219,0.016637
1097,904.00,0.000,-12.450,11.5247,3.4896,49.9610,0.0615,1.6592,0.9647,0.0000,28.9891,0.0000,14.2179,0.0000,0.0000,4.1018,0.0448,0.0000,0.0000,0.0000,0.0000,0.0000,0.0000,0.0000,-154.106,-125.791,24.053,3.303,12.897,-0.826126,0.825294,0.945072,0.024075,-0.020472,0.048771,0.003385
1097,904.00,0.000,-12.450,6.3192,3.3639,49.9102,0.5877,2.6316,1.6932,0.0000,14.2088,0.0000,11.1064,0.0000,0.0000,19.6370,0.2252,0.0000,0.0000,0.0000,0.0000,0.0000,0.0000,0.0000,-92.265,-76.922,13.034,1.879,7.064,0.257834,0.179082,0.454216,0.043476,-0.009689,0.058394,0.016688
1098,903.00,0.000,-12.466,10.6555,3.4910,49.9365,0.0611,1.6610,0.9690,0.0000,29.0765,0.0000,14.1607,0.0000,0.0000,4.0905,0.0447,0.0000,0.0000,0.0000,0.0000,0.0000,0.0000,0.0000,-142.350,-116.210,22.225,3.052,11.918,-0.829901,0.825698,0.948326,0.024057,-0.020471,0.048908,0.003382
1098,903.00,0.000,-12.466,6.4513,3.3647,49.8911,0.5888,2.6356,1.7019,0.0000,14.2497,0.0000,11.0678,0.0000,0.0000,19.6393,0.2258,0.0000,0.0000,0.0000,0.0000,0.0000,0.0000,0.0000,-94.143,-78.501,13.299,1.917,7.209,0.256465,0.178731,0.455638,0.043459,-0.009602,0.058569,0.016740
1099,902.00,0.000,-12.482,9.7879,3.4924,49.9120,0.0608,1.6628,0.9733,0.0000,29.1639,0.0000,14.1033,0.0000,0.0000,4.0791,0.0447,0.0000,0.0000,0.0000,0.0000,0.0000,0.0000,0.0000,-130.637,-106.661,20.402,2.803,10.942,-0.833680,0.826102,0.951585,0.024038,-0.020470,0.049046,0.003379
1099,902.00,0.000,-12.482,6.5827,3.3655,49.8719,0.5898,2.6396,1.7106,0.0000,14.2907,0.0000,11.0292,0.0000,0.0000,19.6415,0.2265,0.0000,0.0000,0.0000,0.0000,0.0000,0.0000,0.0000,-96.009,-80.071,13.563,1.956,7.353,0.255088,0.178381,0.457066,0.043442,-0.009514,0.058744,0.016792
1100,901.00,0.000,-12.498,8.9219,3.4938,49.8875,0.0605,1.6646,0.9776,0.0000,29.2513,0.0000,14.0459,0.0000,0.0000,4.0678,0.0446,0.0000,0.0000,0.0000,0.0000,0.0000,0.0000,0.0000,-118.967,-97.145,18.585,2.554,9.968,-0.837464,0.826504,0.954849,0.024018,-0.020468,0.049184,0.003376
1100,901.00,0.000,-12.498,6.7136,3.3663,49.8528,0.5909,2.6436,1.7194,0.0000,14.3319,0.0000,10.9906,0.0000,0.0000,19.6438,0.2271,0.0000,0.0000,0.0000,0.0000,0.0000,0.0000,0.0000,-97.864,-81.632,13.825,1.994,7.497,0.253704,0.178033,0.458499,0.043424,-0.009425,0.058920,0.016844
1101,900.00,0.000,-12.514,8.0575,3.4952,49.8630,0.0602,1.6664,0.9820,0.0000,29.3388,0.0000,13.9885,0.0000,0.0000,4.0566,0.0445,0.0000,0.0000,0.0000,0.0000,0.0000,0.0000,0.0000,-107.340,-87.662,16.774,2.305,8.998,-0.841251,0.826906,0.958118,0.023999,-0.020466,0.049322,0.003373
1101,900.00,0.000,-12.514,6.8438,3.3671,49.8335,0.5920,2.6476,1.7282,0.0000,14.3731,0.0000,10.9519,0.0000,0.0000,19.6459,0.2278,0.0000,0.0000,0.0000,0.0000,0.0000,0.0000,0.0000,-99.708,-83.184,14.085,2.033,7.639,0.252313,0.177687,0.459936,0.043406,-0.009336,0.059097,0.016897
1102,899.00,0.000,-12.530,7.1948,3.4966,49.8385,0.0598,1.6682,0.9863,0.0000,29.4264,0.0000,13.9310,0.0000,0.0000,4.0453,0.0445,0.0000,0.0000,0.0000,0.0000,0.0000,0.0000,0.0000,-95.757,-78.212,14.968,2.058,8.030,-0.845041,0.827307,0.961391,0.023979,-0.020463,0.049459,0.003370
1102,899.00,0.000,-12.530,6.9733,3.3679,49.8143,0.5931,2.6516,1.7370,0.0000,14.4145,0.0000,10.9131,0.0000,0.0000,19.6480,0.2284,0.0000,0.0000,0.0000,0.0000,0.0000,0.0000,0.0000,-101.541,-84.728,14.343,2.071,7.781,0.250914,0.177342,0.461379,0.043387,-0.009245,0.059274,0.016949
1103,898.00,0.000,-12.547,6.3337,3.4980,49.8139,0.0595,1.6699,0.9907,0.0000,29.5140,0.0000,13.8734,0.0000,0.0000,4.0341,0.0444,0.0000,0.0000,0.0000,0.0000,0.0000,0.0000,0.0000,-84.218,-68.795,13.168,1.811,7.065,-0.848836,0.827706,0.964668,0.023958,-0.020460,0.049597,0.003366
1103,898.00,0.000,-12.547,7.1023,3.3687,49.7950,0.5942,2.6556,1.7459,0.0000,14.4560,0.0000,10.8742,0.0000,0.0000,19.6500,0.2291,0.0000,0.0000,0.0000,0.0000,0.0000,0.0000,0.0000,-103.362,-86.262,14.601,2.108,7.922,0.249508,0.176999,0.462826,0.043368,-0.009154,0.059451,0.017002
1104,897.00,0.000,-12.563,5.4743,3.4994,49.7893,0.0592,1.6717,0.9951,0.0000,29.6016,0.0000,13.8158,0.0000,0.0000,4.0229,0.0444,0.0000,0.0000,0.0000,0.0000,0.0000,0.0000,0.0000,-72.722,-59.412,11.374,1.564,6.104,-0.852633,0.828105,0.967950,0.023937,-0.020457,0.049735,0.003363
1104,897.00,0.000,-12.563,7.2307,3.3695,49.7756,0.5953,2.6596,1.7548,0.0000,14.4976,0.0000,10.8354,0.0000,0.0000,19.6520,0.2297,0.0000,0.0000,0.0000,0.0000,0.0000,0.0000,0.0000,-105.172,-87.788,14.856,2.146,8.062,0.248095,0.176658,0.464278,0.043348,-0.009062,0.059628,0.017055
1105,896.00,0.000,-12.579,4.6167,3.5008,49.7648,0.0589,1.6734,0.9994,0.0000,29.6893,0.0000,13.7582,0.0000,0.0000,4.0118,0.0443,0.0000,0.0000,0.0000,0.0000,0.0000,0.0000,0.0000,-61.270,-50.063,9.586,1.319,5.145,-0.856433,0.828502,0.971235,0.023916,-0.020453,0.049872,0.003360
1105,896.00,0.000,-12.579,7.3584,3.3703,49.7563,0.5964,2.6636,1.7637,0.0000,14.5393,0.0000,10.7964,0.0000,0.0000,19.6539,0.2304,0.0000,0.0000,0.0000,0.0000,0.0000,0.0000,0.0000,-106.971,-89.306,15.110,2.183,8.202,0.246674,0.176318,0.465735,0.043327,-0.008969,0.059806,0.017108
1106,895.00,0.000,-12.595,3.7607,3.5022,49.7402,0.0585,1.6751,1.0038,0.0000,29.7769,0.0000,13.7005,0.0000,0.0000,4.0007,0.0442,0.0000,0.0000,0.0000,0.0000,0.0000,0.0000,0.0000,-49.863,-40.747,7.804,1.074,4.189,-0.860237,0.828899,0.974525,0.023895,-0.020449,0.050010,0.003356
1106,895.00,0.000,-12.595,7.4855,3.3712,49.7369,0.5975,2.6675,1.7727,0.0000,14.5812,0.0000,10.7574,0.0000,0.0000,19.6557,0.2310,0.0000,0.0000,0.0000,0.0000,0.0000,0.0000,0.0000,-108.760,-90.814,15.362,2.220,8.340,0.245247,0.175980,0.467196,0.043306,-0.008876,0.059984,0.017161
1107,894.00,0.000,-12.612,2.9065,3.5036,49.7156,0.0582,1.6768,1.0082,0.0000,29.8646,0.0000,13.6427,0.0000,0.0000,3.9896,0.0442,0.0000,0.0000,0.0000,0.0000,0.0000,0.0000,0.0000,-38.500,-31.466,6.027,0.830,3.235,-0.864043,0.829295,0.977819,0.023873,-0.020444,0.050147,0.003353
1107,894.00,0.000,-12.612,7.6121,3.3720,49.7174,0.5986,2.6715,1.7817,0.0000,14.6232,0.0000,10.7184,0.0000,0.0000,19.6575,0.2317,0.0000,0.0000,0.0000,0.0000,0.0000,0.0000,0.0000,-110.537,-92.314,15.613,2.257,8.478,0.243812,0.175644,0.468663,0.043285,-0.008781,0.060163,0.017215
1108,893.00,0.000,-12.628,2.0540,3.5051,49.6910,0.0579,1.6785,1.0126,0.0000,29.9524,0.0000,13.5850,0.0000,0.0000,3.9785,0.0441,0.0000,0.0000,0.0000,0.0000,0.0000,0.0000,0.0000,-27.182,-22.218,4.257,0.586,2.285,-0.867851,0.829689,0.981116,0.023851,-0.020439,0.050285,0.003350
1108,893.00,0.000,-12.628,7.7380,3.3728,49.6979,0.5997,2.6754,1.7907,0.0000,14.6653,0.0000,10.6793,0.0000,0.0000,19.6593,0.2323,0.0000,0.0000,0.0000,0.0000,0.0000,0.0000,0.0000,-112.304,-93.805,15.862,2.294,8.615,0.242371,0.175309,0.470134,0.043262,-0.008686,0.060341,0.017269
1109,892.00,0.000,-12.644,1.2032,3.5065,49.6664,0.0576,1.6802,1.0170,0.0000,30.0401,0.0000,13.5272,0.0000,0.0000,3.9675,0.0440,0.0000,0.0000,0.0000,0.0000,0.0000,0.0000,0.0000,-15.908,-13.005,2.492,0.343,1.338,-0.871662,0.830083,0.984417,0.023828,-0.020434,0.050422,0.003346
1109,892.00,0.000,-12.644,7.8633,3.3736,49.6784,0.6008,2.6794,1.7998,0.0000,14.7075,0.0000,10.6402,0.0000,0.0000,19.6609,0.2330,0.0000,0.0000,0.0000,0.0000,0.0000,0.0000,0.0000,-114.059,-95.288,16.110,2.331,8.751,0.240922,0.174976,0.471610,0.043240,-0.008590,0.060520,0.017323
1110,891.00,0.000,-12.661,0.3543,3.5079,49.6417,0.0573,1.6819,1.0214,0.0000,30.1279,0.0000,13.4693,0.0000,0.0000,3.9565,0.0440,0.0000,0.0000,0.0000,0.0000,0.0000,0.0000,0.0000,-4.680,-3.826,0.733,0.101,0.394,-0.875476,0.830475,0.987722,0.023805,-0.020428,0.050558,0.003343
1110,891.00,0.000,-12.661,7.9881,3.3745,49.6589,0.6019,2.6833,1.8089,0.0000,14.7498,0.0000,10.6010,0.0000,0.0000,19.6626,0.2337,0.0000,0.0000,0.0000,0.0000,0.0000,0.0000,0.0000,-115.804,-96.763,16.357,2.367,8.887,0.239467,0.174645,0.473090,0.043216,-0.008494,0.060699,0.017377
