Index,T (C),P (kbars),log(10) f O2,mass (gm),rho (gm/cc),wt% SiO2,wt% TiO2,wt% Al2O3,wt% Fe2O3,wt% Cr2O3,wt% FeO,wt% MnO,wt% MgO,wt% NiO,wt% CoO,wt% CaO,wt% Na2O,wt% K2O,wt% P2O5,wt% H2O,wt% CO2,wt% SO3,wt% Cl2O-1,wt% F2O-1,G (kJ),H (kJ),S (J/K),V (cc),Cp (J/K),       albite,    anorthite,     sanidine
825,1176.00,0.000,-8.576,0.4095,2.6416,51.8188,0.0000,30.8067,0.0000,0.0000,0.0000,0.0000,0.0000,0.0000,0.0000,13.3247,3.9041,0.1457,0.0000,0.0000,0.0000,0.0000,0.0000,0.0000,-7.108,-5.653,1.004,0.155,0.505,0.343575,0.647987,0.008439
826,1175.00,0.000,-8.588,0.7682,2.6413,51.8621,0.0000,30.7772,0.0000,0.0000,0.0000,0.0000,0.0000,0.0000,0.0000,13.2902,3.9233,0.1472,0.0000,0.0000,0.0000,0.0000,0.0000,0.0000,-13.333,-10.606,1.883,0.291,0.947,0.345230,0.646250,0.008520
827,1174.00,0.000,-8.600,1.1253,2.6410,51.9052,0.0000,30.7478,0.0000,0.0000,0.0000,0.0000,0.0000,0.0000,0.0000,13.2559,3.9424,0.1486,0.0000,0.0000,0.0000,0.0000,0.0000,0.0000,-19.526,-15.536,2.757,0.426,1.387,0.346879,0.644519,0.008603
828,1173.00,0.000,-8.611,1.4806,2.6408,51.9483,0.0000,30.7185,0.0000,0.0000,0.0000,0.0000,0.0000,0.0000,0.0000,13.2217,3.9615,0.1501,0.0000,0.0000,0.0000,0.0000,0.0000,0.0000,-25.688,-20.443,3.627,0.561,1.824,0.348521,0.642793,0.008686
829,1172.00,0.000,-8.623,1.8343,2.6405,51.9911,0.0000,30.6893,0.0000,0.0000,0.0000,0.0000,0.0000,0.0000,0.0000,13.1876,3.9804,0.1515,0.0000,0.0000,0.0000,0.0000,0.0000,0.0000,-31.820,-25.328,4.492,0.695,2.260,0.350157,0.641073,0.008770
830,1171.00,0.000,-8.635,2.1863,2.6402,52.0339,0.0000,30.6602,0.0000,0.0000,0.0000,0.0000,0.0000,0.0000,0.0000,13.1536,3.9993,0.1530,0.0000,0.0000,0.0000,0.0000,0.0000,0.0000,-37.921,-30.190,5.353,0.828,2.693,0.351786,0.639360,0.008854
831,1170.00,0.000,-8.647,2.5366,2.6399,52.0765,0.0000,30.6312,0.0000,0.0000,0.0000,0.0000,0.0000,0.0000,0.0000,13.1197,4.0182,0.1545,0.0000,0.0000,0.0000,0.0000,0.0000,0.0000,-43.991,-35.029,6.210,0.961,3.125,0.353409,0.637652,0.008939
832,1169.00,0.000,-8.658,2.8853,2.6397,52.1189,0.0000,30.6023,0.0000,0.0000,0.0000,0.0000,0.0000,0.0000,0.0000,13.0859,4.0369,0.1560,0.0000,0.0000,0.0000,0.0000,0.0000,0.0000,-50.030,-39.847,7.062,1.093,3.554,0.355024,0.635951,0.009025
833,1168.00,0.000,-8.670,3.2323,2.6394,52.1612,0.0000,30.5734,0.0000,0.0000,0.0000,0.0000,0.0000,0.0000,0.0000,13.0523,4.0556,0.1575,0.0000,0.0000,0.0000,0.0000,0.0000,0.0000,-56.040,-44.641,7.909,1.225,3.981,0.356633,0.634256,0.009111
834,1167.00,0.000,-8.682,3.5777,2.6391,52.2033,0.0000,30.5447,0.0000,0.0000,0.0000,0.0000,0.0000,0.0000,0.0000,13.0188,4.0742,0.1590,0.0000,0.0000,0.0000,0.0000,0.0000,0.0000,-62.018,-49.414,8.752,1.356,4.406,0.358234,0.632568,0.009198
835,1166.00,0.000,-8.694,3.9214,2.6388,52.2453,0.0000,30.5161,0.0000,0.0000,0.0000,0.0000,0.0000,0.0000,0.0000,12.9854,4.0927,0.1605,0.0000,0.0000,0.0000,0.0000,0.0000,0.0000,-67.967,-54.164,9.591,1.486,4.829,0.359828,0.630886,0.009285
836,1165.00,0.000,-8.705,4.2635,2.6386,52.2871,0.0000,30.4876,0.0000,0.0000,0.0000,0.0000,0.0000,0.0000,0.0000,12.9521,4.1111,0.1621,0.0000,0.0000,0.0000,0.0000,0.0000,0.0000,-73.886,-58.893,10.425,1.616,5.250,0.361415,0.629212,0.009374
837,1164.00,0.000,-8.717,4.6039,2.6383,52.3287,0.0000,30.4592,0.0000,0.0000,0.0000,0.0000,0.0000,0.0000,0.0000,12.9190,4.1295,0.1636,0.0000,0.0000,0.0000,0.0000,0.0000,0.0000,-79.774,-63.599,11.255,1.745,5.669,0.362994,0.627544,0.009462
838,1163.00,0.000,-8.729,4.9427,2.6380,52.3702,0.0000,30.4309,0.0000,0.0000,0.0000,0.0000,0.0000,0.0000,0.0000,12.8860,4.1477,0.1652,0.0000,0.0000,0.0000,0.0000,0.0000,0.0000,-85.632,-68.283,12.080,1.874,6.086,0.364565,0.625883,0.009552
839,1162.00,0.000,-8.741,5.2799,2.6378,52.4115,0.0000,30.4028,0.0000,0.0000,0.0000,0.0000,0.0000,0.0000,0.0000,12.8531,4.1659,0.1667,0.0000,0.0000,0.0000,0.0000,0.0000,0.0000,-91.461,-72.946,12.901,2.002,6.501,0.366129,0.624229,0.009642
840,1161.00,0.000,-8.753,5.6154,2.6375,52.4526,0.0000,30.3747,0.0000,0.0000,0.0000,0.0000,0.0000,0.0000,0.0000,12.8204,4.1840,0.1683,0.0000,0.0000,0.0000,0.0000,0.0000,0.0000,-97.260,-77.586,13.718,2.129,6.914,0.367685,0.622583,0.009733
841,1160.00,0.000,-8.765,5.9494,2.6373,52.4935,0.0000,30.3468,0.0000,0.0000,0.0000,0.0000,0.0000,0.0000,0.0000,12.7878,4.2020,0.1699,0.0000,0.0000,0.0000,0.0000,0.0000,0.0000,-103.029,-82.204,14.530,2.256,7.324,0.369233,0.620943,0.009824
842,1159.00,0.000,-8.777,6.2817,2.6370,52.5343,0.0000,30.3190,0.0000,0.0000,0.0000,0.0000,0.0000,0.0000,0.0000,12.7553,4.2199,0.1715,0.0000,0.0000,0.0000,0.0000,0.0000,0.0000,-108.768,-86.801,15.338,2.382,7.733,0.370772,0.619312,0.009916
843,1158.00,0.000,-8.789,6.6124,2.6367,52.5748,0.0000,30.2913,0.0000,0.0000,0.0000,0.0000,0.0000,0.0000,0.0000,12.7230,4.2377,0.1732,0.0000,0.0000,0.0000,0.0000,0.0000,0.0000,-114.477,-91.376,16.142,2.508,8.139,0.372304,0.617687,0.010008
844,1157.00,0.000,-8.801,6.9415,2.6365,52.6152,0.0000,30.2637,0.0000,0.0000,0.0000,0.0000,0.0000,0.0000,0.0000,12.6909,4.2554,0.1748,0.0000,0.0000,0.0000,0.0000,0.0000,0.0000,-120.157,-95.929,16.941,2.633,8.544,0.373827,0.616071,0.010102
845,1156.00,0.000,-8.812,7.2689,2.6362,52.6554,0.0000,30.2363,0.0000,0.0000,0.0000,0.0000,0.0000,0.0000,0.0000,12.6588,4.2730,0.1764,0.0000,0.0000,0.0000,0.0000,0.0000,0.0000,-125.808,-100.460,17.736,2.757,8.946,0.375343,0.614462,0.010196
846,1155.00,0.000,-8.824,7.5948,2.6360,52.6954,0.0000,30.2090,0.0000,0.0000,0.0000,0.0000,0.0000,0.0000,0.0000,12.6270,4.2906,0.1781,0.0000,0.0000,0.0000,0.0000,0.0000,0.0000,-131.429,-104.970,18.527,2.881,9.346,0.376849,0.612861,0.010290
847,1154.00,0.000,-8.836,7.9190,2.6357,52.7352,0.0000,30.1818,0.0000,0.0000,0.0000,0.0000,0.0000,0.0000,0.0000,12.5952,4.3080,0.1797,0.0000,0.0000,0.0000,0.0000,0.0000,0.0000,-137.021,-109.458,19.313,3.005,9.745,0.378347,0.611267,0.010385
848,1153.00,0.000,-8.848,8.2417,2.6355,52.7748,0.0000,30.1547,0.0000,0.0000,0.0000,0.0000,0.0000,0.0000,0.0000,12.5637,4.3254,0.1814,0.0000,0.0000,0.0000,0.0000,0.0000,0.0000,-142.583,-113.925,20.095,3.127,10.141,0.379837,0.609682,0.010481
849,1152.00,0.000,-8.860,8.5627,2.6352,52.8142,0.0000,30.1278,0.0000,0.0000,0.0000,0.0000,0.0000,0.0000,0.0000,12.5323,4.3426,0.1831,0.0000,0.0000,0.0000,0.0000,0.0000,0.0000,-148.116,-118.369,20.873,3.249,10.535,0.381318,0.608105,0.010577
850,1151.00,0.000,-8.873,8.8822,2.6350,52.8535,0.0000,30.1010,0.0000,0.0000,0.0000,0.0000,0.0000,0.0000,0.0000,12.5010,4.3597,0.1848,0.0000,0.0000,0.0000,0.0000,0.0000,0.0000,-153.620,-122.792,21.646,3.371,10.927,0.382790,0.606536,0.010674
851,1150.00,0.000,-8.885,9.2000,2.6347,52.8925,0.0000,30.0743,0.0000,0.0000,0.0000,0.0000,0.0000,0.0000,0.0000,12.4699,4.3768,0.1865,0.0000,0.0000,0.0000,0.0000,0.0000,0.0000,-159.094,-127.194,22.415,3.492,11.318,0.384253,0.604975,0.010772
852,1149.00,0.000,-8.897,9.5163,2.6345,52.9313,0.0000,30.0478,0.0000,0.0000,0.0000,0.0000,0.0000,0.0000,0.0000,12.4390,4.3937,0.1882,0.0000,0.0000,0.0000,0.0000,0.0000,0.0000,-164.539,-131.574,23.180,3.612,11.706,0.385708,0.603422,0.010870
853,1148.00,0.000,-8.909,9.8309,2.6343,52.9699,0.0000,30.0214,0.0000,0.0000,0.0000,0.0000,0.0000,0.0000,0.0000,12.4082,4.4106,0.1899,0.0000,0.0000,0.0000,0.0000,0.0000,0.0000,-169.956,-135.933,23.940,3.732,12.092,0.387153,0.601877,0.010969
854,1147.00,0.000,-8.921,10.1440,2.6340,53.0083,0.0000,29.9952,0.0000,0.0000,0.0000,0.0000,0.0000,0.0000,0.0000,12.3776,4.4273,0.1917,0.0000,0.0000,0.0000,0.0000,0.0000,0.0000,-175.343,-140.270,24.697,3.851,12.476,0.388590,0.600341,0.011069
855,1146.00,0.000,-8.933,10.4555,2.6338,53.0465,0.0000,29.9690,0.0000,0.0000,0.0000,0.0000,0.0000,0.0000,0.0000,12.3471,4.4439,0.1934,0.0000,0.0000,0.0000,0.0000,0.0000,0.0000,-180.701,-144.585,25.449,3.970,12.858,0.390017,0.598814,0.011169
856,1145.00,0.000,-8.945,10.7653,2.6335,53.0845,0.0000,29.9431,0.0000,0.0000,0.0000,0.0000,0.0000,0.0000,0.0000,12.3168,4.4605,0.1952,0.0000,0.0000,0.0000,0.0000,0.0000,0.0000,-186.029,-148.879,26.196,4.088,13.238,0.391436,0.597294,0.011270
857,1144.00,0.000,-8.957,11.0736,2.6333,53.1223,0.0000,29.9172,0.0000,0.0000,0.0000,0.0000,0.0000,0.0000,0.0000,12.2867,4.4769,0.1970,0.0000,0.0000,0.0000,0.0000,0.0000,0.0000,-191.329,-153.152,26.940,4.205,13.616,0.392845,0.595784,0.011371
858,1143.00,0.000,-8.969,11.7267,2.6330,53.1718,0.0000,29.8832,0.0000,0.0000,0.0000,0.0000,0.0000,0.0000,0.0000,12.2470,4.4981,0.1999,0.0000,0.0000,0.0000,0.0000,0.0000,0.0000,-202.583,-162.192,28.522,4.454,14.418,0.394663,0.593797,0.011540
859,1142.00,0.000,-8.982,12.2819,2.6327,53.2178,0.0000,29.8516,0.0000,0.0000,0.0000,0.0000,0.0000,0.0000,0.0000,12.2102,4.5178,0.2026,0.0000,0.0000,0.0000,0.0000,0.0000,0.0000,-212.144,-169.879,29.866,4.665,15.100,0.396351,0.591956,0.011693
860,1141.00,0.000,-8.994,12.8290,2.6324,53.2632,0.0000,29.8204,0.0000,0.0000,0.0000,0.0000,0.0000,0.0000,0.0000,12.1739,4.5372,0.2053,0.0000,0.0000,0.0000,0.0000,0.0000,0.0000,-221.562,-177.456,31.189,4.874,15.771,0.398019,0.590135,0.011846
861,1140.00,0.000,-9.006,13.3683,2.6321,53.3082,0.0000,29.7895,0.0000,0.0000,0.0000,0.0000,0.0000,0.0000,0.0000,12.1379,4.5565,0.2079,0.0000,0.0000,0.0000,0.0000,0.0000,0.0000,-230.841,-184.925,32.492,5.079,16.433,0.399666,0.588334,0.012000
862,1139.00,0.000,-9.018,13.8998,2.6318,53.3527,0.0000,29.7589,0.0000,0.0000,0.0000,0.0000,0.0000,0.0000,0.0000,12.1023,4.5754,0.2106,0.0000,0.0000,0.0000,0.0000,0.0000,0.0000,-239.984,-192.287,33.776,5.281,17.085,0.401292,0.586553,0.012155
863,1138.00,0.000,-9.031,14.4238,2.6315,53.3967,0.0000,29.7287,0.0000,0.0000,0.0000,0.0000,0.0000,0.0000,0.0000,12.0671,4.5942,0.2134,0.0000,0.0000,0.0000,0.0000,0.0000,0.0000,-248.995,-199.547,35.041,5.481,17.728,0.402899,0.584791,0.012310
864,1137.00,0.000,-9.043,14.9404,2.6312,53.4402,0.0000,29.6988,0.0000,0.0000,0.0000,0.0000,0.0000,0.0000,0.0000,12.0322,4.6127,0.2161,0.0000,0.0000,0.0000,0.0000,0.0000,0.0000,-257.875,-206.704,36.287,5.678,18.361,0.404485,0.583048,0.012466
865,1136.00,0.000,-9.055,15.4497,2.6310,53.4832,0.0000,29.6692,0.0000,0.0000,0.0000,0.0000,0.0000,0.0000,0.0000,11.9978,4.6310,0.2188,0.0000,0.0000,0.0000,0.0000,0.0000,0.0000,-266.627,-213.762,37.515,5.872,18.986,0.406052,0.581325,0.012623
866,1135.00,0.000,-9.068,15.9519,2.6307,53.5258,0.0000,29.6399,0.0000,0.0000,0.0000,0.0000,0.0000,0.0000,0.0000,11.9637,4.6491,0.2216,0.0000,0.0000,0.0000,0.0000,0.0000,0.0000,-275.254,-220.723,38.726,6.064,19.602,0.407600,0.579620,0.012780
867,1134.00,0.000,-9.080,16.4472,2.6304,53.5679,0.0000,29.6109,0.0000,0.0000,0.0000,0.0000,0.0000,0.0000,0.0000,11.9300,4.6669,0.2243,0.0000,0.0000,0.0000,0.0000,0.0000,0.0000,-283.759,-227.588,39.918,6.253,20.209,0.409127,0.577934,0.012938
868,1133.00,0.000,-9.092,16.9357,2.6302,53.6095,0.0000,29.5822,0.0000,0.0000,0.0000,0.0000,0.0000,0.0000,0.0000,11.8966,4.6845,0.2271,0.0000,0.0000,0.0000,0.0000,0.0000,0.0000,-292.144,-234.360,41.094,6.439,20.807,0.410636,0.576267,0.013097
869,1132.00,0.000,-9.105,17.4175,2.6299,53.6507,0.0000,29.5539,0.0000,0.0000,0.0000,0.0000,0.0000,0.0000,0.0000,11.8636,4.7020,0.2299,0.0000,0.0000,0.0000,0.0000,0.0000,0.0000,-300.411,-241.040,42.252,6.623,21.398,0.412126,0.574618,0.013256
870,1131.00,0.000,-9.117,17.8928,2.6296,53.6914,0.0000,29.5258,0.0000,0.0000,0.0000,0.0000,0.0000,0.0000,0.0000,11.8310,4.7191,0.2327,0.0000,0.0000,0.0000,0.0000,0.0000,0.0000,-308.563,-247.631,43.394,6.804,21.980,0.413597,0.572987,0.013416
871,1130.00,0.000,-9.129,18.3616,2.6294,53.7317,0.0000,29.4981,0.0000,0.0000,0.0000,0.0000,0.0000,0.0000,0.0000,11.7987,4.7361,0.2355,0.0000,0.0000,0.0000,0.0000,0.0000,0.0000,-316.602,-254.133,44.520,6.983,22.554,0.415049,0.571375,0.013576
872,1129.00,0.000,-9.142,18.8241,2.6291,53.7715,0.0000,29.4706,0.0000,0.0000,0.0000,0.0000,0.0000,0.0000,0.0000,11.7667,4.7529,0.2383,0.0000,0.0000,0.0000,0.0000,0.0000,0.0000,-324.529,-260.549,45.630,7.160,23.120,0.416483,0.569780,0.013737
873,1128.00,0.000,-9.154,19.2805,2.6289,53.8109,0.0000,29.4435,0.0000,0.0000,0.0000,0.0000,0.0000,0.0000,0.0000,11.7351,4.7694,0.2411,0.0000,0.0000,0.0000,0.0000,0.0000,0.0000,-332.348,-266.880,46.724,7.334,23.679,0.417899,0.568203,0.013898
874,1127.00,0.000,-9.167,19.7308,2.6287,53.8498,0.0000,29.4166,0.0000,0.0000,0.0000,0.0000,0.0000,0.0000,0.0000,11.7039,4.7858,0.2439,0.0000,0.0000,0.0000,0.0000,0.0000,0.0000,-340.060,-273.128,47.803,7.506,24.230,0.419297,0.566643,0.014060
875,1126.00,0.000,-9.179,20.1751,2.6284,53.8883,0.0000,29.3900,0.0000,0.0000,0.0000,0.0000,0.0000,0.0000,0.0000,11.6730,4.8019,0.2468,0.0000,0.0000,0.0000,0.0000,0.0000,0.0000,-347.667,-279.294,48.867,7.676,24.774,0.420677,0.565100,0.014222
876,1125.00,0.000,-9.192,20.6136,2.6282,53.9264,0.0000,29.3637,0.0000,0.0000,0.0000,0.0000,0.0000,0.0000,0.0000,11.6424,4.8179,0.2496,0.0000,0.0000,0.0000,0.0000,0.0000,0.0000,-355.171,-285.381,49.916,7.843,25.310,0.422040,0.563575,0.014385
877,1124.00,0.000,-9.204,21.0464,2.6279,53.9641,0.0000,29.3377,0.0000,0.0000,0.0000,0.0000,0.0000,0.0000,0.0000,11.6122,4.8336,0.2525,0.0000,0.0000,0.0000,0.0000,0.0000,0.0000,-362.574,-291.388,50.951,8.009,25.839,0.423385,0.562067,0.014549
878,1123.00,0.000,-9.217,21.4735,2.6277,54.0013,0.0000,29.3120,0.0000,0.0000,0.0000,0.0000,0.0000,0.0000,0.0000,11.5822,4.8491,0.2553,0.0000,0.0000,0.0000,0.0000,0.0000,0.0000,-369.879,-297.318,51.972,8.172,26.362,0.424712,0.560575,0.014713
879,1122.00,0.000,-9.229,22.0467,2.6268,54.1246,0.0000,29.2277,0.0000,0.0000,0.0000,0.0000,0.0000,0.0000,0.0000,11.4839,4.9029,0.2608,0.0000,0.0000,0.0000,0.0000,0.0000,0.0000,-379.695,-305.253,53.357,8.393,27.065,0.429309,0.555665,0.015026
880,1121.00,0.000,-9.242,22.4721,2.6266,54.1652,0.0000,29.1997,0.0000,0.0000,0.0000,0.0000,0.0000,0.0000,0.0000,11.4513,4.9199,0.2639,0.0000,0.0000,0.0000,0.0000,0.0000,0.0000,-386.963,-311.159,54.373,8.556,27.585,0.430758,0.554041,0.015201
881,1120.00,0.000,-9.254,22.8917,2.6263,54.2054,0.0000,29.1719,0.0000,0.0000,0.0000,0.0000,0.0000,0.0000,0.0000,11.4190,4.9367,0.2669,0.0000,0.0000,0.0000,0.0000,0.0000,0.0000,-394.131,-316.987,55.374,8.716,28.098,0.432191,0.552433,0.015375
882,1119.00,0.000,-9.267,23.3058,2.6261,54.2452,0.0000,29.1444,0.0000,0.0000,0.0000,0.0000,0.0000,0.0000,0.0000,11.3871,4.9533,0.2700,0.0000,0.0000,0.0000,0.0000,0.0000,0.0000,-401.201,-322.738,56.361,8.875,28.604,0.433608,0.550841,0.015551
883,1118.00,0.000,-9.280,23.7144,2.6258,54.2845,0.0000,29.1172,0.0000,0.0000,0.0000,0.0000,0.0000,0.0000,0.0000,11.3555,4.9697,0.2731,0.0000,0.0000,0.0000,0.0000,0.0000,0.0000,-408.175,-328.414,57.334,9.031,29.103,0.435008,0.549266,0.015727
884,1117.00,0.000,-9.292,24.1176,2.6256,54.3235,0.0000,29.0903,0.0000,0.0000,0.0000,0.0000,0.0000,0.0000,0.0000,11.3241,4.9859,0.2762,0.0000,0.0000,0.0000,0.0000,0.0000,0.0000,-415.054,-334.016,58.294,9.186,29.595,0.436391,0.547705,0.015903
885,1116.00,0.000,-9.305,24.5156,2.6253,54.3621,0.0000,29.0636,0.0000,0.0000,0.0000,0.0000,0.0000,0.0000,0.0000,11.2931,5.0019,0.2793,0.0000,0.0000,0.0000,0.0000,0.0000,0.0000,-421.840,-339.546,59.240,9.338,30.081,0.437759,0.546161,0.016080
886,1115.00,0.000,-9.318,24.9083,2.6251,54.4003,0.0000,29.0372,0.0000,0.0000,0.0000,0.0000,0.0000,0.0000,0.0000,11.2624,5.0178,0.2824,0.0000,0.0000,0.0000,0.0000,0.0000,0.0000,-428.534,-345.004,60.174,9.489,30.561,0.439110,0.544632,0.016258
887,1114.00,0.000,-9.330,25.2959,2.6249,54.4381,0.0000,29.0110,0.0000,0.0000,0.0000,0.0000,0.0000,0.0000,0.0000,11.2320,5.0334,0.2855,0.0000,0.0000,0.0000,0.0000,0.0000,0.0000,-435.139,-350.392,61.094,9.637,31.034,0.440446,0.543118,0.016436
888,1113.00,0.000,-9.343,25.6786,2.6246,54.4756,0.0000,28.9850,0.0000,0.0000,0.0000,0.0000,0.0000,0.0000,0.0000,11.2018,5.0489,0.2886,0.0000,0.0000,0.0000,0.0000,0.0000,0.0000,-441.655,-355.712,62.001,9.784,31.500,0.441767,0.541619,0.016614
889,1112.00,0.000,-9.356,26.0562,2.6244,54.5127,0.0000,28.9594,0.0000,0.0000,0.0000,0.0000,0.0000,0.0000,0.0000,11.1720,5.0642,0.2917,0.0000,0.0000,0.0000,0.0000,0.0000,0.0000,-448.085,-360.964,62.897,9.928,31.961,0.443073,0.540134,0.016793
890,1111.00,0.000,-9.368,26.4291,2.6242,54.5494,0.0000,28.9339,0.0000,0.0000,0.0000,0.0000,0.0000,0.0000,0.0000,11.1424,5.0794,0.2949,0.0000,0.0000,0.0000,0.0000,0.0000,0.0000,-454.429,-366.149,63.779,10.071,32.416,0.444363,0.538665,0.016972
891,1110.00,0.000,-9.381,26.7972,2.6240,54.5857,0.0000,28.9087,0.0000,0.0000,0.0000,0.0000,0.0000,0.0000,0.0000,11.1132,5.0943,0.2980,0.0000,0.0000,0.0000,0.0000,0.0000,0.0000,-460.690,-371.269,64.650,10.213,32.865,0.445639,0.537209,0.017152
892,1109.00,0.000,-9.394,27.1605,2.6237,54.6217,0.0000,28.8838,0.0000,0.0000,0.0000,0.0000,0.0000,0.0000,0.0000,11.0842,5.1091,0.3012,0.0000,0.0000,0.0000,0.0000,0.0000,0.0000,-466.868,-376.324,65.509,10.352,33.308,0.446900,0.535768,0.017332
893,1108.00,0.000,-9.407,27.5193,2.6235,54.6574,0.0000,28.8591,0.0000,0.0000,0.0000,0.0000,0.0000,0.0000,0.0000,11.0555,5.1238,0.3043,0.0000,0.0000,0.0000,0.0000,0.0000,0.0000,-472.964,-381.317,66.356,10.489,33.745,0.448146,0.534341,0.017513
894,1107.00,0.000,-9.420,27.8735,2.6233,54.6927,0.0000,28.8346,0.0000,0.0000,0.0000,0.0000,0.0000,0.0000,0.0000,11.0270,5.1382,0.3075,0.0000,0.0000,0.0000,0.0000,0.0000,0.0000,-478.981,-386.246,67.192,10.625,34.176,0.449378,0.532928,0.017694
895,1106.00,0.000,-9.433,28.2233,2.6231,54.7276,0.0000,28.8103,0.0000,0.0000,0.0000,0.0000,0.0000,0.0000,0.0000,10.9989,5.1525,0.3107,0.0000,0.0000,0.0000,0.0000,0.0000,0.0000,-484.920,-391.115,68.016,10.760,34.602,0.450597,0.531528,0.017875
896,1105.00,0.000,-9.445,28.5686,2.6229,54.7623,0.0000,28.7863,0.0000,0.0000,0.0000,0.0000,0.0000,0.0000,0.0000,10.9710,5.1667,0.3138,0.0000,0.0000,0.0000,0.0000,0.0000,0.0000,-490.780,-395.923,68.829,10.892,35.023,0.451801,0.530142,0.018057
897,1104.00,0.000,-9.458,28.9097,2.6227,54.7965,0.0000,28.7625,0.0000,0.0000,0.0000,0.0000,0.0000,0.0000,0.0000,10.9433,5.1806,0.3170,0.0000,0.0000,0.0000,0.0000,0.0000,0.0000,-496.565,-400.672,69.632,11.023,35.438,0.452992,0.528770,0.018239
898,1103.00,0.000,-9.471,29.2464,2.6225,54.8305,0.0000,28.7389,0.0000,0.0000,0.0000,0.0000,0.0000,0.0000,0.0000,10.9159,5.1945,0.3202,0.0000,0.0000,0.0000,0.0000,0.0000,0.0000,-502.275,-405.362,70.423,11.152,35.848,0.454169,0.527410,0.018421
899,1102.00,0.000,-9.484,29.5790,2.6223,54.8641,0.0000,28.7155,0.0000,0.0000,0.0000,0.0000,0.0000,0.0000,0.0000,10.8888,5.2081,0.3234,0.0000,0.0000,0.0000,0.0000,0.0000,0.0000,-507.911,-409.995,71.204,11.280,36.252,0.455333,0.526064,0.018603
900,1101.00,0.000,-9.497,29.9074,2.6221,54.8974,0.0000,28.6924,0.0000,0.0000,0.0000,0.0000,0.0000,0.0000,0.0000,10.8619,5.2217,0.3266,0.0000,0.0000,0.0000,0.0000,0.0000,0.0000,-513.474,-414.571,71.974,11.406,36.652,0.456484,0.524730,0.018786
901,1100.00,0.000,-9.510,30.2317,2.6219,54.9304,0.0000,28.6694,0.0000,0.0000,0.0000,0.0000,0.0000,0.0000,0.0000,10.8353,5.2350,0.3298,0.0000,0.0000,0.0000,0.0000,0.0000,0.0000,-518.965,-419.090,72.734,11.530,37.046,0.457622,0.523409,0.018969
902,1099.00,0.000,-9.523,30.5520,2.6217,54.9631,0.0000,28.6467,0.0000,0.0000,0.0000,0.0000,0.0000,0.0000,0.0000,10.8090,5.2482,0.3330,0.0000,0.0000,0.0000,0.0000,0.0000,0.0000,-524.385,-423.555,73.483,11.654,37.435,0.458747,0.522101,0.019153
903,1098.00,0.000,-9.536,30.8683,2.6215,54.9954,0.0000,28.6242,0.0000,0.0000,0.0000,0.0000,0.0000,0.0000,0.0000,10.7828,5.2613,0.3363,0.0000,0.0000,0.0000,0.0000,0.0000,0.0000,-529.736,-427.965,74.223,11.775,37.819,0.459859,0.520805,0.019336
904,1097.00,0.000,-9.549,31.1808,2.6213,55.0274,0.0000,28.6019,0.0000,0.0000,0.0000,0.0000,0.0000,0.0000,0.0000,10.7570,5.2742,0.3395,0.0000,0.0000,0.0000,0.0000,0.0000,0.0000,-535.018,-432.322,74.953,11.895,38.199,0.460959,0.519521,0.019520
905,1096.00,0.000,-9.562,31.4893,2.6211,55.0592,0.0000,28.5798,0.0000,0.0000,0.0000,0.0000,0.0000,0.0000,0.0000,10.7313,5.2870,0.3427,0.0000,0.0000,0.0000,0.0000,0.0000,0.0000,-540.232,-436.625,75.673,12.014,38.574,0.462046,0.518249,0.019704
906,1095.00,0.000,-9.575,31.7941,2.6210,55.0906,0.0000,28.5579,0.0000,0.0000,0.0000,0.0000,0.0000,0.0000,0.0000,10.7059,5.2997,0.3459,0.0000,0.0000,0.0000,0.0000,0.0000,0.0000,-545.380,-440.877,76.383,12.131,38.944,0.463122,0.516990,0.019888
907,1094.00,0.000,-9.588,32.0951,2.6208,55.1218,0.0000,28.5362,0.0000,0.0000,0.0000,0.0000,0.0000,0.0000,0.0000,10.6807,5.3122,0.3491,0.0000,0.0000,0.0000,0.0000,0.0000,0.0000,-550.461,-445.076,77.084,12.246,39.309,0.464185,0.515742,0.020073
908,1093.00,0.000,-9.601,32.3924,2.6206,55.1526,0.0000,28.5147,0.0000,0.0000,0.0000,0.0000,0.0000,0.0000,0.0000,10.6558,5.3245,0.3524,0.0000,0.0000,0.0000,0.0000,0.0000,0.0000,-555.478,-449.225,77.775,12.361,39.670,0.465237,0.514506,0.020257
909,1092.00,0.000,-9.614,32.6860,2.6204,55.1832,0.0000,28.4934,0.0000,0.0000,0.0000,0.0000,0.0000,0.0000,0.0000,10.6311,5.3367,0.3556,0.0000,0.0000,0.0000,0.0000,0.0000,0.0000,-560.430,-453.324,78.457,12.474,40.026,0.466276,0.513281,0.020442
910,1091.00,0.000,-9.627,32.9761,2.6202,55.2134,0.0000,28.4723,0.0000,0.0000,0.0000,0.0000,0.0000,0.0000,0.0000,10.6066,5.3488,0.3589,0.0000,0.0000,0.0000,0.0000,0.0000,0.0000,-565.318,-457.374,79.130,12.585,40.377,0.467304,0.512068,0.020627
911,1090.00,0.000,-9.641,33.2625,2.6201,55.2434,0.0000,28.4513,0.0000,0.0000,0.0000,0.0000,0.0000,0.0000,0.0000,10.5824,5.3608,0.3621,0.0000,0.0000,0.0000,0.0000,0.0000,0.0000,-570.144,-461.374,79.794,12.695,40.725,0.468321,0.510867,0.020812
912,1089.00,0.000,-9.654,33.5455,2.6199,55.2731,0.0000,28.4306,0.0000,0.0000,0.0000,0.0000,0.0000,0.0000,0.0000,10.5583,5.3726,0.3653,0.0000,0.0000,0.0000,0.0000,0.0000,0.0000,-574.909,-465.326,80.448,12.804,41.067,0.469327,0.509676,0.020997
913,1088.00,0.000,-9.667,33.8249,2.6197,55.3025,0.0000,28.4101,0.0000,0.0000,0.0000,0.0000,0.0000,0.0000,0.0000,10.5345,5.3843,0.3686,0.0000,0.0000,0.0000,0.0000,0.0000,0.0000,-579.612,-469.230,81.094,12.912,41.406,0.470321,0.508497,0.021182
914,1087.00,0.000,-9.680,34.1009,2.6196,55.3317,0.0000,28.3897,0.0000,0.0000,0.0000,0.0000,0.0000,0.0000,0.0000,10.5109,5.3959,0.3718,0.0000,0.0000,0.0000,0.0000,0.0000,0.0000,-584.255,-473.087,81.732,13.018,41.740,0.471304,0.507329,0.021367
915,1086.00,0.000,-9.693,34.3736,2.6194,55.3605,0.0000,28.3695,0.0000,0.0000,0.0000,0.0000,0.0000,0.0000,0.0000,10.4875,5.4073,0.3751,0.0000,0.0000,0.0000,0.0000,0.0000,0.0000,-588.838,-476.898,82.360,13.123,42.070,0.472276,0.506171,0.021552
916,1085.00,0.000,-9.707,34.6428,2.6193,55.3891,0.0000,28.3496,0.0000,0.0000,0.0000,0.0000,0.0000,0.0000,0.0000,10.4644,5.4186,0.3783,0.0000,0.0000,0.0000,0.0000,0.0000,0.0000,-593.362,-480.662,82.980,13.226,42.396,0.473237,0.505025,0.021738
917,1084.00,0.000,-9.720,34.9087,2.6191,55.4174,0.0000,28.3297,0.0000,0.0000,0.0000,0.0000,0.0000,0.0000,0.0000,10.4414,5.4298,0.3816,0.0000,0.0000,0.0000,0.0000,0.0000,0.0000,-597.828,-484.381,83.592,13.329,42.717,0.474188,0.503889,0.021923
918,1083.00,0.000,-9.733,35.1714,2.6189,55.4455,0.0000,28.3101,0.0000,0.0000,0.0000,0.0000,0.0000,0.0000,0.0000,10.4187,5.4409,0.3848,0.0000,0.0000,0.0000,0.0000,0.0000,0.0000,-602.236,-488.055,84.196,13.430,43.035,0.475128,0.502764,0.022108
919,1082.00,0.000,-9.746,35.4308,2.6188,55.4733,0.0000,28.2907,0.0000,0.0000,0.0000,0.0000,0.0000,0.0000,0.0000,10.3962,5.4518,0.3880,0.0000,0.0000,0.0000,0.0000,0.0000,0.0000,-606.588,-491.684,84.791,13.529,43.348,0.476058,0.501649,0.022293
920,1081.00,0.000,-9.760,35.6870,2.6186,55.5008,0.0000,28.2714,0.0000,0.0000,0.0000,0.0000,0.0000,0.0000,0.0000,10.3738,5.4627,0.3913,0.0000,0.0000,0.0000,0.0000,0.0000,0.0000,-610.883,-495.269,85.378,13.628,43.658,0.476977,0.500545,0.022478
921,1080.00,0.000,-9.773,35.9400,2.6185,55.5281,0.0000,28.2523,0.0000,0.0000,0.0000,0.0000,0.0000,0.0000,0.0000,10.3517,5.4734,0.3945,0.0000,0.0000,0.0000,0.0000,0.0000,0.0000,-615.122,-498.810,85.957,13.725,43.963,0.477886,0.499451,0.022663
922,1079.00,0.000,-9.786,36.1899,2.6183,55.5551,0.0000,28.2334,0.0000,0.0000,0.0000,0.0000,0.0000,0.0000,0.0000,10.3298,5.4839,0.3978,0.0000,0.0000,0.0000,0.0000,0.0000,0.0000,-619.307,-502.309,86.528,13.822,44.265,0.478784,0.498368,0.022848
923,1078.00,0.000,-9.800,36.4366,2.6182,55.5818,0.0000,28.2146,0.0000,0.0000,0.0000,0.0000,0.0000,0.0000,0.0000,10.3081,5.4944,0.4010,0.0000,0.0000,0.0000,0.0000,0.0000,0.0000,-623.437,-505.764,87.091,13.917,44.563,0.479673,0.497294,0.023033
924,1077.00,0.000,-9.813,36.6803,2.6181,55.6083,0.0000,28.1961,0.0000,0.0000,0.0000,0.0000,0.0000,0.0000,0.0000,10.2866,5.5048,0.4042,0.0000,0.0000,0.0000,0.0000,0.0000,0.0000,-627.513,-509.178,87.646,14.011,44.857,0.480551,0.496231,0.023217
925,1076.00,0.000,-9.827,36.9209,2.6179,55.6346,0.0000,28.1777,0.0000,0.0000,0.0000,0.0000,0.0000,0.0000,0.0000,10.2653,5.5150,0.4075,0.0000,0.0000,0.0000,0.0000,0.0000,0.0000,-631.535,-512.549,88.193,14.103,45.147,0.481420,0.495178,0.023402
926,1075.00,0.000,-9.840,37.1585,2.6178,55.6606,0.0000,28.1594,0.0000,0.0000,0.0000,0.0000,0.0000,0.0000,0.0000,10.2442,5.5251,0.4107,0.0000,0.0000,0.0000,0.0000,0.0000,0.0000,-635.505,-515.879,88.733,14.195,45.433,0.482279,0.494135,0.023586
927,1074.00,0.000,-9.853,37.3931,2.6176,55.6863,0.0000,28.1414,0.0000,0.0000,0.0000,0.0000,0.0000,0.0000,0.0000,10.2233,5.5351,0.4139,0.0000,0.0000,0.0000,0.0000,0.0000,0.0000,-639.422,-519.168,89.265,14.285,45.716,0.483128,0.493102,0.023770
928,1073.00,0.000,-9.867,37.6248,2.6175,55.7118,0.0000,28.1235,0.0000,0.0000,0.0000,0.0000,0.0000,0.0000,0.0000,10.2026,5.5450,0.4171,0.0000,0.0000,0.0000,0.0000,0.0000,0.0000,-643.288,-522.417,89.790,14.374,45.995,0.483967,0.492079,0.023954
929,1072.00,0.000,-9.880,37.8535,2.6174,55.7370,0.0000,28.1058,0.0000,0.0000,0.0000,0.0000,0.0000,0.0000,0.0000,10.1821,5.5548,0.4204,0.0000,0.0000,0.0000,0.0000,0.0000,0.0000,-647.102,-525.625,90.308,14.462,46.270,0.484797,0.491065,0.024138
930,1071.00,0.000,-9.894,38.0793,2.6172,55.7620,0.0000,28.0882,0.0000,0.0000,0.0000,0.0000,0.0000,0.0000,0.0000,10.1618,5.5645,0.4236,0.0000,0.0000,0.0000,0.0000,0.0000,0.0000,-650.866,-528.794,90.818,14.549,46.542,0.485617,0.490062,0.024321
931,1070.00,0.000,-9.908,38.3023,2.6171,55.7868,0.0000,28.0708,0.0000,0.0000,0.0000,0.0000,0.0000,0.0000,0.0000,10.1416,5.5740,0.4268,0.0000,0.0000,0.0000,0.0000,0.0000,0.0000,-654.580,-531.923,91.320,14.635,46.810,0.486428,0.489068,0.024504
932,1069.00,0.000,-9.921,38.5224,2.6170,55.8113,0.0000,28.0536,0.0000,0.0000,0.0000,0.0000,0.0000,0.0000,0.0000,10.1217,5.5835,0.4300,0.0000,0.0000,0.0000,0.0000,0.0000,0.0000,-658.243,-535.013,91.816,14.720,47.075,0.487230,0.488084,0.024687
933,1068.00,0.000,-9.935,38.7397,2.6168,55.8355,0.0000,28.0365,0.0000,0.0000,0.0000,0.0000,0.0000,0.0000,0.0000,10.1020,5.5928,0.4332,0.0000,0.0000,0.0000,0.0000,0.0000,0.0000,-661.858,-538.064,92.304,14.804,47.336,0.488022,0.487109,0.024869
934,1067.00,0.000,-9.948,38.9542,2.6167,55.8595,0.0000,28.0196,0.0000,0.0000,0.0000,0.0000,0.0000,0.0000,0.0000,10.0824,5.6020,0.4364,0.0000,0.0000,0.0000,0.0000,0.0000,0.0000,-665.424,-541.077,92.786,14.887,47.594,0.488804,0.486144,0.025051
935,1066.00,0.000,-9.962,39.1659,2.6166,55.8833,0.0000,28.0029,0.0000,0.0000,0.0000,0.0000,0.0000,0.0000,0.0000,10.0631,5.6112,0.4396,0.0000,0.0000,0.0000,0.0000,0.0000,0.0000,-668.941,-544.052,93.260,14.968,47.848,0.489578,0.485189,0.025233
936,1065.00,0.000,-9.976,39.3749,2.6165,55.9069,0.0000,27.9863,0.0000,0.0000,0.0000,0.0000,0.0000,0.0000,0.0000,10.0439,5.6202,0.4427,0.0000,0.0000,0.0000,0.0000,0.0000,0.0000,-672.411,-546.990,93.727,15.049,48.099,0.490343,0.484243,0.025414
937,1064.00,0.000,-9.989,39.6410,2.6164,55.9286,0.0000,27.9709,0.0000,0.0000,0.0000,0.0000,0.0000,0.0000,0.0000,10.0261,5.6282,0.4462,0.0000,0.0000,0.0000,0.0000,0.0000,0.0000,-676.854,-550.721,94.330,15.151,48.419,0.491021,0.483368,0.025611
938,1063.00,0.000,-10.003,39.8645,2.6163,55.9509,0.0000,27.9552,0.0000,0.0000,0.0000,0.0000,0.0000,0.0000,0.0000,10.0079,5.6366,0.4494,0.0000,0.0000,0.0000,0.0000,0.0000,0.0000,-680.569,-553.861,94.831,15.237,48.687,0.491733,0.482470,0.025797
939,1062.00,0.000,-10.017,40.0837,2.6162,55.9728,0.0000,27.9397,0.0000,0.0000,0.0000,0.0000,0.0000,0.0000,0.0000,9.9900,5.6448,0.4527,0.0000,0.0000,0.0000,0.0000,0.0000,0.0000,-684.210,-556.942,95.321,15.322,48.951,0.492433,0.481586,0.025982
940,1061.00,0.000,-10.030,40.2988,2.6161,55.9945,0.0000,27.9243,0.0000,0.0000,0.0000,0.0000,0.0000,0.0000,0.0000,9.9723,5.6529,0.4559,0.0000,0.0000,0.0000,0.0000,0.0000,0.0000,-687.778,-559.966,95.801,15.404,49.208,0.493122,0.480713,0.026165
941,1060.00,0.000,-10.044,40.5097,2.6159,56.0159,0.0000,27.9092,0.0000,0.0000,0.0000,0.0000,0.0000,0.0000,0.0000,9.9549,5.6609,0.4591,0.0000,0.0000,0.0000,0.0000,0.0000,0.0000,-691.276,-562.933,96.270,15.486,49.461,0.493799,0.479853,0.026348
942,1059.00,0.000,-10.058,40.7168,2.6158,56.0369,0.0000,27.8943,0.0000,0.0000,0.0000,0.0000,0.0000,0.0000,0.0000,9.9377,5.6688,0.4623,0.0000,0.0000,0.0000,0.0000,0.0000,0.0000,-694.705,-565.846,96.730,15.565,49.709,0.494466,0.479005,0.026530
943,1058.00,0.000,-10.072,40.9199,2.6157,56.0577,0.0000,27.8796,0.0000,0.0000,0.0000,0.0000,0.0000,0.0000,0.0000,9.9207,5.6765,0.4655,0.0000,0.0000,0.0000,0.0000,0.0000,0.0000,-698.068,-568.706,97.180,15.644,49.953,0.495122,0.478168,0.026710
944,1057.00,0.000,-10.085,41.1193,2.6157,56.0782,0.0000,27.8651,0.0000,0.0000,0.0000,0.0000,0.0000,0.0000,0.0000,9.9040,5.6842,0.4686,0.0000,0.0000,0.0000,0.0000,0.0000,0.0000,-701.365,-571.514,97.621,15.720,50.191,0.495767,0.477343,0.026890
945,1056.00,0.000,-10.099,41.3150,2.6156,56.0983,0.0000,27.8508,0.0000,0.0000,0.0000,0.0000,0.0000,0.0000,0.0000,9.8874,5.6917,0.4717,0.0000,0.0000,0.0000,0.0000,0.0000,0.0000,-704.598,-574.271,98.053,15.796,50.425,0.496402,0.476529,0.027069
946,1055.00,0.000,-10.113,41.5071,2.6155,56.1183,0.0000,27.8367,0.0000,0.0000,0.0000,0.0000,0.0000,0.0000,0.0000,9.8712,5.6990,0.4749,0.0000,0.0000,0.0000,0.0000,0.0000,0.0000,-707.770,-576.979,98.476,15.870,50.655,0.497027,0.475727,0.027247
947,1054.00,0.000,-10.127,41.6957,2.6154,56.1379,0.0000,27.8228,0.0000,0.0000,0.0000,0.0000,0.0000,0.0000,0.0000,9.8551,5.7063,0.4779,0.0000,0.0000,0.0000,0.0000,0.0000,0.0000,-710.881,-579.639,98.890,15.943,50.880,0.497641,0.474935,0.027424
948,1053.00,0.000,-10.141,41.8809,2.6153,56.1573,0.0000,27.8091,0.0000,0.0000,0.0000,0.0000,0.0000,0.0000,0.0000,9.8392,5.7134,0.4810,0.0000,0.0000,0.0000,0.0000,0.0000,0.0000,-713.933,-582.252,99.296,16.014,51.101,0.498246,0.474154,0.027599
949,1052.00,0.000,-10.155,42.0629,2.6152,56.1764,0.0000,27.7955,0.0000,0.0000,0.0000,0.0000,0.0000,0.0000,0.0000,9.8236,5.7204,0.4841,0.0000,0.0000,0.0000,0.0000,0.0000,0.0000,-716.928,-584.819,99.693,16.084,51.318,0.498842,0.473384,0.027774
950,1051.00,0.000,-10.169,42.2415,2.6151,56.1952,0.0000,27.7821,0.0000,0.0000,0.0000,0.0000,0.0000,0.0000,0.0000,9.8082,5.7274,0.4871,0.0000,0.0000,0.0000,0.0000,0.0000,0.0000,-719.867,-587.342,100.083,16.153,51.531,0.499427,0.472624,0.027948
951,1050.00,0.000,-10.183,42.4170,2.6150,56.2138,0.0000,27.7689,0.0000,0.0000,0.0000,0.0000,0.0000,0.0000,0.0000,9.7929,5.7342,0.4902,0.0000,0.0000,0.0000,0.0000,0.0000,0.0000,-722.751,-589.822,100.464,16.220,51.740,0.500004,0.471875,0.028121
952,1049.00,0.000,-10.197,42.5895,2.6150,56.2321,0.0000,27.7559,0.0000,0.0000,0.0000,0.0000,0.0000,0.0000,0.0000,9.7779,5.7409,0.4932,0.0000,0.0000,0.0000,0.0000,0.0000,0.0000,-725.582,-592.259,100.838,16.287,51.945,0.500571,0.471135,0.028294
953,1048.00,0.000,-10.211,42.7589,2.6149,56.2502,0.0000,27.7431,0.0000,0.0000,0.0000,0.0000,0.0000,0.0000,0.0000,9.7631,5.7475,0.4962,0.0000,0.0000,0.0000,0.0000,0.0000,0.0000,-728.360,-594.654,101.204,16.352,52.147,0.501130,0.470406,0.028465
954,1047.00,0.000,-10.225,42.9254,2.6148,56.2680,0.0000,27.7304,0.0000,0.0000,0.0000,0.0000,0.0000,0.0000,0.0000,9.7485,5.7540,0.4992,0.0000,0.0000,0.0000,0.0000,0.0000,0.0000,-731.088,-597.009,101.563,16.416,52.344,0.501679,0.469686,0.028635
955,1046.00,0.000,-10.239,43.0890,2.6147,56.2856,0.0000,27.7179,0.0000,0.0000,0.0000,0.0000,0.0000,0.0000,0.0000,9.7340,5.7603,0.5022,0.0000,0.0000,0.0000,0.0000,0.0000,0.0000,-733.766,-599.325,101.915,16.479,52.539,0.502220,0.468975,0.028804
956,1045.00,0.000,-10.253,43.2498,2.6147,56.3030,0.0000,27.7055,0.0000,0.0000,0.0000,0.0000,0.0000,0.0000,0.0000,9.7198,5.7666,0.5051,0.0000,0.0000,0.0000,0.0000,0.0000,0.0000,-736.396,-601.602,102.260,16.541,52.730,0.502752,0.468275,0.028973
957,1044.00,0.000,-10.267,43.4079,2.6146,56.3201,0.0000,27.6933,0.0000,0.0000,0.0000,0.0000,0.0000,0.0000,0.0000,9.7057,5.7728,0.5080,0.0000,0.0000,0.0000,0.0000,0.0000,0.0000,-738.979,-603.841,102.598,16.602,52.917,0.503277,0.467583,0.029140
958,1043.00,0.000,-10.281,43.5633,2.6145,56.3370,0.0000,27.6813,0.0000,0.0000,0.0000,0.0000,0.0000,0.0000,0.0000,9.6919,5.7789,0.5110,0.0000,0.0000,0.0000,0.0000,0.0000,0.0000,-741.515,-606.044,102.930,16.662,53.101,0.503792,0.466901,0.029307
959,1042.00,0.000,-10.295,43.7161,2.6145,56.3536,0.0000,27.6694,0.0000,0.0000,0.0000,0.0000,0.0000,0.0000,0.0000,9.6782,5.7849,0.5139,0.0000,0.0000,0.0000,0.0000,0.0000,0.0000,-744.006,-608.211,103.254,16.721,53.282,0.504300,0.466227,0.029473
960,1041.00,0.000,-10.309,43.8663,2.6144,56.3701,0.0000,27.6577,0.0000,0.0000,0.0000,0.0000,0.0000,0.0000,0.0000,9.6647,5.7908,0.5168,0.0000,0.0000,0.0000,0.0000,0.0000,0.0000,-746.454,-610.343,103.573,16.779,53.460,0.504800,0.465562,0.029638
961,1040.00,0.000,-10.323,44.0141,2.6143,56.3863,0.0000,27.6461,0.0000,0.0000,0.0000,0.0000,0.0000,0.0000,0.0000,9.6513,5.7966,0.5196,0.0000,0.0000,0.0000,0.0000,0.0000,0.0000,-748.858,-612.441,103.885,16.836,53.635,0.505292,0.464906,0.029802
962,1039.00,0.000,-10.337,44.1594,2.6143,56.4023,0.0000,27.6347,0.0000,0.0000,0.0000,0.0000,0.0000,0.0000,0.0000,9.6382,5.8023,0.5225,0.0000,0.0000,0.0000,0.0000,0.0000,0.0000,-751.220,-614.505,104.192,16.892,53.806,0.505776,0.464259,0.029965
963,1038.00,0.000,-10.352,44.3024,2.6142,56.4181,0.0000,27.6234,0.0000,0.0000,0.0000,0.0000,0.0000,0.0000,0.0000,9.6252,5.8080,0.5253,0.0000,0.0000,0.0000,0.0000,0.0000,0.0000,-753.541,-616.536,104.492,16.947,53.975,0.506253,0.463620,0.030127
964,1037.00,0.000,-10.366,44.4430,2.6141,56.4337,0.0000,27.6122,0.0000,0.0000,0.0000,0.0000,0.0000,0.0000,0.0000,9.6123,5.8135,0.5282,0.0000,0.0000,0.0000,0.0000,0.0000,0.0000,-755.822,-618.536,104.787,17.001,54.141,0.506722,0.462989,0.030289
965,1036.00,0.000,-10.380,44.5814,2.6141,56.4491,0.0000,27.6012,0.0000,0.0000,0.0000,0.0000,0.0000,0.0000,0.0000,9.5997,5.8190,0.5310,0.0000,0.0000,0.0000,0.0000,0.0000,0.0000,-758.064,-620.504,105.075,17.054,54.304,0.507184,0.462367,0.030449
966,1035.00,0.000,-10.394,44.7176,2.6140,56.4643,0.0000,27.5904,0.0000,0.0000,0.0000,0.0000,0.0000,0.0000,0.0000,9.5872,5.8244,0.5338,0.0000,0.0000,0.0000,0.0000,0.0000,0.0000,-760.267,-622.442,105.359,17.107,54.464,0.507639,0.461752,0.030609
967,1034.00,0.000,-10.409,44.8515,2.6140,56.4793,0.0000,27.5797,0.0000,0.0000,0.0000,0.0000,0.0000,0.0000,0.0000,9.5748,5.8297,0.5366,0.0000,0.0000,0.0000,0.0000,0.0000,0.0000,-762.433,-624.350,105.637,17.158,54.622,0.508087,0.461145,0.030768
968,1033.00,0.000,-10.423,44.9834,2.6139,56.4941,0.0000,27.5691,0.0000,0.0000,0.0000,0.0000,0.0000,0.0000,0.0000,9.5627,5.8349,0.5393,0.0000,0.0000,0.0000,0.0000,0.0000,0.0000,-764.562,-626.229,105.909,17.209,54.777,0.508528,0.460547,0.030926
969,1032.00,0.000,-10.437,45.1132,2.6139,56.5087,0.0000,27.5586,0.0000,0.0000,0.0000,0.0000,0.0000,0.0000,0.0000,9.5506,5.8400,0.5421,0.0000,0.0000,0.0000,0.0000,0.0000,0.0000,-766.655,-628.079,106.177,17.259,54.929,0.508962,0.459955,0.031083
970,1031.00,0.000,-10.452,45.2409,2.6138,56.5231,0.0000,27.5483,0.0000,0.0000,0.0000,0.0000,0.0000,0.0000,0.0000,9.5387,5.8450,0.5448,0.0000,0.0000,0.0000,0.0000,0.0000,0.0000,-768.713,-629.901,106.439,17.308,55.079,0.509389,0.459372,0.031239
971,1030.00,0.000,-10.466,45.3667,2.6138,56.5373,0.0000,27.5381,0.0000,0.0000,0.0000,0.0000,0.0000,0.0000,0.0000,9.5270,5.8500,0.5476,0.0000,0.0000,0.0000,0.0000,0.0000,0.0000,-770.737,-631.696,106.696,17.357,55.227,0.509810,0.458795,0.031394
972,1029.00,0.000,-10.481,45.4905,2.6137,56.5513,0.0000,27.5280,0.0000,0.0000,0.0000,0.0000,0.0000,0.0000,0.0000,9.5154,5.8549,0.5503,0.0000,0.0000,0.0000,0.0000,0.0000,0.0000,-772.728,-633.464,106.949,17.404,55.372,0.510224,0.458227,0.031549
973,1028.00,0.000,-10.495,45.6124,2.6137,56.5652,0.0000,27.5181,0.0000,0.0000,0.0000,0.0000,0.0000,0.0000,0.0000,9.5040,5.8597,0.5530,0.0000,0.0000,0.0000,0.0000,0.0000,0.0000,-774.685,-635.206,107.197,17.451,55.514,0.510632,0.457665,0.031703
974,1027.00,0.000,-10.509,45.7325,2.6136,56.5789,0.0000,27.5083,0.0000,0.0000,0.0000,0.0000,0.0000,0.0000,0.0000,9.4927,5.8645,0.5556,0.0000,0.0000,0.0000,0.0000,0.0000,0.0000,-776.610,-636.923,107.440,17.498,55.655,0.511034,0.457110,0.031856
975,1026.00,0.000,-10.524,45.8507,2.6136,56.5924,0.0000,27.4986,0.0000,0.0000,0.0000,0.0000,0.0000,0.0000,0.0000,9.4816,5.8692,0.5583,0.0000,0.0000,0.0000,0.0000,0.0000,0.0000,-778.504,-638.614,107.678,17.543,55.793,0.511429,0.456563,0.032008
976,1025.00,0.000,-10.538,45.9671,2.6136,56.6057,0.0000,27.4890,0.0000,0.0000,0.0000,0.0000,0.0000,0.0000,0.0000,9.4705,5.8738,0.5610,0.0000,0.0000,0.0000,0.0000,0.0000,0.0000,-780.367,-640.281,107.912,17.588,55.929,0.511819,0.456022,0.032160
977,1024.00,0.000,-10.553,46.0819,2.6135,56.6189,0.0000,27.4796,0.0000,0.0000,0.0000,0.0000,0.0000,0.0000,0.0000,9.4597,5.8783,0.5636,0.0000,0.0000,0.0000,0.0000,0.0000,0.0000,-782.200,-641.924,108.142,17.632,56.063,0.512202,0.455488,0.032310
978,1023.00,0.000,-10.567,46.1948,2.6135,56.6319,0.0000,27.4702,0.0000,0.0000,0.0000,0.0000,0.0000,0.0000,0.0000,9.4489,5.8828,0.5662,0.0000,0.0000,0.0000,0.0000,0.0000,0.0000,-784.004,-643.544,108.367,17.676,56.194,0.512579,0.454961,0.032460
979,1022.00,0.000,-10.582,46.3062,2.6135,56.6447,0.0000,27.4610,0.0000,0.0000,0.0000,0.0000,0.0000,0.0000,0.0000,9.4383,5.8871,0.5688,0.0000,0.0000,0.0000,0.0000,0.0000,0.0000,-785.778,-645.140,108.588,17.718,56.324,0.512951,0.454440,0.032609
980,1021.00,0.000,-10.597,46.4159,2.6134,56.6574,0.0000,27.4519,0.0000,0.0000,0.0000,0.0000,0.0000,0.0000,0.0000,9.4279,5.8915,0.5714,0.0000,0.0000,0.0000,0.0000,0.0000,0.0000,-787.525,-646.714,108.805,17.761,56.451,0.513317,0.453926,0.032757
981,1020.00,0.000,-10.611,46.5239,2.6134,56.6699,0.0000,27.4429,0.0000,0.0000,0.0000,0.0000,0.0000,0.0000,0.0000,9.4175,5.8957,0.5740,0.0000,0.0000,0.0000,0.0000,0.0000,0.0000,-789.243,-648.266,109.019,17.802,56.577,0.513677,0.453418,0.032905
982,1019.00,0.000,-10.626,46.6304,2.6134,56.6822,0.0000,27.4340,0.0000,0.0000,0.0000,0.0000,0.0000,0.0000,0.0000,9.4073,5.8999,0.5766,0.0000,0.0000,0.0000,0.0000,0.0000,0.0000,-790.934,-649.796,109.228,17.843,56.701,0.514032,0.452917,0.033051
983,1018.00,0.000,-10.640,46.7354,2.6133,56.6944,0.0000,27.4252,0.0000,0.0000,0.0000,0.0000,0.0000,0.0000,0.0000,9.3972,5.9041,0.5791,0.0000,0.0000,0.0000,0.0000,0.0000,0.0000,-792.599,-651.305,109.433,17.884,56.822,0.514381,0.452422,0.033197
984,1017.00,0.000,-10.655,46.8389,2.6133,56.7064,0.0000,27.4165,0.0000,0.0000,0.0000,0.0000,0.0000,0.0000,0.0000,9.3872,5.9081,0.5817,0.0000,0.0000,0.0000,0.0000,0.0000,0.0000,-794.238,-652.793,109.634,17.923,56.942,0.514725,0.451932,0.033342
985,1016.00,0.000,-10.670,46.9408,2.6133,56.7183,0.0000,27.4079,0.0000,0.0000,0.0000,0.0000,0.0000,0.0000,0.0000,9.3774,5.9121,0.5842,0.0000,0.0000,0.0000,0.0000,0.0000,0.0000,-795.851,-654.261,109.832,17.963,57.432,0.515064,0.451449,0.033487
986,1015.00,0.000,-10.685,47.0414,2.6132,56.7301,0.0000,27.3995,0.0000,0.0000,0.0000,0.0000,0.0000,0.0000,0.0000,9.3677,5.9161,0.5867,0.0000,0.0000,0.0000,0.0000,0.0000,0.0000,-797.440,-655.710,110.026,18.001,57.549,0.515397,0.450972,0.033630
987,1014.00,0.000,-10.699,47.1405,2.6132,56.7416,0.0000,27.3911,0.0000,0.0000,0.0000,0.0000,0.0000,0.0000,0.0000,9.3580,5.9200,0.5892,0.0000,0.0000,0.0000,0.0000,0.0000,0.0000,-799.004,-657.139,110.216,18.039,57.665,0.515726,0.450501,0.033773
988,1013.00,0.000,-10.714,47.2382,2.6132,56.7531,0.0000,27.3828,0.0000,0.0000,0.0000,0.0000,0.0000,0.0000,0.0000,9.3486,5.9238,0.5917,0.0000,0.0000,0.0000,0.0000,0.0000,0.0000,-800.544,-658.549,110.403,18.077,57.779,0.516049,0.450036,0.033915
989,1012.00,0.000,-10.729,47.3346,2.6132,56.7644,0.0000,27.3747,0.0000,0.0000,0.0000,0.0000,0.0000,0.0000,0.0000,9.3392,5.9276,0.5942,0.0000,0.0000,0.0000,0.0000,0.0000,0.0000,-802.060,-659.940,110.586,18.114,57.891,0.516368,0.449576,0.034057
990,1011.00,0.000,-10.744,47.4296,2.6131,56.7756,0.0000,27.3666,0.0000,0.0000,0.0000,0.0000,0.0000,0.0000,0.0000,9.3299,5.9313,0.5967,0.0000,0.0000,0.0000,0.0000,0.0000,0.0000,-803.553,-661.313,110.766,18.150,58.002,0.516681,0.449121,0.034197
991,1010.00,0.000,-10.758,47.6168,2.6131,56.7893,0.0000,27.3551,0.0000,0.0000,0.0000,0.0000,0.0000,0.0000,0.0000,9.3172,5.9317,0.6067,0.0000,0.0000,0.0000,0.0000,0.0000,0.0000,-806.591,-663.953,111.162,18.222,58.224,0.516716,0.448510,0.034774
992,1009.00,0.000,-10.773,47.7237,2.6131,56.8010,0.0000,27.3464,0.0000,0.0000,0.0000,0.0000,0.0000,0.0000,0.0000,9.3073,5.9349,0.6105,0.0000,0.0000,0.0000,0.0000,0.0000,0.0000,-808.279,-665.488,111.369,18.264,58.349,0.516988,0.448025,0.034987
993,1008.00,0.000,-10.788,47.8251,2.6130,56.8146,0.0000,27.3363,0.0000,0.0000,0.0000,0.0000,0.0000,0.0000,0.0000,9.2958,5.9390,0.6142,0.0000,0.0000,0.0000,0.0000,0.0000,0.0000,-809.876,-666.947,111.564,18.303,58.467,0.517335,0.447463,0.035202
994,1007.00,0.000,-10.803,47.9254,2.6130,56.8281,0.0000,27.3264,0.0000,0.0000,0.0000,0.0000,0.0000,0.0000,0.0000,9.2845,5.9430,0.6180,0.0000,0.0000,0.0000,0.0000,0.0000,0.0000,-811.454,-668.390,111.756,18.341,58.584,0.517675,0.446908,0.035417
995,1006.00,0.000,-10.818,48.0247,2.6129,56.8415,0.0000,27.3165,0.0000,0.0000,0.0000,0.0000,0.0000,0.0000,0.0000,9.2732,5.9470,0.6218,0.0000,0.0000,0.0000,0.0000,0.0000,0.0000,-813.014,-669.819,111.945,18.380,58.700,0.518008,0.446359,0.035633
996,1005.00,0.000,-10.833,48.1228,2.6129,56.8546,0.0000,27.3068,0.0000,0.0000,0.0000,0.0000,0.0000,0.0000,0.0000,9.2622,5.9508,0.6256,0.0000,0.0000,0.0000,0.0000,0.0000,0.0000,-814.554,-671.233,112.132,18.418,58.814,0.518335,0.445816,0.035849
997,1004.00,0.000,-10.848,48.2200,2.6128,56.8677,0.0000,27.2972,0.0000,0.0000,0.0000,0.0000,0.0000,0.0000,0.0000,9.2512,5.9546,0.6293,0.0000,0.0000,0.0000,0.0000,0.0000,0.0000,-816.077,-672.633,112.315,18.455,58.927,0.518655,0.445279,0.036065
998,1003.00,0.000,-10.863,48.3161,2.6128,56.8805,0.0000,27.2877,0.0000,0.0000,0.0000,0.0000,0.0000,0.0000,0.0000,9.2403,5.9583,0.6331,0.0000,0.0000,0.0000,0.0000,0.0000,0.0000,-817.582,-674.019,112.497,18.492,59.039,0.518969,0.444749,0.036282
999,1002.00,0.000,-10.878,48.4112,2.6128,56.8932,0.0000,27.2783,0.0000,0.0000,0.0000,0.0000,0.0000,0.0000,0.0000,9.2296,5.9620,0.6369,0.0000,0.0000,0.0000,0.0000,0.0000,0.0000,-819.070,-675.392,112.675,18.529,59.149,0.519276,0.444224,0.036500
1000,1001.00,0.000,-10.893,48.5054,2.6127,56.9058,0.0000,27.2689,0.0000,0.0000,0.0000,0.0000,0.0000,0.0000,0.0000,9.2190,5.9655,0.6408,0.0000,0.0000,0.0000,0.0000,0.0000,0.0000,-820.540,-676.750,112.852,18.565,59.258,0.519577,0.443705,0.036717
1001,1000.00,0.000,-10.908,48.5986,2.6127,56.9182,0.0000,27.2597,0.0000,0.0000,0.0000,0.0000,0.0000,0.0000,0.0000,9.2085,5.9690,0.6446,0.0000,0.0000,0.0000,0.0000,0.0000,0.0000,-821.994,-678.096,113.025,18.601,59.366,0.519872,0.443192,0.036936
1002,999.00,0.000,-10.923,48.6908,2.6127,56.9305,0.0000,27.2506,0.0000,0.0000,0.0000,0.0000,0.0000,0.0000,0.0000,9.1981,5.9724,0.6484,0.0000,0.0000,0.0000,0.0000,0.0000,0.0000,-823.431,-679.428,113.196,18.636,59.473,0.520161,0.442685,0.037154
1003,998.00,0.000,-10.938,48.7821,2.6126,56.9426,0.0000,27.2416,0.0000,0.0000,0.0000,0.0000,0.0000,0.0000,0.0000,9.1878,5.9758,0.6522,0.0000,0.0000,0.0000,0.0000,0.0000,0.0000,-824.852,-680.748,113.365,18.672,59.579,0.520444,0.442183,0.037373
1004,997.00,0.000,-10.953,48.8725,2.6126,56.9546,0.0000,27.2327,0.0000,0.0000,0.0000,0.0000,0.0000,0.0000,0.0000,9.1777,5.9791,0.6561,0.0000,0.0000,0.0000,0.0000,0.0000,0.0000,-826.258,-682.055,113.532,18.706,59.683,0.520720,0.441687,0.037593
1005,996.00,0.000,-10.969,48.9620,2.6126,56.9664,0.0000,27.2238,0.0000,0.0000,0.0000,0.0000,0.0000,0.0000,0.0000,9.1676,5.9823,0.6599,0.0000,0.0000,0.0000,0.0000,0.0000,0.0000,-827.647,-683.350,113.696,18.741,59.786,0.520991,0.441196,0.037813
1006,995.00,0.000,-10.984,49.0506,2.6125,56.9781,0.0000,27.2151,0.0000,0.0000,0.0000,0.0000,0.0000,0.0000,0.0000,9.1577,5.9854,0.6638,0.0000,0.0000,0.0000,0.0000,0.0000,0.0000,-829.022,-684.633,113.858,18.775,59.889,0.521256,0.440711,0.038034
1007,994.00,0.000,-10.999,49.1384,2.6125,56.9896,0.0000,27.2064,0.0000,0.0000,0.0000,0.0000,0.0000,0.0000,0.0000,9.1478,5.9885,0.6677,0.0000,0.0000,0.0000,0.0000,0.0000,0.0000,-830.381,-685.904,114.017,18.809,59.990,0.521515,0.440231,0.038255
1008,993.00,0.000,-11.014,49.2253,2.6125,57.0011,0.0000,27.1979,0.0000,0.0000,0.0000,0.0000,0.0000,0.0000,0.0000,9.1381,5.9915,0.6715,0.0000,0.0000,0.0000,0.0000,0.0000,0.0000,-831.726,-687.164,114.175,18.842,60.090,0.521768,0.439756,0.038476
1009,992.00,0.000,-11.029,49.3114,2.6125,57.0124,0.0000,27.1894,0.0000,0.0000,0.0000,0.0000,0.0000,0.0000,0.0000,9.1285,5.9944,0.6754,0.0000,0.0000,0.0000,0.0000,0.0000,0.0000,-833.056,-688.412,114.330,18.875,60.189,0.522016,0.439286,0.038699
1010,991.00,0.000,-11.045,49.3966,2.6124,57.0235,0.0000,27.1810,0.0000,0.0000,0.0000,0.0000,0.0000,0.0000,0.0000,9.1189,5.9972,0.6793,0.0000,0.0000,0.0000,0.0000,0.0000,0.0000,-834.372,-689.648,114.483,18.908,60.287,0.522258,0.438821,0.038921
1011,990.00,0.000,-11.060,49.4811,2.6124,57.0345,0.0000,27.1727,0.0000,0.0000,0.0000,0.0000,0.0000,0.0000,0.0000,9.1095,6.0000,0.6832,0.0000,0.0000,0.0000,0.0000,0.0000,0.0000,-835.674,-690.874,114.634,18.941,60.384,0.522494,0.438361,0.039145
1012,989.00,0.000,-11.075,49.5536,2.6124,57.0447,0.0000,27.1652,0.0000,0.0000,0.0000,0.0000,0.0000,0.0000,0.0000,9.1010,6.0030,0.6861,0.0000,0.0000,0.0000,0.0000,0.0000,0.0000,-836.777,-691.937,114.757,18.969,60.466,0.522745,0.437945,0.039310
1013,988.00,0.000,-11.091,49.6243,2.6124,57.0545,0.0000,27.1579,0.0000,0.0000,0.0000,0.0000,0.0000,0.0000,0.0000,9.0927,6.0060,0.6889,0.0000,0.0000,0.0000,0.0000,0.0000,0.0000,-837.848,-692.973,114.876,18.996,60.546,0.522993,0.437538,0.039469
1014,987.00,0.000,-11.106,49.6940,2.6124,57.0643,0.0000,27.1507,0.0000,0.0000,0.0000,0.0000,0.0000,0.0000,0.0000,9.0845,6.0088,0.6917,0.0000,0.0000,0.0000,0.0000,0.0000,0.0000,-838.904,-693.997,114.992,19.023,60.625,0.523236,0.437138,0.039627
1015,986.00,0.000,-11.122,49.7629,2.6124,57.0739,0.0000,27.1437,0.0000,0.0000,0.0000,0.0000,0.0000,0.0000,0.0000,9.0764,6.0116,0.6944,0.0000,0.0000,0.0000,0.0000,0.0000,0.0000,-839.944,-695.008,115.106,19.049,60.703,0.523474,0.436743,0.039784
1016,985.00,0.000,-11.137,49.8308,2.6124,57.0833,0.0000,27.1367,0.0000,0.0000,0.0000,0.0000,0.0000,0.0000,0.0000,9.0684,6.0144,0.6972,0.0000,0.0000,0.0000,0.0000,0.0000,0.0000,-840.968,-696.008,115.217,19.075,60.780,0.523707,0.436353,0.039940
1017,984.00,0.000,-11.152,49.8979,2.6123,57.0926,0.0000,27.1298,0.0000,0.0000,0.0000,0.0000,0.0000,0.0000,0.0000,9.0606,6.0171,0.6999,0.0000,0.0000,0.0000,0.0000,0.0000,0.0000,-841.978,-696.996,115.327,19.101,60.856,0.523935,0.435970,0.040095
1018,983.00,0.000,-11.168,49.9642,2.6123,57.1018,0.0000,27.1230,0.0000,0.0000,0.0000,0.0000,0.0000,0.0000,0.0000,9.0528,6.0198,0.7026,0.0000,0.0000,0.0000,0.0000,0.0000,0.0000,-842.974,-697.972,115.434,19.126,60.930,0.524159,0.435592,0.040250
1019,982.00,0.000,-11.183,50.0296,2.6123,57.1109,0.0000,27.1163,0.0000,0.0000,0.0000,0.0000,0.0000,0.0000,0.0000,9.0452,6.0224,0.7053,0.0000,0.0000,0.0000,0.0000,0.0000,0.0000,-843.955,-698.936,115.539,19.151,61.004,0.524378,0.435219,0.040403
1020,981.00,0.000,-11.199,50.0942,2.6123,57.1198,0.0000,27.1097,0.0000,0.0000,0.0000,0.0000,0.0000,0.0000,0.0000,9.0377,6.0249,0.7079,0.0000,0.0000,0.0000,0.0000,0.0000,0.0000,-844.922,-699.890,115.642,19.176,61.077,0.524593,0.434852,0.040556
1021,980.00,0.000,-11.214,50.1580,2.6123,57.1285,0.0000,27.1032,0.0000,0.0000,0.0000,0.0000,0.0000,0.0000,0.0000,9.0303,6.0274,0.7106,0.0000,0.0000,0.0000,0.0000,0.0000,0.0000,-845.876,-700.833,115.743,19.201,61.148,0.524803,0.434489,0.040707
1022,979.00,0.000,-11.230,50.2210,2.6123,57.1372,0.0000,27.0968,0.0000,0.0000,0.0000,0.0000,0.0000,0.0000,0.0000,9.0230,6.0298,0.7132,0.0000,0.0000,0.0000,0.0000,0.0000,0.0000,-846.816,-701.765,115.842,19.225,61.219,0.525010,0.434132,0.040858
1023,978.00,0.000,-11.246,50.2833,2.6123,57.1457,0.0000,27.0905,0.0000,0.0000,0.0000,0.0000,0.0000,0.0000,0.0000,9.0158,6.0322,0.7159,0.0000,0.0000,0.0000,0.0000,0.0000,0.0000,-847.743,-702.686,115.939,19.249,61.289,0.525212,0.433780,0.041008
1024,977.00,0.000,-11.261,50.3448,2.6123,57.1541,0.0000,27.0842,0.0000,0.0000,0.0000,0.0000,0.0000,0.0000,0.0000,9.0086,6.0346,0.7185,0.0000,0.0000,0.0000,0.0000,0.0000,0.0000,-848.657,-703.597,116.034,19.272,61.357,0.525410,0.433433,0.041157
1025,976.00,0.000,-11.277,50.4055,2.6123,57.1624,0.0000,27.0781,0.0000,0.0000,0.0000,0.0000,0.0000,0.0000,0.0000,9.0016,6.0369,0.7211,0.0000,0.0000,0.0000,0.0000,0.0000,0.0000,-849.558,-704.498,116.128,19.295,61.425,0.525603,0.433091,0.041305
1026,975.00,0.000,-11.293,50.4656,2.6123,57.1705,0.0000,27.0720,0.0000,0.0000,0.0000,0.0000,0.0000,0.0000,0.0000,8.9947,6.0391,0.7237,0.0000,0.0000,0.0000,0.0000,0.0000,0.0000,-850.447,-705.389,116.219,19.318,61.492,0.525793,0.432754,0.041453
1027,974.00,0.000,-11.308,50.5249,2.6123,57.1785,0.0000,27.0660,0.0000,0.0000,0.0000,0.0000,0.0000,0.0000,0.0000,8.9879,6.0413,0.7262,0.0000,0.0000,0.0000,0.0000,0.0000,0.0000,-851.324,-706.270,116.308,19.341,61.558,0.525979,0.432421,0.041600
1028,973.00,0.000,-11.324,50.5835,2.6123,57.1865,0.0000,27.0601,0.0000,0.0000,0.0000,0.0000,0.0000,0.0000,0.0000,8.9812,6.0435,0.7288,0.0000,0.0000,0.0000,0.0000,0.0000,0.0000,-852.188,-707.141,116.396,19.363,61.623,0.526162,0.432093,0.041745
1029,972.00,0.000,-11.340,50.6414,2.6123,57.1943,0.0000,27.0543,0.0000,0.0000,0.0000,0.0000,0.0000,0.0000,0.0000,8.9746,6.0456,0.7313,0.0000,0.0000,0.0000,0.0000,0.0000,0.0000,-853.041,-708.003,116.482,19.386,61.687,0.526340,0.431769,0.041890
1030,971.00,0.000,-11.356,50.6987,2.6123,57.2020,0.0000,27.0485,0.0000,0.0000,0.0000,0.0000,0.0000,0.0000,0.0000,8.9680,6.0477,0.7338,0.0000,0.0000,0.0000,0.0000,0.0000,0.0000,-853.882,-708.856,116.566,19.407,61.751,0.526515,0.431450,0.042035
1031,970.00,0.000,-11.371,50.7552,2.6123,57.2095,0.0000,27.0428,0.0000,0.0000,0.0000,0.0000,0.0000,0.0000,0.0000,8.9616,6.0497,0.7364,0.0000,0.0000,0.0000,0.0000,0.0000,0.0000,-854.712,-709.699,116.649,19.429,61.813,0.526686,0.431136,0.042178
1032,969.00,0.000,-11.387,50.8112,2.6123,57.2170,0.0000,27.0373,0.0000,0.0000,0.0000,0.0000,0.0000,0.0000,0.0000,8.9552,6.0517,0.7389,0.0000,0.0000,0.0000,0.0000,0.0000,0.0000,-855.530,-710.534,116.730,19.450,61.875,0.526854,0.430825,0.042321
1033,968.00,0.000,-11.403,50.8665,2.6124,57.2244,0.0000,27.0317,0.0000,0.0000,0.0000,0.0000,0.0000,0.0000,0.0000,8.9489,6.0536,0.7413,0.0000,0.0000,0.0000,0.0000,0.0000,0.0000,-856.338,-711.360,116.809,19.472,61.936,0.527018,0.430519,0.042462
1034,967.00,0.000,-11.419,50.9211,2.6124,57.2317,0.0000,27.0263,0.0000,0.0000,0.0000,0.0000,0.0000,0.0000,0.0000,8.9427,6.0555,0.7438,0.0000,0.0000,0.0000,0.0000,0.0000,0.0000,-857.134,-712.177,116.887,19.492,61.996,0.527179,0.430217,0.042604
1035,966.00,0.000,-11.435,50.9752,2.6124,57.2388,0.0000,27.0209,0.0000,0.0000,0.0000,0.0000,0.0000,0.0000,0.0000,8.9366,6.0574,0.7463,0.0000,0.0000,0.0000,0.0000,0.0000,0.0000,-857.920,-712.986,116.963,19.513,62.056,0.527337,0.429919,0.042744
1036,965.00,0.000,-11.451,51.0286,2.6124,57.2459,0.0000,27.0156,0.0000,0.0000,0.0000,0.0000,0.0000,0.0000,0.0000,8.9306,6.0592,0.7487,0.0000,0.0000,0.0000,0.0000,0.0000,0.0000,-858.696,-713.787,117.037,19.533,62.114,0.527491,0.429625,0.042883
1037,964.00,0.000,-11.467,51.0814,2.6124,57.2529,0.0000,27.0103,0.0000,0.0000,0.0000,0.0000,0.0000,0.0000,0.0000,8.9246,6.0610,0.7511,0.0000,0.0000,0.0000,0.0000,0.0000,0.0000,-859.462,-714.579,117.110,19.554,62.172,0.527642,0.429335,0.043022
1038,963.00,0.000,-11.483,51.1336,2.6124,57.2597,0.0000,27.0052,0.0000,0.0000,0.0000,0.0000,0.0000,0.0000,0.0000,8.9188,6.0628,0.7536,0.0000,0.0000,0.0000,0.0000,0.0000,0.0000,-860.217,-715.363,117.182,19.573,62.229,0.527790,0.429049,0.043160
1039,962.00,0.000,-11.499,51.1853,2.6124,57.2665,0.0000,27.0001,0.0000,0.0000,0.0000,0.0000,0.0000,0.0000,0.0000,8.9130,6.0645,0.7560,0.0000,0.0000,0.0000,0.0000,0.0000,0.0000,-860.962,-716.139,117.251,19.593,62.286,0.527935,0.428767,0.043298
1040,961.00,0.000,-11.515,51.2364,2.6124,57.2732,0.0000,26.9950,0.0000,0.0000,0.0000,0.0000,0.0000,0.0000,0.0000,8.9073,6.0662,0.7584,0.0000,0.0000,0.0000,0.0000,0.0000,0.0000,-861.698,-716.908,117.320,19.613,62.341,0.528077,0.428488,0.043434
1041,960.00,0.000,-11.531,51.2869,2.6124,57.2798,0.0000,26.9901,0.0000,0.0000,0.0000,0.0000,0.0000,0.0000,0.0000,8.9016,6.0678,0.7607,0.0000,0.0000,0.0000,0.0000,0.0000,0.0000,-862.424,-717.669,117.387,19.632,62.396,0.528216,0.428214,0.043570
1042,959.00,0.000,-11.547,51.3369,2.6124,57.2863,0.0000,26.9852,0.0000,0.0000,0.0000,0.0000,0.0000,0.0000,0.0000,8.8961,6.0694,0.7631,0.0000,0.0000,0.0000,0.0000,0.0000,0.0000,-863.141,-718.422,117.453,19.651,62.451,0.528352,0.427942,0.043706
1043,958.00,0.000,-11.563,51.3864,2.6125,57.2927,0.0000,26.9803,0.0000,0.0000,0.0000,0.0000,0.0000,0.0000,0.0000,8.8906,6.0710,0.7655,0.0000,0.0000,0.0000,0.0000,0.0000,0.0000,-863.849,-719.168,117.517,19.670,62.504,0.528485,0.427675,0.043840
1044,957.00,0.000,-11.579,51.4353,2.6125,57.2990,0.0000,26.9755,0.0000,0.0000,0.0000,0.0000,0.0000,0.0000,0.0000,8.8851,6.0725,0.7678,0.0000,0.0000,0.0000,0.0000,0.0000,0.0000,-864.547,-719.907,117.580,19.688,62.557,0.528615,0.427411,0.043974
1045,956.00,0.000,-11.595,51.4837,2.6125,57.3052,0.0000,26.9708,0.0000,0.0000,0.0000,0.0000,0.0000,0.0000,0.0000,8.8798,6.0740,0.7701,0.0000,0.0000,0.0000,0.0000,0.0000,0.0000,-865.237,-720.638,117.641,19.707,62.610,0.528743,0.427150,0.044107
1046,955.00,0.000,-11.611,51.5316,2.6125,57.3114,0.0000,26.9661,0.0000,0.0000,0.0000,0.0000,0.0000,0.0000,0.0000,8.8745,6.0755,0.7724,0.0000,0.0000,0.0000,0.0000,0.0000,0.0000,-865.918,-721.363,117.701,19.725,62.661,0.528867,0.426893,0.044240
1047,954.00,0.000,-11.628,51.6007,2.6125,57.3192,0.0000,26.9599,0.0000,0.0000,0.0000,0.0000,0.0000,0.0000,0.0000,8.8675,6.0766,0.7768,0.0000,0.0000,0.0000,0.0000,0.0000,0.0000,-866.950,-722.379,117.810,19.751,62.738,0.528958,0.426556,0.044487
1048,953.00,0.000,-11.644,51.7624,2.6124,57.3344,0.0000,26.9467,0.0000,0.0000,0.0000,0.0000,0.0000,0.0000,0.0000,8.8531,6.0759,0.7899,0.0000,0.0000,0.0000,0.0000,0.0000,0.0000,-869.515,-724.667,118.132,19.814,62.927,0.528899,0.425863,0.045238
1049,952.00,0.000,-11.660,51.9214,2.6124,57.3493,0.0000,26.9337,0.0000,0.0000,0.0000,0.0000,0.0000,0.0000,0.0000,8.8389,6.0750,0.8031,0.0000,0.0000,0.0000,0.0000,0.0000,0.0000,-872.033,-726.917,118.448,19.875,63.113,0.528823,0.425181,0.045996
1050,951.00,0.000,-11.677,52.0779,2.6123,57.3639,0.0000,26.9208,0.0000,0.0000,0.0000,0.0000,0.0000,0.0000,0.0000,8.8249,6.0739,0.8164,0.0000,0.0000,0.0000,0.0000,0.0000,0.0000,-874.507,-729.131,118.757,19.936,63.295,0.528731,0.424510,0.046759
1051,950.00,0.000,-11.693,52.2319,2.6122,57.3783,0.0000,26.9082,0.0000,0.0000,0.0000,0.0000,0.0000,0.0000,0.0000,8.8111,6.0726,0.8299,0.0000,0.0000,0.0000,0.0000,0.0000,0.0000,-876.938,-731.310,119.060,19.995,63.474,0.528623,0.423849,0.047528
1052,949.00,0.000,-11.709,52.3836,2.6121,57.3923,0.0000,26.8957,0.0000,0.0000,0.0000,0.0000,0.0000,0.0000,0.0000,8.7975,6.0711,0.8434,0.0000,0.0000,0.0000,0.0000,0.0000,0.0000,-879.330,-733.457,119.357,20.054,63.650,0.528499,0.423198,0.048303
1053,948.00,0.000,-11.726,52.5330,2.6121,57.4061,0.0000,26.8833,0.0000,0.0000,0.0000,0.0000,0.0000,0.0000,0.0000,8.7841,6.0695,0.8570,0.0000,0.0000,0.0000,0.0000,0.0000,0.0000,-881.682,-735.573,119.649,20.112,63.824,0.528360,0.422556,0.049084
1054,947.00,0.000,-11.742,52.6803,2.6120,57.4197,0.0000,26.8711,0.0000,0.0000,0.0000,0.0000,0.0000,0.0000,0.0000,8.7708,6.0677,0.8708,0.0000,0.0000,0.0000,0.0000,0.0000,0.0000,-883.998,-737.659,119.935,20.169,63.995,0.528205,0.421923,0.049872
1055,946.00,0.000,-11.758,52.8257,2.6119,57.4330,0.0000,26.8590,0.0000,0.0000,0.0000,0.0000,0.0000,0.0000,0.0000,8.7578,6.0656,0.8846,0.0000,0.0000,0.0000,0.0000,0.0000,0.0000,-886.280,-739.717,120.217,20.225,64.163,0.528035,0.421299,0.050665
1056,945.00,0.000,-11.775,52.9691,2.6119,57.4460,0.0000,26.8471,0.0000,0.0000,0.0000,0.0000,0.0000,0.0000,0.0000,8.7449,6.0635,0.8986,0.0000,0.0000,0.0000,0.0000,0.0000,0.0000,-888.528,-741.749,120.494,20.280,64.329,0.527851,0.420683,0.051466
1057,944.00,0.000,-11.791,53.1107,2.6118,57.4589,0.0000,26.8353,0.0000,0.0000,0.0000,0.0000,0.0000,0.0000,0.0000,8.7321,6.0611,0.9126,0.0000,0.0000,0.0000,0.0000,0.0000,0.0000,-890.746,-743.755,120.766,20.335,64.493,0.527652,0.420075,0.052273
1058,943.00,0.000,-11.808,53.2506,2.6117,57.4715,0.0000,26.8236,0.0000,0.0000,0.0000,0.0000,0.0000,0.0000,0.0000,8.7195,6.0586,0.9268,0.0000,0.0000,0.0000,0.0000,0.0000,0.0000,-892.933,-745.737,121.035,20.389,64.654,0.527439,0.419475,0.053086
1059,942.00,0.000,-11.824,53.3890,2.6117,57.4839,0.0000,26.8120,0.0000,0.0000,0.0000,0.0000,0.0000,0.0000,0.0000,8.7071,6.0559,0.9412,0.0000,0.0000,0.0000,0.0000,0.0000,0.0000,-895.093,-747.697,121.299,20.442,64.814,0.527212,0.418881,0.053907
1060,941.00,0.000,-11.841,53.5258,2.6116,57.4962,0.0000,26.8005,0.0000,0.0000,0.0000,0.0000,0.0000,0.0000,0.0000,8.6947,6.0530,0.9556,0.0000,0.0000,0.0000,0.0000,0.0000,0.0000,-897.226,-749.635,121.559,20.495,64.971,0.526971,0.418295,0.054735
1061,940.00,0.000,-11.858,53.6611,2.6116,57.5082,0.0000,26.7891,0.0000,0.0000,0.0000,0.0000,0.0000,0.0000,0.0000,8.6825,6.0500,0.9702,0.0000,0.0000,0.0000,0.0000,0.0000,0.0000,-899.334,-751.553,121.816,20.548,65.127,0.526716,0.417714,0.055570
1062,939.00,0.000,-11.874,53.7952,2.6115,57.5200,0.0000,26.7778,0.0000,0.0000,0.0000,0.0000,0.0000,0.0000,0.0000,8.6705,6.0468,0.9849,0.0000,0.0000,0.0000,0.0000,0.0000,0.0000,-901.418,-753.452,122.069,20.599,65.281,0.526447,0.417140,0.056413
1063,938.00,0.000,-11.891,53.9280,2.6114,57.5317,0.0000,26.7666,0.0000,0.0000,0.0000,0.0000,0.0000,0.0000,0.0000,8.6585,6.0435,0.9997,0.0000,0.0000,0.0000,0.0000,0.0000,0.0000,-903.481,-755.334,122.319,20.651,65.433,0.526165,0.416572,0.057263
1064,937.00,0.000,-11.908,54.0596,2.6114,57.5432,0.0000,26.7555,0.0000,0.0000,0.0000,0.0000,0.0000,0.0000,0.0000,8.6466,6.0400,1.0147,0.0000,0.0000,0.0000,0.0000,0.0000,0.0000,-905.522,-757.199,122.566,20.702,65.584,0.525870,0.416009,0.058122
1065,936.00,0.000,-11.924,54.1901,2.6113,57.5546,0.0000,26.7445,0.0000,0.0000,0.0000,0.0000,0.0000,0.0000,0.0000,8.6349,6.0363,1.0298,0.0000,0.0000,0.0000,0.0000,0.0000,0.0000,-907.545,-759.049,122.810,20.752,65.734,0.525561,0.415451,0.058988
1066,935.00,0.000,-11.941,54.3197,2.6113,57.5658,0.0000,26.7335,0.0000,0.0000,0.0000,0.0000,0.0000,0.0000,0.0000,8.6232,6.0325,1.0450,0.0000,0.0000,0.0000,0.0000,0.0000,0.0000,-909.549,-760.884,123.052,20.802,65.882,0.525239,0.414897,0.059863
1067,934.00,0.000,-11.958,54.4483,2.6112,57.5768,0.0000,26.7226,0.0000,0.0000,0.0000,0.0000,0.0000,0.0000,0.0000,8.6116,6.0285,1.0604,0.0000,0.0000,0.0000,0.0000,0.0000,0.0000,-911.537,-762.707,123.291,20.852,66.029,0.524905,0.414349,0.060747
1068,933.00,0.000,-11.974,54.5760,2.6112,57.5877,0.0000,26.7117,0.0000,0.0000,0.0000,0.0000,0.0000,0.0000,0.0000,8.6001,6.0244,1.0760,0.0000,0.0000,0.0000,0.0000,0.0000,0.0000,-913.509,-764.517,123.527,20.901,66.175,0.524557,0.413804,0.061639
1069,932.00,0.000,-11.991,54.7030,2.6111,57.5985,0.0000,26.7009,0.0000,0.0000,0.0000,0.0000,0.0000,0.0000,0.0000,8.5887,6.0201,1.0917,0.0000,0.0000,0.0000,0.0000,0.0000,0.0000,-915.468,-766.316,123.762,20.950,66.320,0.524196,0.413263,0.062541
1070,931.00,0.000,-12.008,54.8293,2.6111,57.6092,0.0000,26.6902,0.0000,0.0000,0.0000,0.0000,0.0000,0.0000,0.0000,8.5774,6.0157,1.1076,0.0000,0.0000,0.0000,0.0000,0.0000,0.0000,-917.413,-768.105,123.995,20.999,66.464,0.523823,0.412726,0.063451
1071,930.00,0.000,-12.025,54.9550,2.6110,57.6198,0.0000,26.6795,0.0000,0.0000,0.0000,0.0000,0.0000,0.0000,0.0000,8.5660,6.0111,1.1236,0.0000,0.0000,0.0000,0.0000,0.0000,0.0000,-919.347,-769.885,124.226,21.048,66.608,0.523437,0.412191,0.064372
1072,929.00,0.000,-12.042,55.0801,2.6109,57.6302,0.0000,26.6688,0.0000,0.0000,0.0000,0.0000,0.0000,0.0000,0.0000,8.5548,6.0064,1.1398,0.0000,0.0000,0.0000,0.0000,0.0000,0.0000,-921.271,-771.657,124.455,21.096,66.750,0.523038,0.411660,0.065302
1073,928.00,0.000,-12.059,55.2048,2.6109,57.6405,0.0000,26.6581,0.0000,0.0000,0.0000,0.0000,0.0000,0.0000,0.0000,8.5436,6.0015,1.1562,0.0000,0.0000,0.0000,0.0000,0.0000,0.0000,-923.185,-773.422,124.683,21.144,66.892,0.522626,0.411131,0.066243
1074,927.00,0.000,-12.076,55.3290,2.6108,57.6508,0.0000,26.6475,0.0000,0.0000,0.0000,0.0000,0.0000,0.0000,0.0000,8.5324,5.9965,1.1728,0.0000,0.0000,0.0000,0.0000,0.0000,0.0000,-925.092,-775.181,124.910,21.192,67.033,0.522201,0.410605,0.067194
1075,926.00,0.000,-12.093,55.4530,2.6108,57.6609,0.0000,26.6369,0.0000,0.0000,0.0000,0.0000,0.0000,0.0000,0.0000,8.5213,5.9913,1.1895,0.0000,0.0000,0.0000,0.0000,0.0000,0.0000,-926.992,-776.935,125.136,21.240,67.174,0.521764,0.410080,0.068156
1076,925.00,0.000,-12.110,55.5766,2.6107,57.6710,0.0000,26.6263,0.0000,0.0000,0.0000,0.0000,0.0000,0.0000,0.0000,8.5102,5.9860,1.2065,0.0000,0.0000,0.0000,0.0000,0.0000,0.0000,-928.886,-778.686,125.360,21.288,67.315,0.521313,0.409557,0.069129
1077,924.00,0.000,-12.127,55.7001,2.6107,57.6810,0.0000,26.6157,0.0000,0.0000,0.0000,0.0000,0.0000,0.0000,0.0000,8.4991,5.9805,1.2236,0.0000,0.0000,0.0000,0.0000,0.0000,0.0000,-930.776,-780.433,125.584,21.335,67.455,0.520850,0.409036,0.070114
1078,923.00,0.000,-12.144,55.8235,2.6106,57.6910,0.0000,26.6051,0.0000,0.0000,0.0000,0.0000,0.0000,0.0000,0.0000,8.4881,5.9749,1.2410,0.0000,0.0000,0.0000,0.0000,0.0000,0.0000,-932.663,-782.178,125.808,21.383,67.595,0.520374,0.408515,0.071111
1079,922.00,0.000,-12.161,55.9468,2.6106,57.7008,0.0000,26.5945,0.0000,0.0000,0.0000,0.0000,0.0000,0.0000,0.0000,8.4770,5.9691,1.2586,0.0000,0.0000,0.0000,0.0000,0.0000,0.0000,-934.548,-783.922,126.031,21.431,67.734,0.519885,0.407996,0.072120
1080,921.00,0.000,-12.178,56.0702,2.6105,57.7106,0.0000,26.5839,0.0000,0.0000,0.0000,0.0000,0.0000,0.0000,0.0000,8.4660,5.9631,1.2764,0.0000,0.0000,0.0000,0.0000,0.0000,0.0000,-936.432,-785.667,126.253,21.479,67.874,0.519382,0.407477,0.073141
1081,920.00,0.000,-12.195,56.1937,2.6105,57.7204,0.0000,26.5733,0.0000,0.0000,0.0000,0.0000,0.0000,0.0000,0.0000,8.4550,5.9570,1.2944,0.0000,0.0000,0.0000,0.0000,0.0000,0.0000,-938.317,-787.412,126.476,21.526,68.014,0.518866,0.406958,0.074176
1082,919.00,0.000,-12.212,56.1571,2.6109,57.6754,0.0000,26.6032,0.0000,0.0000,0.0000,0.0000,0.0000,0.0000,0.0000,8.4902,5.9354,1.2957,0.0000,0.0000,0.0000,0.0000,0.0000,0.0000,-937.579,-786.984,126.322,21.509,67.958,0.517042,0.408697,0.074261
1082,919.00,0.000,-12.212,0.8235,2.5086,65.0512,0.0000,19.3788,0.0000,0.0000,0.0000,0.0000,0.0000,0.0000,0.0000,0.8089,3.4321,11.3289,0.0000,0.0000,0.0000,0.0000,0.0000,0.0000,-13.328,-11.134,1.840,0.328,0.979,0.302850,0.039444,0.657706
1083,918.00,0.000,-12.230,55.9554,2.6118,57.5743,0.0000,26.6755,0.0000,0.0000,0.0000,0.0000,0.0000,0.0000,0.0000,8.5734,5.8994,1.2774,0.0000,0.0000,0.0000,0.0000,0.0000,0.0000,-934.142,-784.319,125.780,21.424,67.701,0.513998,0.412778,0.073224
1083,918.00,0.000,-12.230,2.4401,2.5086,65.0477,0.0000,19.3702,0.0000,0.0000,0.0000,0.0000,0.0000,0.0000,0.0000,0.8026,3.4018,11.3777,0.0000,0.0000,0.0000,0.0000,0.0000,0.0000,-39.483,-32.992,5.450,0.973,2.899,0.300220,0.039142,0.660639
1084,917.00,0.000,-12.247,55.8030,2.6125,57.4919,0.0000,26.7345,0.0000,0.0000,0.0000,0.0000,0.0000,0.0000,0.0000,8.6412,5.8704,1.2620,0.0000,0.0000,0.0000,0.0000,0.0000,0.0000,-931.520,-782.328,125.355,21.360,67.504,0.511546,0.416104,0.072350
1084,917.00,0.000,-12.247,3.7212,2.5086,65.0455,0.0000,19.3625,0.0000,0.0000,0.0000,0.0000,0.0000,0.0000,0.0000,0.7968,3.3766,11.4186,0.0000,0.0000,0.0000,0.0000,0.0000,0.0000,-60.197,-50.312,8.306,1.483,4.420,0.298035,0.038865,0.663101
1085,916.00,0.000,-12.264,55.4417,2.6151,57.1846,0.0000,26.9516,0.0000,0.0000,0.0000,0.0000,0.0000,0.0000,0.0000,8.8921,5.7547,1.2171,0.0000,0.0000,0.0000,0.0000,0.0000,0.0000,-925.506,-777.585,124.392,21.201,67.039,0.501749,0.428431,0.069820
1085,916.00,0.000,-12.264,8.1872,2.5085,65.0298,0.0000,19.3447,0.0000,0.0000,0.0000,0.0000,0.0000,0.0000,0.0000,0.7858,3.2949,11.5449,0.0000,0.0000,0.0000,0.0000,0.0000,0.0000,-132.371,-110.662,18.256,3.264,9.721,0.290942,0.038342,0.670716
1086,915.00,0.000,-12.281,55.4266,2.6152,57.1818,0.0000,26.9544,0.0000,0.0000,0.0000,0.0000,0.0000,0.0000,0.0000,8.8951,5.7560,1.2128,0.0000,0.0000,0.0000,0.0000,0.0000,0.0000,-925.142,-777.454,124.301,21.194,67.015,0.501858,0.428572,0.069570
1086,915.00,0.000,-12.281,8.2028,2.5086,65.0322,0.0000,19.3409,0.0000,0.0000,0.0000,0.0000,0.0000,0.0000,0.0000,0.7821,3.2904,11.5545,0.0000,0.0000,0.0000,0.0000,0.0000,0.0000,-132.602,-110.880,18.282,3.270,9.738,0.290552,0.038162,0.671286
1087,914.00,0.000,-12.295,55.4117,2.6153,57.1791,0.0000,26.9572,0.0000,0.0000,0.0000,0.0000,0.0000,0.0000,0.0000,8.8980,5.7572,1.2085,0.0000,0.0000,0.0000,0.0000,0.0000,0.0000,-924.781,-777.324,124.211,21.188,66.990,0.501966,0.428711,0.069323
1087,914.00,0.000,-12.295,8.2182,2.5086,65.0346,0.0000,19.3371,0.0000,0.0000,0.0000,0.0000,0.0000,0.0000,0.0000,0.7784,3.2858,11.5641,0.0000,0.0000,0.0000,0.0000,0.0000,0.0000,-132.828,-111.094,18.307,3.276,9.756,0.290157,0.037982,0.671860
1088,913.00,0.000,-12.310,55.3969,2.6154,57.1764,0.0000,26.9600,0.0000,0.0000,0.0000,0.0000,0.0000,0.0000,0.0000,8.9010,5.7585,1.2042,0.0000,0.0000,0.0000,0.0000,0.0000,0.0000,-924.422,-777.196,124.121,21.181,66.966,0.502073,0.428850,0.069077
1088,913.00,0.000,-12.310,8.2334,2.5086,65.0370,0.0000,19.3333,0.0000,0.0000,0.0000,0.0000,0.0000,0.0000,0.0000,0.7747,3.2813,11.5737,0.0000,0.0000,0.0000,0.0000,0.0000,0.0000,-133.052,-111.307,18.332,3.282,9.773,0.289763,0.037803,0.672434
1089,912.00,0.000,-12.325,55.3822,2.6155,57.1737,0.0000,26.9628,0.0000,0.0000,0.0000,0.0000,0.0000,0.0000,0.0000,8.9039,5.7598,1.1999,0.0000,0.0000,0.0000,0.0000,0.0000,0.0000,-924.064,-777.069,124.031,21.175,66.941,0.502181,0.428988,0.068831
1089,912.00,0.000,-12.325,8.2486,2.5086,65.0394,0.0000,19.3295,0.0000,0.0000,0.0000,0.0000,0.0000,0.0000,0.0000,0.7710,3.2767,11.5833,0.0000,0.0000,0.0000,0.0000,0.0000,0.0000,-133.274,-111.518,18.357,3.288,9.790,0.289368,0.037625,0.673007
1090,911.00,0.000,-12.339,55.3675,2.6156,57.1710,0.0000,26.9655,0.0000,0.0000,0.0000,0.0000,0.0000,0.0000,0.0000,8.9068,5.7610,1.1957,0.0000,0.0000,0.0000,0.0000,0.0000,0.0000,-923.708,-776.944,123.941,21.169,66.917,0.502289,0.429125,0.068586
1090,911.00,0.000,-12.339,8.2637,2.5086,65.0418,0.0000,19.3258,0.0000,0.0000,0.0000,0.0000,0.0000,0.0000,0.0000,0.7673,3.2722,11.5929,0.0000,0.0000,0.0000,0.0000,0.0000,0.0000,-133.495,-111.728,18.382,3.294,9.807,0.288973,0.037447,0.673580
1091,910.00,0.000,-12.355,55.3567,2.6157,57.1674,0.0000,26.9689,0.0000,0.0000,0.0000,0.0000,0.0000,0.0000,0.0000,8.9104,5.7620,1.1913,0.0000,0.0000,0.0000,0.0000,0.0000,0.0000,-923.416,-776.871,123.859,21.164,66.897,0.502368,0.429297,0.068335
1091,910.00,0.000,-12.355,8.2785,2.5087,65.0441,0.0000,19.3220,0.0000,0.0000,0.0000,0.0000,0.0000,0.0000,0.0000,0.7637,3.2674,11.6028,0.0000,0.0000,0.0000,0.0000,0.0000,0.0000,-133.713,-111.936,18.406,3.300,9.824,0.288558,0.037270,0.674172
1092,909.00,0.000,-12.371,55.3458,2.6158,57.1639,0.0000,26.9723,0.0000,0.0000,0.0000,0.0000,0.0000,0.0000,0.0000,8.9140,5.7629,1.1869,0.0000,0.0000,0.0000,0.0000,0.0000,0.0000,-923.123,-776.799,123.778,21.159,66.878,0.502447,0.429467,0.068085
1092,909.00,0.000,-12.371,8.2933,2.5087,65.0464,0.0000,19.3182,0.0000,0.0000,0.0000,0.0000,0.0000,0.0000,0.0000,0.7600,3.2626,11.6127,0.0000,0.0000,0.0000,0.0000,0.0000,0.0000,-133.930,-112.143,18.430,3.306,9.841,0.288144,0.037092,0.674764
1093,908.00,0.000,-12.387,55.3349,2.6159,57.1604,0.0000,26.9756,0.0000,0.0000,0.0000,0.0000,0.0000,0.0000,0.0000,8.9175,5.7639,1.1826,0.0000,0.0000,0.0000,0.0000,0.0000,0.0000,-922.830,-776.726,123.696,21.154,66.858,0.502527,0.429636,0.067836
1093,908.00,0.000,-12.387,8.3080,2.5087,65.0487,0.0000,19.3145,0.0000,0.0000,0.0000,0.0000,0.0000,0.0000,0.0000,0.7564,3.2579,11.6226,0.0000,0.0000,0.0000,0.0000,0.0000,0.0000,-134.145,-112.348,18.454,3.312,9.857,0.287730,0.036916,0.675354
1094,907.00,0.000,-12.402,55.3241,2.6160,57.1570,0.0000,26.9789,0.0000,0.0000,0.0000,0.0000,0.0000,0.0000,0.0000,8.9211,5.7648,1.1783,0.0000,0.0000,0.0000,0.0000,0.0000,0.0000,-922.537,-776.654,123.614,21.149,66.838,0.502608,0.429804,0.067588
1094,907.00,0.000,-12.402,8.3226,2.5087,65.0510,0.0000,19.3107,0.0000,0.0000,0.0000,0.0000,0.0000,0.0000,0.0000,0.7528,3.2531,11.6324,0.0000,0.0000,0.0000,0.0000,0.0000,0.0000,-134.358,-112.552,18.477,3.317,9.874,0.287316,0.036740,0.675944
1095,906.00,0.000,-12.418,55.3132,2.6161,57.1535,0.0000,26.9822,0.0000,0.0000,0.0000,0.0000,0.0000,0.0000,0.0000,8.9246,5.7658,1.1740,0.0000,0.0000,0.0000,0.0000,0.0000,0.0000,-922.245,-776.581,123.533,21.144,66.818,0.502688,0.429971,0.067341
1095,906.00,0.000,-12.418,8.3372,2.5087,65.0532,0.0000,19.3070,0.0000,0.0000,0.0000,0.0000,0.0000,0.0000,0.0000,0.7492,3.2483,11.6423,0.0000,0.0000,0.0000,0.0000,0.0000,0.0000,-134.570,-112.755,18.500,3.323,9.890,0.286902,0.036565,0.676533
1096,905.00,0.000,-12.434,55.3024,2.6162,57.1501,0.0000,26.9854,0.0000,0.0000,0.0000,0.0000,0.0000,0.0000,0.0000,8.9280,5.7667,1.1697,0.0000,0.0000,0.0000,0.0000,0.0000,0.0000,-921.953,-776.509,123.451,21.139,66.799,0.502769,0.430136,0.067094
1096,905.00,0.000,-12.434,8.3516,2.5088,65.0555,0.0000,19.3033,0.0000,0.0000,0.0000,0.0000,0.0000,0.0000,0.0000,0.7456,3.2436,11.6521,0.0000,0.0000,0.0000,0.0000,0.0000,0.0000,-134.780,-112.956,18.523,3.329,9.906,0.286488,0.036390,0.677122
1097,904.00,0.000,-12.450,55.2915,2.6163,57.1468,0.0000,26.9886,0.0000,0.0000,0.0000,0.0000,0.0000,0.0000,0.0000,8.9315,5.7677,1.1654,0.0000,0.0000,0.0000,0.0000,0.0000,0.0000,-921.660,-776.436,123.369,21.134,66.779,0.502851,0.430301,0.066848
1097,904.00,0.000,-12.450,8.3659,2.5088,65.0577,0.0000,19.2995,0.0000,0.0000,0.0000,0.0000,0.0000,0.0000,0.0000,0.7420,3.2388,11.6620,0.0000,0.0000,0.0000,0.0000,0.0000,0.0000,-134.989,-113.157,18.546,3.335,9.923,0.286074,0.036216,0.677709
1098,903.00,0.000,-12.466,55.2807,2.6164,57.1434,0.0000,26.9918,0.0000,0.0000,0.0000,0.0000,0.0000,0.0000,0.0000,8.9349,5.7687,1.1611,0.0000,0.0000,0.0000,0.0000,0.0000,0.0000,-921.368,-776.363,123.288,21.129,66.759,0.502933,0.430463,0.066603
1098,903.00,0.000,-12.466,8.3802,2.5088,65.0599,0.0000,19.2958,0.0000,0.0000,0.0000,0.0000,0.0000,0.0000,0.0000,0.7384,3.2340,11.6718,0.0000,0.0000,0.0000,0.0000,0.0000,0.0000,-135.196,-113.356,18.569,3.340,9.939,0.285661,0.036043,0.678296
1099,902.00,0.000,-12.482,55.2698,2.6165,57.1401,0.0000,26.9950,0.0000,0.0000,0.0000,0.0000,0.0000,0.0000,0.0000,8.9383,5.7696,1.1569,0.0000,0.0000,0.0000,0.0000,0.0000,0.0000,-921.075,-776.290,123.206,21.124,66.740,0.503016,0.430625,0.066359
1099,902.00,0.000,-12.482,8.3944,2.5088,65.0621,0.0000,19.2922,0.0000,0.0000,0.0000,0.0000,0.0000,0.0000,0.0000,0.7349,3.2293,11.6816,0.0000,0.0000,0.0000,0.0000,0.0000,0.0000,-135.402,-113.554,18.591,3.346,9.955,0.285247,0.035871,0.678882
1100,901.00,0.000,-12.498,55.2589,2.6166,57.1369,0.0000,26.9982,0.0000,0.0000,0.0000,0.0000,0.0000,0.0000,0.0000,8.9417,5.7706,1.1526,0.0000,0.0000,0.0000,0.0000,0.0000,0.0000,-920.783,-776.217,123.124,21.119,66.720,0.503099,0.430785,0.066116
1100,901.00,0.000,-12.498,8.4084,2.5088,65.0643,0.0000,19.2885,0.0000,0.0000,0.0000,0.0000,0.0000,0.0000,0.0000,0.7313,3.2245,11.6913,0.0000,0.0000,0.0000,0.0000,0.0000,0.0000,-135.606,-113.751,18.613,3.352,9.970,0.284834,0.035699,0.679467
1101,900.00,0.000,-12.514,55.2480,2.6167,57.1336,0.0000,27.0013,0.0000,0.0000,0.0000,0.0000,0.0000,0.0000,0.0000,8.9450,5.7716,1.1484,0.0000,0.0000,0.0000,0.0000,0.0000,0.0000,-920.490,-776.143,123.042,21.114,66.700,0.503182,0.430944,0.065873
1101,900.00,0.000,-12.514,8.4224,2.5089,65.0665,0.0000,19.2848,0.0000,0.0000,0.0000,0.0000,0.0000,0.0000,0.0000,0.7278,3.2198,11.7011,0.0000,0.0000,0.0000,0.0000,0.0000,0.0000,-135.809,-113.947,18.635,3.357,9.986,0.284421,0.035528,0.680052
1102,899.00,0.000,-12.530,55.2372,2.6168,57.1304,0.0000,27.0044,0.0000,0.0000,0.0000,0.0000,0.0000,0.0000,0.0000,8.9483,5.7726,1.1442,0.0000,0.0000,0.0000,0.0000,0.0000,0.0000,-920.198,-776.070,122.961,21.109,66.680,0.503267,0.431102,0.065631
1102,899.00,0.000,-12.530,8.4363,2.5089,65.0686,0.0000,19.2812,0.0000,0.0000,0.0000,0.0000,0.0000,0.0000,0.0000,0.7243,3.2150,11.7109,0.0000,0.0000,0.0000,0.0000,0.0000,0.0000,-136.010,-114.142,18.656,3.363,10.002,0.284007,0.035357,0.680636
1103,898.00,0.000,-12.547,55.2262,2.6169,57.1272,0.0000,27.0075,0.0000,0.0000,0.0000,0.0000,0.0000,0.0000,0.0000,8.9516,5.7736,1.1400,0.0000,0.0000,0.0000,0.0000,0.0000,0.0000,-919.905,-775.996,122.879,21.104,66.661,0.503351,0.431258,0.065390
1103,898.00,0.000,-12.547,8.4501,2.5089,65.0708,0.0000,19.2775,0.0000,0.0000,0.0000,0.0000,0.0000,0.0000,0.0000,0.7208,3.2103,11.7206,0.0000,0.0000,0.0000,0.0000,0.0000,0.0000,-136.210,-114.336,18.678,3.368,10.017,0.283594,0.035187,0.681219
1104,897.00,0.000,-12.563,55.2153,2.6170,57.1241,0.0000,27.0106,0.0000,0.0000,0.0000,0.0000,0.0000,0.0000,0.0000,8.9549,5.7746,1.1358,0.0000,0.0000,0.0000,0.0000,0.0000,0.0000,-919.612,-775.921,122.797,21.099,66.641,0.503436,0.431414,0.065150
1104,897.00,0.000,-12.563,8.4639,2.5089,65.0729,0.0000,19.2739,0.0000,0.0000,0.0000,0.0000,0.0000,0.0000,0.0000,0.7173,3.2055,11.7304,0.0000,0.0000,0.0000,0.0000,0.0000,0.0000,-136.409,-114.528,18.699,3.373,10.033,0.283181,0.035018,0.681801
1105,896.00,0.000,-12.579,55.2044,2.6171,57.1209,0.0000,27.0136,0.0000,0.0000,0.0000,0.0000,0.0000,0.0000,0.0000,8.9581,5.7756,1.1317,0.0000,0.0000,0.0000,0.0000,0.0000,0.0000,-919.319,-775.847,122.715,21.094,66.621,0.503522,0.431567,0.064911
1105,896.00,0.000,-12.579,8.4775,2.5090,65.0750,0.0000,19.2703,0.0000,0.0000,0.0000,0.0000,0.0000,0.0000,0.0000,0.7138,3.2007,11.7401,0.0000,0.0000,0.0000,0.0000,0.0000,0.0000,-136.606,-114.720,18.720,3.379,10.048,0.282769,0.034849,0.682382
1106,895.00,0.000,-12.595,55.1934,2.6172,57.1178,0.0000,27.0167,0.0000,0.0000,0.0000,0.0000,0.0000,0.0000,0.0000,8.9614,5.7766,1.1275,0.0000,0.0000,0.0000,0.0000,0.0000,0.0000,-919.025,-775.772,122.633,21.089,66.601,0.503608,0.431720,0.064672
1106,895.00,0.000,-12.595,8.4911,2.5090,65.0771,0.0000,19.2667,0.0000,0.0000,0.0000,0.0000,0.0000,0.0000,0.0000,0.7104,3.1960,11.7498,0.0000,0.0000,0.0000,0.0000,0.0000,0.0000,-136.802,-114.910,18.741,3.384,10.063,0.282356,0.034681,0.682963
1107,894.00,0.000,-12.612,55.1825,2.6173,57.1148,0.0000,27.0197,0.0000,0.0000,0.0000,0.0000,0.0000,0.0000,0.0000,8.9645,5.7777,1.1234,0.0000,0.0000,0.0000,0.0000,0.0000,0.0000,-918.732,-775.697,122.551,21.084,66.582,0.503695,0.431871,0.064434
1107,894.00,0.000,-12.612,8.5046,2.5090,65.0792,0.0000,19.2631,0.0000,0.0000,0.0000,0.0000,0.0000,0.0000,0.0000,0.7069,3.1913,11.7595,0.0000,0.0000,0.0000,0.0000,0.0000,0.0000,-136.996,-115.099,18.761,3.390,10.078,0.281943,0.034514,0.683543
1108,893.00,0.000,-12.628,55.1715,2.6174,57.1117,0.0000,27.0226,0.0000,0.0000,0.0000,0.0000,0.0000,0.0000,0.0000,8.9677,5.7787,1.1192,0.0000,0.0000,0.0000,0.0000,0.0000,0.0000,-918.438,-775.621,122.469,21.079,66.562,0.503782,0.432021,0.064197
1108,893.00,0.000,-12.628,8.5180,2.5090,65.0813,0.0000,19.2596,0.0000,0.0000,0.0000,0.0000,0.0000,0.0000,0.0000,0.7035,3.1865,11.7691,0.0000,0.0000,0.0000,0.0000,0.0000,0.0000,-137.189,-115.287,18.781,3.395,10.093,0.281531,0.034347,0.684122
1109,892.00,0.000,-12.644,55.1604,2.6175,57.1087,0.0000,27.0256,0.0000,0.0000,0.0000,0.0000,0.0000,0.0000,0.0000,8.9708,5.7797,1.1151,0.0000,0.0000,0.0000,0.0000,0.0000,0.0000,-918.143,-775.545,122.386,21.073,66.542,0.503870,0.432169,0.063961
1109,892.00,0.000,-12.644,8.5313,2.5090,65.0833,0.0000,19.2560,0.0000,0.0000,0.0000,0.0000,0.0000,0.0000,0.0000,0.7001,3.1818,11.7788,0.0000,0.0000,0.0000,0.0000,0.0000,0.0000,-137.381,-115.474,18.801,3.400,10.108,0.281119,0.034181,0.684700
1110,891.00,0.000,-12.661,55.1494,2.6176,57.1058,0.0000,27.0285,0.0000,0.0000,0.0000,0.0000,0.0000,0.0000,0.0000,8.9739,5.7808,1.1110,0.0000,0.0000,0.0000,0.0000,0.0000,0.0000,-917.849,-775.468,122.304,21.068,66.522,0.503958,0.432316,0.063726
1110,891.00,0.000,-12.661,8.5446,2.5091,65.0854,0.0000,19.2525,0.0000,0.0000,0.0000,0.0000,0.0000,0.0000,0.0000,0.6967,3.1770,11.7885,0.0000,0.0000,0.0000,0.0000,0.0000,0.0000,-137.571,-115.660,18.821,3.405,10.123,0.280706,0.034016,0.685278
