Index,T (C),P (kbars),log(10) f O2,mass (gm),rho (gm/cc),wt% SiO2,wt% TiO2,wt% Al2O3,wt% Fe2O3,wt% Cr2O3,wt% FeO,wt% MnO,wt% MgO,wt% NiO,wt% CoO,wt% CaO,wt% Na2O,wt% K2O,wt% P2O5,wt% H2O,wt% CO2,wt% SO3,wt% Cl2O-1,wt% F2O-1,G (kJ),H (kJ),S (J/K),V (cc),Cp (J/K),     diopside,clinoenstatit, hedenbergite,alumino-buffo,    buffonite,     essenite,      jadeite
858,1143.00,0.000,-8.969,0.3329,3.2811,53.9742,0.0602,2.0551,0.7578,0.0000,14.7516,0.0000,26.6959,0.0000,0.0000,1.6843,0.0209,0.0000,0.0000,0.0000,0.0000,0.0000,0.0000,0.0000,-5.219,-4.101,0.789,0.101,0.413,-0.434386,0.933505,0.444599,0.034270,-0.031006,0.051558,0.001462
859,1142.00,0.000,-8.982,0.5763,3.2826,53.9467,0.0601,2.0467,0.7597,0.0000,14.8673,0.0000,26.6075,0.0000,0.0000,1.6911,0.0210,0.0000,0.0000,0.0000,0.0000,0.0000,0.0000,0.0000,-9.024,-7.092,1.365,0.176,0.714,-0.437702,0.933199,0.448342,0.034080,-0.030821,0.051436,0.001466
860,1141.00,0.000,-8.994,0.8158,3.2842,53.9191,0.0600,2.0384,0.7616,0.0000,14.9831,0.0000,26.5189,0.0000,0.0000,1.6979,0.0210,0.0000,0.0000,0.0000,0.0000,0.0000,0.0000,0.0000,-12.761,-10.030,1.932,0.248,1.011,-0.441030,0.932894,0.452094,0.033893,-0.030637,0.051316,0.001470
861,1140.00,0.000,-9.006,1.0517,3.2858,53.8914,0.0599,2.0302,0.7635,0.0000,15.0989,0.0000,26.4303,0.0000,0.0000,1.7047,0.0211,0.0000,0.0000,0.0000,0.0000,0.0000,0.0000,0.0000,-16.434,-12.917,2.489,0.320,1.302,-0.444368,0.932591,0.455854,0.033708,-0.030456,0.051198,0.001474
862,1139.00,0.000,-9.018,1.2840,3.2873,53.8637,0.0598,2.0221,0.7655,0.0000,15.2149,0.0000,26.3416,0.0000,0.0000,1.7114,0.0211,0.0000,0.0000,0.0000,0.0000,0.0000,0.0000,0.0000,-20.043,-15.755,3.037,0.391,1.589,-0.447717,0.932289,0.459621,0.033524,-0.030276,0.051083,0.001477
863,1138.00,0.000,-9.031,1.5129,3.2889,53.8358,0.0597,2.0141,0.7674,0.0000,15.3310,0.0000,26.2528,0.0000,0.0000,1.7181,0.0211,0.0000,0.0000,0.0000,0.0000,0.0000,0.0000,0.0000,-23.591,-18.545,3.576,0.460,1.871,-0.451077,0.931988,0.463395,0.033342,-0.030099,0.050970,0.001481
864,1137.00,0.000,-9.043,1.7384,3.2905,53.8079,0.0596,2.0061,0.7693,0.0000,15.4472,0.0000,26.1640,0.0000,0.0000,1.7247,0.0212,0.0000,0.0000,0.0000,0.0000,0.0000,0.0000,0.0000,-27.079,-21.288,4.106,0.528,2.149,-0.454448,0.931688,0.467177,0.033162,-0.029923,0.050859,0.001485
865,1136.00,0.000,-9.055,1.9607,3.2921,53.7798,0.0594,1.9983,0.7713,0.0000,15.5635,0.0000,26.0751,0.0000,0.0000,1.7313,0.0212,0.0000,0.0000,0.0000,0.0000,0.0000,0.0000,0.0000,-30.509,-23.987,4.629,0.596,2.422,-0.457828,0.931389,0.470966,0.032983,-0.029749,0.050750,0.001488
866,1135.00,0.000,-9.068,2.1798,3.2937,53.7518,0.0593,1.9906,0.7732,0.0000,15.6798,0.0000,25.9861,0.0000,0.0000,1.7379,0.0212,0.0000,0.0000,0.0000,0.0000,0.0000,0.0000,0.0000,-33.883,-26.641,5.143,0.662,2.691,-0.461219,0.931092,0.474762,0.032806,-0.029576,0.050643,0.001492
867,1134.00,0.000,-9.080,2.3959,3.2952,53.7236,0.0592,1.9830,0.7752,0.0000,15.7962,0.0000,25.8970,0.0000,0.0000,1.7445,0.0213,0.0000,0.0000,0.0000,0.0000,0.0000,0.0000,0.0000,-37.203,-29.253,5.649,0.727,2.956,-0.464619,0.930796,0.478564,0.032631,-0.029405,0.050538,0.001495
868,1133.00,0.000,-9.092,2.6091,3.2968,53.6954,0.0591,1.9754,0.7772,0.0000,15.9127,0.0000,25.8079,0.0000,0.0000,1.7510,0.0213,0.0000,0.0000,0.0000,0.0000,0.0000,0.0000,0.0000,-40.469,-31.824,6.148,0.791,3.217,-0.468029,0.930501,0.482373,0.032458,-0.029236,0.050435,0.001498
869,1132.00,0.000,-9.105,2.8193,3.2984,53.6670,0.0590,1.9680,0.7792,0.0000,16.0293,0.0000,25.7188,0.0000,0.0000,1.7574,0.0213,0.0000,0.0000,0.0000,0.0000,0.0000,0.0000,0.0000,-43.684,-34.354,6.639,0.855,3.475,-0.471449,0.930207,0.486188,0.032286,-0.029068,0.050335,0.001501
870,1131.00,0.000,-9.117,3.0268,3.3000,53.6387,0.0589,1.9606,0.7812,0.0000,16.1458,0.0000,25.6296,0.0000,0.0000,1.7638,0.0214,0.0000,0.0000,0.0000,0.0000,0.0000,0.0000,0.0000,-46.848,-36.845,7.124,0.917,3.728,-0.474877,0.929915,0.490010,0.032115,-0.028902,0.050236,0.001504
871,1130.00,0.000,-9.129,3.2315,3.3016,53.6102,0.0588,1.9533,0.7832,0.0000,16.2625,0.0000,25.5404,0.0000,0.0000,1.7702,0.0214,0.0000,0.0000,0.0000,0.0000,0.0000,0.0000,0.0000,-49.964,-39.298,7.601,0.979,3.978,-0.478315,0.929624,0.493837,0.031946,-0.028738,0.050139,0.001507
872,1129.00,0.000,-9.142,3.4336,3.3032,53.5818,0.0586,1.9461,0.7852,0.0000,16.3791,0.0000,25.4511,0.0000,0.0000,1.7766,0.0214,0.0000,0.0000,0.0000,0.0000,0.0000,0.0000,0.0000,-53.032,-41.714,8.071,1.039,4.224,-0.481761,0.929334,0.497669,0.031779,-0.028575,0.050043,0.001510
873,1128.00,0.000,-9.154,3.6332,3.3048,53.5532,0.0585,1.9390,0.7873,0.0000,16.4958,0.0000,25.3619,0.0000,0.0000,1.7829,0.0215,0.0000,0.0000,0.0000,0.0000,0.0000,0.0000,0.0000,-56.053,-44.094,8.535,1.099,4.467,-0.485215,0.929045,0.501507,0.031613,-0.028413,0.049950,0.001513
874,1127.00,0.000,-9.167,3.8302,3.3064,53.5246,0.0584,1.9319,0.7893,0.0000,16.6125,0.0000,25.2726,0.0000,0.0000,1.7891,0.0215,0.0000,0.0000,0.0000,0.0000,0.0000,0.0000,0.0000,-59.030,-46.439,8.993,1.158,4.706,-0.488678,0.928758,0.505350,0.031448,-0.028253,0.049858,0.001516
875,1126.00,0.000,-9.179,4.0248,3.3080,53.4960,0.0583,1.9250,0.7914,0.0000,16.7293,0.0000,25.1833,0.0000,0.0000,1.7953,0.0215,0.0000,0.0000,0.0000,0.0000,0.0000,0.0000,0.0000,-61.963,-48.750,9.444,1.217,4.942,-0.492148,0.928472,0.509198,0.031285,-0.028094,0.049768,0.001518
876,1125.00,0.000,-9.192,4.2171,3.3097,53.4673,0.0582,1.9181,0.7934,0.0000,16.8460,0.0000,25.0940,0.0000,0.0000,1.8015,0.0215,0.0000,0.0000,0.0000,0.0000,0.0000,0.0000,0.0000,-64.854,-51.028,9.889,1.274,5.175,-0.495626,0.928187,0.513051,0.031123,-0.027936,0.049680,0.001521
877,1124.00,0.000,-9.204,4.4071,3.3113,53.4385,0.0581,1.9112,0.7955,0.0000,16.9627,0.0000,25.0047,0.0000,0.0000,1.8077,0.0216,0.0000,0.0000,0.0000,0.0000,0.0000,0.0000,0.0000,-67.703,-53.273,10.328,1.331,5.405,-0.499111,0.927904,0.516908,0.030962,-0.027780,0.049593,0.001523
878,1123.00,0.000,-9.217,4.5949,3.3129,53.4097,0.0580,1.9045,0.7976,0.0000,17.0794,0.0000,24.9154,0.0000,0.0000,1.8138,0.0216,0.0000,0.0000,0.0000,0.0000,0.0000,0.0000,0.0000,-70.512,-55.487,10.761,1.387,5.632,-0.502603,0.927622,0.520769,0.030803,-0.027625,0.049508,0.001526
1091,910.00,0.000,-12.355,0.7325,3.4911,50.9887,0.0235,1.2342,0.5873,0.0000,28.5853,0.0000,17.0707,0.0000,0.0000,1.4981,0.0122,0.0000,0.0000,0.0000,0.0000,0.0000,0.0000,0.0000,-9.919,-8.107,1.531,0.210,0.839,-0.895393,0.937287,0.920459,0.019721,-0.018358,0.035374,0.000910
1092,909.00,0.000,-12.371,1.4605,3.4926,50.9631,0.0234,1.2379,0.5905,0.0000,28.6719,0.0000,17.0107,0.0000,0.0000,1.4902,0.0122,0.0000,0.0000,0.0000,0.0000,0.0000,0.0000,0.0000,-19.758,-16.151,3.051,0.418,1.673,-0.899024,0.937591,0.923641,0.019767,-0.018410,0.035527,0.000907
1093,908.00,0.000,-12.387,2.1876,3.4940,50.9375,0.0233,1.2418,0.5938,0.0000,28.7586,0.0000,16.9507,0.0000,0.0000,1.4822,0.0121,0.0000,0.0000,0.0000,0.0000,0.0000,0.0000,0.0000,-29.568,-24.173,4.567,0.626,2.504,-0.902660,0.937895,0.926828,0.019813,-0.018462,0.035681,0.000905
1094,907.00,0.000,-12.402,2.9139,3.4954,50.9118,0.0232,1.2456,0.5971,0.0000,28.8453,0.0000,16.8906,0.0000,0.0000,1.4743,0.0121,0.0000,0.0000,0.0000,0.0000,0.0000,0.0000,0.0000,-39.348,-32.173,6.080,0.834,3.334,-0.906301,0.938198,0.930019,0.019859,-0.018513,0.035836,0.000903
1095,906.00,0.000,-12.418,3.6392,3.4969,50.8862,0.0231,1.2494,0.6004,0.0000,28.9320,0.0000,16.8305,0.0000,0.0000,1.4664,0.0120,0.0000,0.0000,0.0000,0.0000,0.0000,0.0000,0.0000,-49.098,-40.151,7.588,1.041,4.162,-0.909946,0.938501,0.933214,0.019905,-0.018565,0.035991,0.000900
1096,905.00,0.000,-12.434,4.3637,3.4983,50.8605,0.0230,1.2533,0.6037,0.0000,29.0187,0.0000,16.7703,0.0000,0.0000,1.4585,0.0120,0.0000,0.0000,0.0000,0.0000,0.0000,0.0000,0.0000,-58.817,-48.105,9.093,1.247,4.988,-0.913596,0.938804,0.936413,0.019951,-0.018617,0.036147,0.000898
1097,904.00,0.000,-12.450,5.0871,3.4997,50.8347,0.0229,1.2572,0.6071,0.0000,29.1054,0.0000,16.7101,0.0000,0.0000,1.4506,0.0120,0.0000,0.0000,0.0000,0.0000,0.0000,0.0000,0.0000,-68.506,-56.036,10.593,1.454,5.812,-0.917250,0.939107,0.939615,0.019997,-0.018669,0.036304,0.000895
1098,903.00,0.000,-12.466,5.8096,3.5012,50.8090,0.0228,1.2611,0.6105,0.0000,29.1922,0.0000,16.6498,0.0000,0.0000,1.4428,0.0119,0.0000,0.0000,0.0000,0.0000,0.0000,0.0000,0.0000,-78.163,-63.944,12.090,1.659,6.635,-0.920907,0.939409,0.942821,0.020044,-0.018721,0.036462,0.000893
1099,902.00,0.000,-12.482,6.5311,3.5026,50.7832,0.0227,1.2650,0.6139,0.0000,29.2790,0.0000,16.5895,0.0000,0.0000,1.4349,0.0119,0.0000,0.0000,0.0000,0.0000,0.0000,0.0000,0.0000,-87.789,-71.828,13.582,1.865,7.455,-0.924569,0.939710,0.946030,0.020090,-0.018773,0.036621,0.000891
1100,901.00,0.000,-12.498,7.2516,3.5040,50.7574,0.0226,1.2689,0.6173,0.0000,29.3658,0.0000,16.5292,0.0000,0.0000,1.4271,0.0119,0.0000,0.0000,0.0000,0.0000,0.0000,0.0000,0.0000,-97.383,-79.689,15.070,2.069,8.273,-0.928234,0.940012,0.949243,0.020137,-0.018826,0.036780,0.000888
1101,900.00,0.000,-12.514,7.9710,3.5055,50.7315,0.0225,1.2728,0.6207,0.0000,29.4526,0.0000,16.4688,0.0000,0.0000,1.4193,0.0118,0.0000,0.0000,0.0000,0.0000,0.0000,0.0000,0.0000,-106.945,-87.524,16.554,2.274,9.090,-0.931902,0.940312,0.952459,0.020184,-0.018878,0.036940,0.000886
1102,899.00,0.000,-12.530,8.6893,3.5069,50.7056,0.0223,1.2768,0.6242,0.0000,29.5394,0.0000,16.4084,0.0000,0.0000,1.4115,0.0118,0.0000,0.0000,0.0000,0.0000,0.0000,0.0000,0.0000,-116.475,-95.336,18.034,2.478,9.904,-0.935574,0.940613,0.955678,0.020231,-0.018930,0.037100,0.000883
1103,898.00,0.000,-12.547,9.4065,3.5084,50.6797,0.0222,1.2808,0.6276,0.0000,29.6262,0.0000,16.3480,0.0000,0.0000,1.4037,0.0117,0.0000,0.0000,0.0000,0.0000,0.0000,0.0000,0.0000,-125.971,-103.122,19.510,2.681,10.716,-0.939249,0.940912,0.958899,0.020278,-0.018983,0.037262,0.000881
1104,897.00,0.000,-12.563,10.1226,3.5098,50.6538,0.0221,1.2847,0.6311,0.0000,29.7130,0.0000,16.2875,0.0000,0.0000,1.3959,0.0117,0.0000,0.0000,0.0000,0.0000,0.0000,0.0000,0.0000,-135.435,-110.884,20.981,2.884,11.526,-0.942927,0.941211,0.962124,0.020325,-0.019035,0.037424,0.000878
1105,896.00,0.000,-12.579,10.8375,3.5113,50.6279,0.0220,1.2887,0.6346,0.0000,29.7998,0.0000,16.2271,0.0000,0.0000,1.3882,0.0117,0.0000,0.0000,0.0000,0.0000,0.0000,0.0000,0.0000,-144.865,-118.620,22.448,3.086,12.334,-0.946607,0.941510,0.965351,0.020372,-0.019088,0.037587,0.000876
1106,895.00,0.000,-12.595,11.5512,3.5127,50.6020,0.0219,1.2927,0.6382,0.0000,29.8865,0.0000,16.1666,0.0000,0.0000,1.3805,0.0116,0.0000,0.0000,0.0000,0.0000,0.0000,0.0000,0.0000,-154.262,-126.331,23.910,3.288,13.140,-0.950290,0.941808,0.968581,0.020419,-0.019140,0.037750,0.000873
1107,894.00,0.000,-12.612,12.2637,3.5142,50.5760,0.0218,1.2967,0.6417,0.0000,29.9733,0.0000,16.1061,0.0000,0.0000,1.3728,0.0116,0.0000,0.0000,0.0000,0.0000,0.0000,0.0000,0.0000,-163.625,-134.017,25.368,3.490,13.944,-0.953976,0.942105,0.971813,0.020466,-0.019193,0.037914,0.000871
1108,893.00,0.000,-12.628,12.9750,3.5156,50.5500,0.0217,1.3007,0.6452,0.0000,30.0601,0.0000,16.0455,0.0000,0.0000,1.3651,0.0115,0.0000,0.0000,0.0000,0.0000,0.0000,0.0000,0.0000,-172.954,-141.676,26.822,3.691,14.745,-0.957663,0.942402,0.975047,0.020514,-0.019246,0.038079,0.000868
1109,892.00,0.000,-12.644,13.6851,3.5171,50.5240,0.0216,1.3048,0.6488,0.0000,30.1468,0.0000,15.9850,0.0000,0.0000,1.3575,0.0115,0.0000,0.0000,0.0000,0.0000,0.0000,0.0000,0.0000,-182.249,-149.309,28.271,3.891,15.545,-0.961353,0.942697,0.978283,0.020561,-0.019298,0.038244,0.000866
1110,891.00,0.000,-12.661,14.3938,3.5185,50.4980,0.0215,1.3088,0.6524,0.0000,30.2335,0.0000,15.9244,0.0000,0.0000,1.3499,0.0115,0.0000,0.0000,0.0000,0.0000,0.0000,0.0000,0.0000,-191.509,-156.917,29.715,4.091,16.342,-0.965044,0.942992,0.981522,0.020608,-0.019351,0.038409,0.000863
