Index,T (C),P (kbars),log(10) f O2,mass (gm),rho (gm/cc),wt% SiO2,wt% TiO2,wt% Al2O3,wt% Fe2O3,wt% Cr2O3,wt% FeO,wt% MnO,wt% MgO,wt% NiO,wt% CoO,wt% CaO,wt% Na2O,wt% K2O,wt% P2O5,wt% H2O,wt% CO2,wt% SO3,wt% Cl2O-1,wt% F2O-1,G (kJ),H (kJ),S (J/K),V (cc),Cp (J/K)
1047,954.00,0.000,-11.628,0.0329,2.5352,100.0000,0.0000,0.0000,0.0000,0.0000,0.0000,0.0000,0.0000,0.0000,0.0000,0.0000,0.0000,0.0000,0.0000,0.0000,0.0000,0.0000,0.0000,0.0000,-0.553,-0.465,0.071,0.013,0.039
1048,953.00,0.000,-11.644,0.2063,2.5352,100.0000,0.0000,0.0000,0.0000,0.0000,0.0000,0.0000,0.0000,0.0000,0.0000,0.0000,0.0000,0.0000,0.0000,0.0000,0.0000,0.0000,0.0000,0.0000,-3.470,-2.920,0.448,0.081,0.244
1049,952.00,0.000,-11.660,0.3757,2.5352,100.0000,0.0000,0.0000,0.0000,0.0000,0.0000,0.0000,0.0000,0.0000,0.0000,0.0000,0.0000,0.0000,0.0000,0.0000,0.0000,0.0000,0.0000,0.0000,-6.319,-5.319,0.816,0.148,0.444
1050,951.00,0.000,-11.677,0.5413,2.5352,100.0000,0.0000,0.0000,0.0000,0.0000,0.0000,0.0000,0.0000,0.0000,0.0000,0.0000,0.0000,0.0000,0.0000,0.0000,0.0000,0.0000,0.0000,0.0000,-9.102,-7.664,1.175,0.213,0.640
1051,950.00,0.000,-11.693,0.7031,2.5352,100.0000,0.0000,0.0000,0.0000,0.0000,0.0000,0.0000,0.0000,0.0000,0.0000,0.0000,0.0000,0.0000,0.0000,0.0000,0.0000,0.0000,0.0000,0.0000,-11.823,-9.956,1.526,0.277,0.831
1052,949.00,0.000,-11.709,0.8614,2.5352,100.0000,0.0000,0.0000,0.0000,0.0000,0.0000,0.0000,0.0000,0.0000,0.0000,0.0000,0.0000,0.0000,0.0000,0.0000,0.0000,0.0000,0.0000,0.0000,-14.482,-12.199,1.868,0.340,1.018
1053,948.00,0.000,-11.726,1.0163,2.5352,100.0000,0.0000,0.0000,0.0000,0.0000,0.0000,0.0000,0.0000,0.0000,0.0000,0.0000,0.0000,0.0000,0.0000,0.0000,0.0000,0.0000,0.0000,0.0000,-17.084,-14.394,2.203,0.401,1.201
1054,947.00,0.000,-11.742,1.1679,2.5352,100.0000,0.0000,0.0000,0.0000,0.0000,0.0000,0.0000,0.0000,0.0000,0.0000,0.0000,0.0000,0.0000,0.0000,0.0000,0.0000,0.0000,0.0000,0.0000,-19.630,-16.542,2.531,0.461,1.380
1055,946.00,0.000,-11.758,1.3164,2.5352,100.0000,0.0000,0.0000,0.0000,0.0000,0.0000,0.0000,0.0000,0.0000,0.0000,0.0000,0.0000,0.0000,0.0000,0.0000,0.0000,0.0000,0.0000,0.0000,-22.123,-18.646,2.851,0.519,1.556
1056,945.00,0.000,-11.775,1.4618,2.5352,100.0000,0.0000,0.0000,0.0000,0.0000,0.0000,0.0000,0.0000,0.0000,0.0000,0.0000,0.0000,0.0000,0.0000,0.0000,0.0000,0.0000,0.0000,0.0000,-24.564,-20.708,3.165,0.577,1.728
1057,944.00,0.000,-11.791,1.6043,2.5352,100.0000,0.0000,0.0000,0.0000,0.0000,0.0000,0.0000,0.0000,0.0000,0.0000,0.0000,0.0000,0.0000,0.0000,0.0000,0.0000,0.0000,0.0000,0.0000,-26.955,-22.729,3.472,0.633,1.896
1058,943.00,0.000,-11.808,1.7440,2.5352,100.0000,0.0000,0.0000,0.0000,0.0000,0.0000,0.0000,0.0000,0.0000,0.0000,0.0000,0.0000,0.0000,0.0000,0.0000,0.0000,0.0000,0.0000,0.0000,-29.299,-24.711,3.773,0.688,2.061
1059,942.00,0.000,-11.824,1.8811,2.5352,100.0000,0.0000,0.0000,0.0000,0.0000,0.0000,0.0000,0.0000,0.0000,0.0000,0.0000,0.0000,0.0000,0.0000,0.0000,0.0000,0.0000,0.0000,0.0000,-31.597,-26.654,4.067,0.742,2.222
1060,941.00,0.000,-11.841,2.0155,2.5352,100.0000,0.0000,0.0000,0.0000,0.0000,0.0000,0.0000,0.0000,0.0000,0.0000,0.0000,0.0000,0.0000,0.0000,0.0000,0.0000,0.0000,0.0000,0.0000,-33.851,-28.562,4.356,0.795,2.381
1061,940.00,0.000,-11.858,2.1475,2.5352,100.0000,0.0000,0.0000,0.0000,0.0000,0.0000,0.0000,0.0000,0.0000,0.0000,0.0000,0.0000,0.0000,0.0000,0.0000,0.0000,0.0000,0.0000,0.0000,-36.063,-30.435,4.639,0.847,2.537
1062,939.00,0.000,-11.874,2.2771,2.5352,100.0000,0.0000,0.0000,0.0000,0.0000,0.0000,0.0000,0.0000,0.0000,0.0000,0.0000,0.0000,0.0000,0.0000,0.0000,0.0000,0.0000,0.0000,0.0000,-38.235,-32.274,4.917,0.898,2.690
1063,938.00,0.000,-11.891,2.4044,2.5352,100.0000,0.0000,0.0000,0.0000,0.0000,0.0000,0.0000,0.0000,0.0000,0.0000,0.0000,0.0000,0.0000,0.0000,0.0000,0.0000,0.0000,0.0000,0.0000,-40.367,-34.082,5.190,0.948,2.840
1064,937.00,0.000,-11.908,2.5295,2.5352,100.0000,0.0000,0.0000,0.0000,0.0000,0.0000,0.0000,0.0000,0.0000,0.0000,0.0000,0.0000,0.0000,0.0000,0.0000,0.0000,0.0000,0.0000,0.0000,-42.462,-35.858,5.457,0.998,2.987
1065,936.00,0.000,-11.924,2.6525,2.5352,100.0000,0.0000,0.0000,0.0000,0.0000,0.0000,0.0000,0.0000,0.0000,0.0000,0.0000,0.0000,0.0000,0.0000,0.0000,0.0000,0.0000,0.0000,0.0000,-44.521,-37.605,5.720,1.046,3.132
1066,935.00,0.000,-11.941,2.7735,2.5352,100.0000,0.0000,0.0000,0.0000,0.0000,0.0000,0.0000,0.0000,0.0000,0.0000,0.0000,0.0000,0.0000,0.0000,0.0000,0.0000,0.0000,0.0000,0.0000,-46.546,-39.323,5.978,1.094,3.275
1067,934.00,0.000,-11.958,2.8926,2.5352,100.0000,0.0000,0.0000,0.0000,0.0000,0.0000,0.0000,0.0000,0.0000,0.0000,0.0000,0.0000,0.0000,0.0000,0.0000,0.0000,0.0000,0.0000,0.0000,-48.538,-41.015,6.232,1.141,3.415
1068,933.00,0.000,-11.974,3.0098,2.5352,100.0000,0.0000,0.0000,0.0000,0.0000,0.0000,0.0000,0.0000,0.0000,0.0000,0.0000,0.0000,0.0000,0.0000,0.0000,0.0000,0.0000,0.0000,0.0000,-50.498,-42.680,6.482,1.187,3.553
1069,932.00,0.000,-11.991,3.1252,2.5352,100.0000,0.0000,0.0000,0.0000,0.0000,0.0000,0.0000,0.0000,0.0000,0.0000,0.0000,0.0000,0.0000,0.0000,0.0000,0.0000,0.0000,0.0000,0.0000,-52.427,-44.320,6.727,1.233,3.689
1070,931.00,0.000,-12.008,3.2389,2.5352,100.0000,0.0000,0.0000,0.0000,0.0000,0.0000,0.0000,0.0000,0.0000,0.0000,0.0000,0.0000,0.0000,0.0000,0.0000,0.0000,0.0000,0.0000,0.0000,-54.328,-45.937,6.969,1.278,3.823
1071,930.00,0.000,-12.025,3.3510,2.5352,100.0000,0.0000,0.0000,0.0000,0.0000,0.0000,0.0000,0.0000,0.0000,0.0000,0.0000,0.0000,0.0000,0.0000,0.0000,0.0000,0.0000,0.0000,0.0000,-56.201,-47.530,7.206,1.322,3.955
1072,929.00,0.000,-12.042,3.4615,2.5352,100.0000,0.0000,0.0000,0.0000,0.0000,0.0000,0.0000,0.0000,0.0000,0.0000,0.0000,0.0000,0.0000,0.0000,0.0000,0.0000,0.0000,0.0000,0.0000,-58.047,-49.102,7.441,1.365,4.085
1073,928.00,0.000,-12.059,3.5705,2.5352,100.0000,0.0000,0.0000,0.0000,0.0000,0.0000,0.0000,0.0000,0.0000,0.0000,0.0000,0.0000,0.0000,0.0000,0.0000,0.0000,0.0000,0.0000,0.0000,-59.867,-50.652,7.672,1.408,4.213
1074,927.00,0.000,-12.076,3.6781,2.5352,100.0000,0.0000,0.0000,0.0000,0.0000,0.0000,0.0000,0.0000,0.0000,0.0000,0.0000,0.0000,0.0000,0.0000,0.0000,0.0000,0.0000,0.0000,0.0000,-61.663,-52.183,7.899,1.451,4.340
1075,926.00,0.000,-12.093,3.7843,2.5352,100.0000,0.0000,0.0000,0.0000,0.0000,0.0000,0.0000,0.0000,0.0000,0.0000,0.0000,0.0000,0.0000,0.0000,0.0000,0.0000,0.0000,0.0000,0.0000,-63.436,-53.695,8.124,1.493,4.465
1076,925.00,0.000,-12.110,3.8893,2.5352,100.0000,0.0000,0.0000,0.0000,0.0000,0.0000,0.0000,0.0000,0.0000,0.0000,0.0000,0.0000,0.0000,0.0000,0.0000,0.0000,0.0000,0.0000,0.0000,-65.187,-55.189,8.345,1.534,4.588
1077,924.00,0.000,-12.127,3.9930,2.5352,100.0000,0.0000,0.0000,0.0000,0.0000,0.0000,0.0000,0.0000,0.0000,0.0000,0.0000,0.0000,0.0000,0.0000,0.0000,0.0000,0.0000,0.0000,0.0000,-66.917,-56.665,8.564,1.575,4.710
1078,923.00,0.000,-12.144,4.0956,2.5352,100.0000,0.0000,0.0000,0.0000,0.0000,0.0000,0.0000,0.0000,0.0000,0.0000,0.0000,0.0000,0.0000,0.0000,0.0000,0.0000,0.0000,0.0000,0.0000,-68.627,-58.125,8.780,1.615,4.831
1079,922.00,0.000,-12.161,4.1970,2.5352,100.0000,0.0000,0.0000,0.0000,0.0000,0.0000,0.0000,0.0000,0.0000,0.0000,0.0000,0.0000,0.0000,0.0000,0.0000,0.0000,0.0000,0.0000,0.0000,-70.318,-59.570,8.993,1.655,4.950
1080,921.00,0.000,-12.178,4.2974,2.5352,100.0000,0.0000,0.0000,0.0000,0.0000,0.0000,0.0000,0.0000,0.0000,0.0000,0.0000,0.0000,0.0000,0.0000,0.0000,0.0000,0.0000,0.0000,0.0000,-71.991,-61.000,9.204,1.695,5.068
1081,920.00,0.000,-12.195,4.3969,2.5352,100.0000,0.0000,0.0000,0.0000,0.0000,0.0000,0.0000,0.0000,0.0000,0.0000,0.0000,0.0000,0.0000,0.0000,0.0000,0.0000,0.0000,0.0000,0.0000,-73.647,-62.417,9.412,1.734,5.185
1082,919.00,0.000,-12.212,4.8920,2.5352,100.0000,0.0000,0.0000,0.0000,0.0000,0.0000,0.0000,0.0000,0.0000,0.0000,0.0000,0.0000,0.0000,0.0000,0.0000,0.0000,0.0000,0.0000,0.0000,-81.931,-69.452,10.468,1.930,5.768
1083,918.00,0.000,-12.230,5.7577,2.5352,100.0000,0.0000,0.0000,0.0000,0.0000,0.0000,0.0000,0.0000,0.0000,0.0000,0.0000,0.0000,0.0000,0.0000,0.0000,0.0000,0.0000,0.0000,0.0000,-96.417,-81.749,12.314,2.271,6.788
1084,917.00,0.000,-12.247,6.4472,2.5352,100.0000,0.0000,0.0000,0.0000,0.0000,0.0000,0.0000,0.0000,0.0000,0.0000,0.0000,0.0000,0.0000,0.0000,0.0000,0.0000,0.0000,0.0000,0.0000,-107.950,-91.546,13.783,2.543,7.600
1085,916.00,0.000,-12.264,9.1183,2.5352,100.0000,0.0000,0.0000,0.0000,0.0000,0.0000,0.0000,0.0000,0.0000,0.0000,0.0000,0.0000,0.0000,0.0000,0.0000,0.0000,0.0000,0.0000,0.0000,-152.653,-129.484,19.484,3.597,10.748
1086,915.00,0.000,-12.281,9.1195,2.5352,100.0000,0.0000,0.0000,0.0000,0.0000,0.0000,0.0000,0.0000,0.0000,0.0000,0.0000,0.0000,0.0000,0.0000,0.0000,0.0000,0.0000,0.0000,0.0000,-152.654,-129.512,19.477,3.597,10.749
1087,914.00,0.000,-12.295,9.1201,2.5352,100.0000,0.0000,0.0000,0.0000,0.0000,0.0000,0.0000,0.0000,0.0000,0.0000,0.0000,0.0000,0.0000,0.0000,0.0000,0.0000,0.0000,0.0000,0.0000,-152.645,-129.532,19.469,3.597,10.749
1088,913.00,0.000,-12.310,9.1208,2.5352,100.0000,0.0000,0.0000,0.0000,0.0000,0.0000,0.0000,0.0000,0.0000,0.0000,0.0000,0.0000,0.0000,0.0000,0.0000,0.0000,0.0000,0.0000,0.0000,-152.637,-129.552,19.462,3.598,10.748
1089,912.00,0.000,-12.325,9.1214,2.5352,100.0000,0.0000,0.0000,0.0000,0.0000,0.0000,0.0000,0.0000,0.0000,0.0000,0.0000,0.0000,0.0000,0.0000,0.0000,0.0000,0.0000,0.0000,0.0000,-152.628,-129.572,19.454,3.598,10.748
1090,911.00,0.000,-12.339,9.1221,2.5352,100.0000,0.0000,0.0000,0.0000,0.0000,0.0000,0.0000,0.0000,0.0000,0.0000,0.0000,0.0000,0.0000,0.0000,0.0000,0.0000,0.0000,0.0000,0.0000,-152.620,-129.592,19.446,3.598,10.748
1091,910.00,0.000,-12.355,9.1239,2.5352,100.0000,0.0000,0.0000,0.0000,0.0000,0.0000,0.0000,0.0000,0.0000,0.0000,0.0000,0.0000,0.0000,0.0000,0.0000,0.0000,0.0000,0.0000,0.0000,-152.630,-129.628,19.441,3.599,10.749
1092,909.00,0.000,-12.371,9.1257,2.5352,100.0000,0.0000,0.0000,0.0000,0.0000,0.0000,0.0000,0.0000,0.0000,0.0000,0.0000,0.0000,0.0000,0.0000,0.0000,0.0000,0.0000,0.0000,0.0000,-152.641,-129.665,19.436,3.600,10.750
1093,908.00,0.000,-12.387,9.1276,2.5352,100.0000,0.0000,0.0000,0.0000,0.0000,0.0000,0.0000,0.0000,0.0000,0.0000,0.0000,0.0000,0.0000,0.0000,0.0000,0.0000,0.0000,0.0000,0.0000,-152.653,-129.702,19.431,3.600,10.751
1094,907.00,0.000,-12.402,9.1295,2.5352,100.0000,0.0000,0.0000,0.0000,0.0000,0.0000,0.0000,0.0000,0.0000,0.0000,0.0000,0.0000,0.0000,0.0000,0.0000,0.0000,0.0000,0.0000,0.0000,-152.666,-129.740,19.426,3.601,10.753
1095,906.00,0.000,-12.418,9.1315,2.5352,100.0000,0.0000,0.0000,0.0000,0.0000,0.0000,0.0000,0.0000,0.0000,0.0000,0.0000,0.0000,0.0000,0.0000,0.0000,0.0000,0.0000,0.0000,0.0000,-152.679,-129.779,19.421,3.602,10.754
1096,905.00,0.000,-12.434,9.1335,2.5352,100.0000,0.0000,0.0000,0.0000,0.0000,0.0000,0.0000,0.0000,0.0000,0.0000,0.0000,0.0000,0.0000,0.0000,0.0000,0.0000,0.0000,0.0000,0.0000,-152.693,-129.818,19.416,3.603,10.755
1097,904.00,0.000,-12.450,9.1355,2.5352,100.0000,0.0000,0.0000,0.0000,0.0000,0.0000,0.0000,0.0000,0.0000,0.0000,0.0000,0.0000,0.0000,0.0000,0.0000,0.0000,0.0000,0.0000,0.0000,-152.709,-129.859,19.411,3.603,10.757
1098,903.00,0.000,-12.466,9.1377,2.5352,100.0000,0.0000,0.0000,0.0000,0.0000,0.0000,0.0000,0.0000,0.0000,0.0000,0.0000,0.0000,0.0000,0.0000,0.0000,0.0000,0.0000,0.0000,0.0000,-152.725,-129.899,19.407,3.604,10.758
1099,902.00,0.000,-12.482,9.1398,2.5352,100.0000,0.0000,0.0000,0.0000,0.0000,0.0000,0.0000,0.0000,0.0000,0.0000,0.0000,0.0000,0.0000,0.0000,0.0000,0.0000,0.0000,0.0000,0.0000,-152.742,-129.941,19.402,3.605,10.760
1100,901.00,0.000,-12.498,9.1421,2.5352,100.0000,0.0000,0.0000,0.0000,0.0000,0.0000,0.0000,0.0000,0.0000,0.0000,0.0000,0.0000,0.0000,0.0000,0.0000,0.0000,0.0000,0.0000,0.0000,-152.759,-129.984,19.398,3.606,10.762
1101,900.00,0.000,-12.514,9.1443,2.5352,100.0000,0.0000,0.0000,0.0000,0.0000,0.0000,0.0000,0.0000,0.0000,0.0000,0.0000,0.0000,0.0000,0.0000,0.0000,0.0000,0.0000,0.0000,0.0000,-152.778,-130.027,19.393,3.607,10.763
1102,899.00,0.000,-12.530,9.1467,2.5352,100.0000,0.0000,0.0000,0.0000,0.0000,0.0000,0.0000,0.0000,0.0000,0.0000,0.0000,0.0000,0.0000,0.0000,0.0000,0.0000,0.0000,0.0000,0.0000,-152.798,-130.071,19.389,3.608,10.765
1103,898.00,0.000,-12.547,9.1491,2.5352,100.0000,0.0000,0.0000,0.0000,0.0000,0.0000,0.0000,0.0000,0.0000,0.0000,0.0000,0.0000,0.0000,0.0000,0.0000,0.0000,0.0000,0.0000,0.0000,-152.818,-130.116,19.385,3.609,10.767
1104,897.00,0.000,-12.563,9.1515,2.5352,100.0000,0.0000,0.0000,0.0000,0.0000,0.0000,0.0000,0.0000,0.0000,0.0000,0.0000,0.0000,0.0000,0.0000,0.0000,0.0000,0.0000,0.0000,0.0000,-152.840,-130.161,19.381,3.610,10.769
1105,896.00,0.000,-12.579,9.1540,2.5352,100.0000,0.0000,0.0000,0.0000,0.0000,0.0000,0.0000,0.0000,0.0000,0.0000,0.0000,0.0000,0.0000,0.0000,0.0000,0.0000,0.0000,0.0000,0.0000,-152.863,-130.208,19.377,3.611,10.771
1106,895.00,0.000,-12.595,9.1566,2.5352,100.0000,0.0000,0.0000,0.0000,0.0000,0.0000,0.0000,0.0000,0.0000,0.0000,0.0000,0.0000,0.0000,0.0000,0.0000,0.0000,0.0000,0.0000,0.0000,-152.886,-130.255,19.373,3.612,10.773
1107,894.00,0.000,-12.612,9.1593,2.5352,100.0000,0.0000,0.0000,0.0000,0.0000,0.0000,0.0000,0.0000,0.0000,0.0000,0.0000,0.0000,0.0000,0.0000,0.0000,0.0000,0.0000,0.0000,0.0000,-152.911,-130.303,19.370,3.613,10.775
1108,893.00,0.000,-12.628,9.1619,2.5352,100.0000,0.0000,0.0000,0.0000,0.0000,0.0000,0.0000,0.0000,0.0000,0.0000,0.0000,0.0000,0.0000,0.0000,0.0000,0.0000,0.0000,0.0000,0.0000,-152.936,-130.352,19.366,3.614,10.777
1109,892.00,0.000,-12.644,9.1647,2.5352,100.0000,0.0000,0.0000,0.0000,0.0000,0.0000,0.0000,0.0000,0.0000,0.0000,0.0000,0.0000,0.0000,0.0000,0.0000,0.0000,0.0000,0.0000,0.0000,-152.963,-130.402,19.363,3.615,10.779
1110,891.00,0.000,-12.661,9.1675,2.5352,100.0000,0.0000,0.0000,0.0000,0.0000,0.0000,0.0000,0.0000,0.0000,0.0000,0.0000,0.0000,0.0000,0.0000,0.0000,0.0000,0.0000,0.0000,0.0000,-152.991,-130.453,19.359,3.616,10.781
