Index,T (C),P (kbars),log(10) f O2,mass (gm),rho (gm/cc),wt% SiO2,wt% TiO2,wt% Al2O3,wt% Fe2O3,wt% Cr2O3,wt% FeO,wt% MnO,wt% MgO,wt% NiO,wt% CoO,wt% CaO,wt% Na2O,wt% K2O,wt% P2O5,wt% H2O,wt% CO2,wt% SO3,wt% Cl2O-1,wt% F2O-1,G (kJ),H (kJ),S (J/K),V (cc),Cp (J/K),   geikielite,     hematite,     ilmenite,  pyrophanite,     corundum
991,1010.00,0.000,-10.758,0.2233,4.5654,0.0000,47.6162,2.8844,10.0257,0.0000,32.8910,2.3485,4.2341,0.0000,0.0000,0.0000,0.0000,0.0000,0.0000,0.0000,0.0000,0.0000,0.0000,0.0000,-2.324,-1.749,0.448,0.049,0.213,0.152911,0.091382,0.666344,0.048187,0.041176
992,1009.00,0.000,-10.773,0.2577,4.5664,0.0000,47.6135,2.8734,10.0260,0.0000,32.9189,2.3545,4.2137,0.0000,0.0000,0.0000,0.0000,0.0000,0.0000,0.0000,0.0000,0.0000,0.0000,0.0000,-2.681,-2.018,0.517,0.056,0.246,0.152205,0.091402,0.667045,0.048320,0.041027
993,1008.00,0.000,-10.788,0.2908,4.5672,0.0000,47.6102,2.8641,10.0259,0.0000,32.9456,2.3606,4.1936,0.0000,0.0000,0.0000,0.0000,0.0000,0.0000,0.0000,0.0000,0.0000,0.0000,0.0000,-3.023,-2.277,0.583,0.064,0.278,0.151507,0.091419,0.667716,0.048456,0.040902
994,1007.00,0.000,-10.803,0.3238,4.5681,0.0000,47.6070,2.8548,10.0257,0.0000,32.9723,2.3666,4.1736,0.0000,0.0000,0.0000,0.0000,0.0000,0.0000,0.0000,0.0000,0.0000,0.0000,0.0000,-3.365,-2.534,0.649,0.071,0.309,0.150815,0.091435,0.668384,0.048588,0.040778
995,1006.00,0.000,-10.818,0.3567,4.5690,0.0000,47.6039,2.8457,10.0254,0.0000,32.9989,2.3725,4.1538,0.0000,0.0000,0.0000,0.0000,0.0000,0.0000,0.0000,0.0000,0.0000,0.0000,0.0000,-3.704,-2.790,0.714,0.078,0.340,0.150126,0.091450,0.669051,0.048718,0.040655
996,1005.00,0.000,-10.833,0.3895,4.5698,0.0000,47.6008,2.8366,10.0250,0.0000,33.0254,2.3782,4.1341,0.0000,0.0000,0.0000,0.0000,0.0000,0.0000,0.0000,0.0000,0.0000,0.0000,0.0000,-4.042,-3.046,0.780,0.085,0.372,0.149442,0.091464,0.669716,0.048845,0.040533
997,1004.00,0.000,-10.848,0.4221,4.5707,0.0000,47.5978,2.8275,10.0245,0.0000,33.0519,2.3838,4.1145,0.0000,0.0000,0.0000,0.0000,0.0000,0.0000,0.0000,0.0000,0.0000,0.0000,0.0000,-4.379,-3.300,0.844,0.092,0.403,0.148763,0.091476,0.670379,0.048970,0.040411
998,1003.00,0.000,-10.863,0.4547,4.5716,0.0000,47.5948,2.8186,10.0239,0.0000,33.0783,2.3893,4.0951,0.0000,0.0000,0.0000,0.0000,0.0000,0.0000,0.0000,0.0000,0.0000,0.0000,0.0000,-4.714,-3.554,0.909,0.099,0.434,0.148088,0.091488,0.671041,0.049092,0.040291
999,1002.00,0.000,-10.878,0.4871,4.5724,0.0000,47.5919,2.8097,10.0233,0.0000,33.1047,2.3947,4.0757,0.0000,0.0000,0.0000,0.0000,0.0000,0.0000,0.0000,0.0000,0.0000,0.0000,0.0000,-5.048,-3.806,0.974,0.107,0.464,0.147417,0.091499,0.671701,0.049212,0.040171
1000,1001.00,0.000,-10.893,0.5195,4.5732,0.0000,47.5891,2.8009,10.0225,0.0000,33.1310,2.4000,4.0566,0.0000,0.0000,0.0000,0.0000,0.0000,0.0000,0.0000,0.0000,0.0000,0.0000,0.0000,-5.380,-4.058,1.038,0.114,0.495,0.146750,0.091509,0.672359,0.049329,0.040053
1001,1000.00,0.000,-10.908,0.5517,4.5741,0.0000,47.5863,2.7921,10.0216,0.0000,33.1573,2.4051,4.0375,0.0000,0.0000,0.0000,0.0000,0.0000,0.0000,0.0000,0.0000,0.0000,0.0000,0.0000,-5.711,-4.308,1.102,0.121,0.526,0.146087,0.091518,0.673016,0.049444,0.039935
1002,999.00,0.000,-10.923,0.5839,4.5749,0.0000,47.5836,2.7835,10.0207,0.0000,33.1835,2.4102,4.0186,0.0000,0.0000,0.0000,0.0000,0.0000,0.0000,0.0000,0.0000,0.0000,0.0000,0.0000,-6.040,-4.558,1.165,0.128,0.556,0.145428,0.091526,0.673671,0.049556,0.039818
1003,998.00,0.000,-10.938,0.6159,4.5757,0.0000,47.5810,2.7748,10.0196,0.0000,33.2097,2.4151,3.9998,0.0000,0.0000,0.0000,0.0000,0.0000,0.0000,0.0000,0.0000,0.0000,0.0000,0.0000,-6.369,-4.807,1.229,0.135,0.587,0.144774,0.091533,0.674325,0.049666,0.039702
1004,997.00,0.000,-10.953,0.6478,4.5766,0.0000,47.5784,2.7663,10.0185,0.0000,33.2359,2.4199,3.9811,0.0000,0.0000,0.0000,0.0000,0.0000,0.0000,0.0000,0.0000,0.0000,0.0000,0.0000,-6.695,-5.055,1.292,0.142,0.617,0.144123,0.091539,0.674977,0.049774,0.039587
1005,996.00,0.000,-10.969,0.6797,4.5774,0.0000,47.5759,2.7578,10.0172,0.0000,33.2620,2.4246,3.9625,0.0000,0.0000,0.0000,0.0000,0.0000,0.0000,0.0000,0.0000,0.0000,0.0000,0.0000,-7.021,-5.302,1.355,0.148,0.647,0.143477,0.091544,0.675628,0.049879,0.039472
1006,995.00,0.000,-10.984,0.7114,4.5782,0.0000,47.5735,2.7494,10.0159,0.0000,33.2880,2.4291,3.9441,0.0000,0.0000,0.0000,0.0000,0.0000,0.0000,0.0000,0.0000,0.0000,0.0000,0.0000,-7.345,-5.548,1.417,0.155,0.677,0.142835,0.091548,0.676277,0.049982,0.039359
1007,994.00,0.000,-10.999,0.7431,4.5790,0.0000,47.5711,2.7410,10.0145,0.0000,33.3140,2.4336,3.9257,0.0000,0.0000,0.0000,0.0000,0.0000,0.0000,0.0000,0.0000,0.0000,0.0000,0.0000,-7.668,-5.793,1.480,0.162,0.707,0.142196,0.091551,0.676924,0.050083,0.039246
1008,993.00,0.000,-11.014,0.7746,4.5798,0.0000,47.5688,2.7327,10.0130,0.0000,33.3400,2.4380,3.9075,0.0000,0.0000,0.0000,0.0000,0.0000,0.0000,0.0000,0.0000,0.0000,0.0000,0.0000,-7.989,-6.037,1.542,0.169,0.737,0.141561,0.091553,0.677570,0.050182,0.039134
1009,992.00,0.000,-11.029,0.8061,4.5806,0.0000,47.5666,2.7245,10.0114,0.0000,33.3659,2.4422,3.8894,0.0000,0.0000,0.0000,0.0000,0.0000,0.0000,0.0000,0.0000,0.0000,0.0000,0.0000,-8.310,-6.281,1.604,0.176,0.767,0.140930,0.091555,0.678215,0.050278,0.039023
1010,991.00,0.000,-11.045,0.8375,4.5814,0.0000,47.5644,2.7163,10.0097,0.0000,33.3918,2.4464,3.8715,0.0000,0.0000,0.0000,0.0000,0.0000,0.0000,0.0000,0.0000,0.0000,0.0000,0.0000,-8.628,-6.523,1.665,0.183,0.796,0.140303,0.091555,0.678858,0.050372,0.038912
1011,990.00,0.000,-11.060,0.8688,4.5821,0.0000,47.5623,2.7082,10.0079,0.0000,33.4176,2.4504,3.8536,0.0000,0.0000,0.0000,0.0000,0.0000,0.0000,0.0000,0.0000,0.0000,0.0000,0.0000,-8.946,-6.765,1.727,0.190,0.826,0.139680,0.091554,0.679500,0.050464,0.038802
1012,989.00,0.000,-11.075,0.8789,4.5825,0.0000,47.5752,2.7009,9.9851,0.0000,33.4307,2.4617,3.8464,0.0000,0.0000,0.0000,0.0000,0.0000,0.0000,0.0000,0.0000,0.0000,0.0000,0.0000,-9.048,-6.844,1.746,0.192,0.835,0.139430,0.091353,0.679817,0.050700,0.038701
1013,988.00,0.000,-11.091,0.8870,4.5829,0.0000,47.5895,2.6937,9.9605,0.0000,33.4425,2.4736,3.8402,0.0000,0.0000,0.0000,0.0000,0.0000,0.0000,0.0000,0.0000,0.0000,0.0000,0.0000,-9.130,-6.908,1.762,0.194,0.843,0.139215,0.091133,0.680103,0.050948,0.038600
1014,987.00,0.000,-11.106,0.8950,4.5833,0.0000,47.6038,2.6866,9.9358,0.0000,33.4543,2.4854,3.8341,0.0000,0.0000,0.0000,0.0000,0.0000,0.0000,0.0000,0.0000,0.0000,0.0000,0.0000,-9.210,-6.971,1.777,0.195,0.850,0.139003,0.090914,0.680387,0.051195,0.038501
1015,986.00,0.000,-11.122,0.9029,4.5837,0.0000,47.6181,2.6795,9.9112,0.0000,33.4659,2.4972,3.8281,0.0000,0.0000,0.0000,0.0000,0.0000,0.0000,0.0000,0.0000,0.0000,0.0000,0.0000,-9.289,-7.033,1.792,0.197,0.858,0.138794,0.090694,0.680668,0.051441,0.038402
1016,985.00,0.000,-11.137,0.9107,4.5840,0.0000,47.6324,2.6725,9.8866,0.0000,33.4775,2.5089,3.8222,0.0000,0.0000,0.0000,0.0000,0.0000,0.0000,0.0000,0.0000,0.0000,0.0000,0.0000,-9.367,-7.094,1.806,0.199,0.865,0.138587,0.090475,0.680948,0.051685,0.038305
1017,984.00,0.000,-11.152,0.9184,4.5844,0.0000,47.6467,2.6656,9.8620,0.0000,33.4890,2.5205,3.8163,0.0000,0.0000,0.0000,0.0000,0.0000,0.0000,0.0000,0.0000,0.0000,0.0000,0.0000,-9.443,-7.154,1.821,0.200,0.872,0.138384,0.090255,0.681225,0.051928,0.038208
1018,983.00,0.000,-11.168,0.9259,4.5847,0.0000,47.6609,2.6587,9.8374,0.0000,33.5004,2.5321,3.8105,0.0000,0.0000,0.0000,0.0000,0.0000,0.0000,0.0000,0.0000,0.0000,0.0000,0.0000,-9.519,-7.214,1.835,0.202,0.879,0.138182,0.090036,0.681500,0.052170,0.038111
1019,982.00,0.000,-11.183,0.9334,4.5851,0.0000,47.6751,2.6519,9.8128,0.0000,33.5117,2.5436,3.8048,0.0000,0.0000,0.0000,0.0000,0.0000,0.0000,0.0000,0.0000,0.0000,0.0000,0.0000,-9.593,-7.272,1.849,0.204,0.886,0.137983,0.089817,0.681773,0.052411,0.038016
1020,981.00,0.000,-11.199,0.9407,4.5854,0.0000,47.6894,2.6451,9.7883,0.0000,33.5230,2.5551,3.7991,0.0000,0.0000,0.0000,0.0000,0.0000,0.0000,0.0000,0.0000,0.0000,0.0000,0.0000,-9.666,-7.330,1.863,0.205,0.892,0.137787,0.089598,0.682043,0.052650,0.037921
1021,980.00,0.000,-11.214,0.9479,4.5858,0.0000,47.7036,2.6384,9.7639,0.0000,33.5342,2.5665,3.7936,0.0000,0.0000,0.0000,0.0000,0.0000,0.0000,0.0000,0.0000,0.0000,0.0000,0.0000,-9.738,-7.387,1.876,0.207,0.899,0.137592,0.089380,0.682312,0.052889,0.037827
1022,979.00,0.000,-11.230,0.9550,4.5861,0.0000,47.7177,2.6317,9.7394,0.0000,33.5453,2.5778,3.7880,0.0000,0.0000,0.0000,0.0000,0.0000,0.0000,0.0000,0.0000,0.0000,0.0000,0.0000,-9.809,-7.443,1.889,0.208,0.906,0.137400,0.089161,0.682579,0.053126,0.037734
1023,978.00,0.000,-11.246,0.9621,4.5865,0.0000,47.7319,2.6251,9.7150,0.0000,33.5563,2.5891,3.7826,0.0000,0.0000,0.0000,0.0000,0.0000,0.0000,0.0000,0.0000,0.0000,0.0000,0.0000,-9.878,-7.498,1.902,0.210,0.912,0.137210,0.088943,0.682844,0.053361,0.037642
1024,977.00,0.000,-11.261,0.9690,4.5868,0.0000,47.7460,2.6186,9.6907,0.0000,33.5672,2.6003,3.7772,0.0000,0.0000,0.0000,0.0000,0.0000,0.0000,0.0000,0.0000,0.0000,0.0000,0.0000,-9.947,-7.553,1.915,0.211,0.918,0.137022,0.088725,0.683107,0.053596,0.037550
1025,976.00,0.000,-11.277,0.9758,4.5871,0.0000,47.7601,2.6121,9.6664,0.0000,33.5781,2.6115,3.7718,0.0000,0.0000,0.0000,0.0000,0.0000,0.0000,0.0000,0.0000,0.0000,0.0000,0.0000,-10.015,-7.606,1.928,0.213,0.924,0.136836,0.088508,0.683368,0.053829,0.037459
1026,975.00,0.000,-11.293,0.9825,4.5875,0.0000,47.7742,2.6056,9.6421,0.0000,33.5890,2.6226,3.7665,0.0000,0.0000,0.0000,0.0000,0.0000,0.0000,0.0000,0.0000,0.0000,0.0000,0.0000,-10.081,-7.660,1.940,0.214,0.931,0.136652,0.088291,0.683627,0.054062,0.037368
1027,974.00,0.000,-11.308,0.9892,4.5878,0.0000,47.7882,2.5992,9.6179,0.0000,33.5997,2.6337,3.7613,0.0000,0.0000,0.0000,0.0000,0.0000,0.0000,0.0000,0.0000,0.0000,0.0000,0.0000,-10.147,-7.712,1.953,0.216,0.937,0.136470,0.088074,0.683885,0.054293,0.037278
1028,973.00,0.000,-11.324,0.9957,4.5881,0.0000,47.8022,2.5928,9.5937,0.0000,33.6104,2.6447,3.7561,0.0000,0.0000,0.0000,0.0000,0.0000,0.0000,0.0000,0.0000,0.0000,0.0000,0.0000,-10.212,-7.764,1.965,0.217,0.943,0.136290,0.087858,0.684141,0.054522,0.037189
1029,972.00,0.000,-11.340,1.0021,4.5885,0.0000,47.8162,2.5865,9.5696,0.0000,33.6210,2.6556,3.7510,0.0000,0.0000,0.0000,0.0000,0.0000,0.0000,0.0000,0.0000,0.0000,0.0000,0.0000,-10.276,-7.815,1.977,0.218,0.948,0.136111,0.087642,0.684395,0.054751,0.037101
1030,971.00,0.000,-11.356,1.0085,4.5888,0.0000,47.8301,2.5803,9.5456,0.0000,33.6316,2.6665,3.7459,0.0000,0.0000,0.0000,0.0000,0.0000,0.0000,0.0000,0.0000,0.0000,0.0000,0.0000,-10.339,-7.865,1.988,0.220,0.954,0.135934,0.087427,0.684647,0.054979,0.037013
1031,970.00,0.000,-11.371,1.0148,4.5891,0.0000,47.8440,2.5741,9.5216,0.0000,33.6421,2.6774,3.7409,0.0000,0.0000,0.0000,0.0000,0.0000,0.0000,0.0000,0.0000,0.0000,0.0000,0.0000,-10.401,-7.915,2.000,0.221,0.960,0.135759,0.087212,0.684898,0.055205,0.036926
1032,969.00,0.000,-11.387,1.0210,4.5894,0.0000,47.8579,2.5679,9.4977,0.0000,33.6525,2.6881,3.7359,0.0000,0.0000,0.0000,0.0000,0.0000,0.0000,0.0000,0.0000,0.0000,0.0000,0.0000,-10.462,-7.964,2.011,0.222,0.966,0.135585,0.086997,0.685148,0.055430,0.036839
1033,968.00,0.000,-11.403,1.0271,4.5898,0.0000,47.8717,2.5618,9.4738,0.0000,33.6629,2.6989,3.7309,0.0000,0.0000,0.0000,0.0000,0.0000,0.0000,0.0000,0.0000,0.0000,0.0000,0.0000,-10.522,-8.012,2.022,0.224,0.971,0.135413,0.086783,0.685396,0.055655,0.036753
1034,967.00,0.000,-11.419,1.0331,4.5901,0.0000,47.8855,2.5557,9.4500,0.0000,33.6732,2.7095,3.7260,0.0000,0.0000,0.0000,0.0000,0.0000,0.0000,0.0000,0.0000,0.0000,0.0000,0.0000,-10.582,-8.060,2.033,0.225,0.977,0.135242,0.086570,0.685642,0.055878,0.036668
1035,966.00,0.000,-11.435,1.0391,4.5904,0.0000,47.8993,2.5496,9.4263,0.0000,33.6835,2.7202,3.7212,0.0000,0.0000,0.0000,0.0000,0.0000,0.0000,0.0000,0.0000,0.0000,0.0000,0.0000,-10.640,-8.107,2.044,0.226,0.982,0.135073,0.086357,0.685887,0.056099,0.036583
1036,965.00,0.000,-11.451,1.0450,4.5907,0.0000,47.9130,2.5436,9.4026,0.0000,33.6937,2.7307,3.7164,0.0000,0.0000,0.0000,0.0000,0.0000,0.0000,0.0000,0.0000,0.0000,0.0000,0.0000,-10.698,-8.154,2.055,0.228,0.987,0.134905,0.086144,0.686131,0.056320,0.036499
1037,964.00,0.000,-11.467,1.0508,4.5910,0.0000,47.9266,2.5377,9.3790,0.0000,33.7039,2.7412,3.7116,0.0000,0.0000,0.0000,0.0000,0.0000,0.0000,0.0000,0.0000,0.0000,0.0000,0.0000,-10.755,-8.200,2.065,0.229,0.993,0.134739,0.085933,0.686373,0.056540,0.036416
1038,963.00,0.000,-11.483,1.0565,4.5913,0.0000,47.9403,2.5318,9.3555,0.0000,33.7140,2.7517,3.7069,0.0000,0.0000,0.0000,0.0000,0.0000,0.0000,0.0000,0.0000,0.0000,0.0000,0.0000,-10.812,-8.245,2.076,0.230,0.998,0.134574,0.085721,0.686614,0.056759,0.036333
1039,962.00,0.000,-11.499,1.0622,4.5916,0.0000,47.9538,2.5259,9.3320,0.0000,33.7240,2.7621,3.7021,0.0000,0.0000,0.0000,0.0000,0.0000,0.0000,0.0000,0.0000,0.0000,0.0000,0.0000,-10.867,-8.290,2.086,0.231,1.003,0.134410,0.085511,0.686853,0.056976,0.036250
1040,961.00,0.000,-11.515,1.0678,4.5919,0.0000,47.9674,2.5201,9.3086,0.0000,33.7340,2.7725,3.6975,0.0000,0.0000,0.0000,0.0000,0.0000,0.0000,0.0000,0.0000,0.0000,0.0000,0.0000,-10.922,-8.335,2.096,0.233,1.008,0.134247,0.085301,0.687091,0.057193,0.036168
1041,960.00,0.000,-11.531,1.0733,4.5922,0.0000,47.9809,2.5143,9.2853,0.0000,33.7440,2.7828,3.6929,0.0000,0.0000,0.0000,0.0000,0.0000,0.0000,0.0000,0.0000,0.0000,0.0000,0.0000,-10.976,-8.379,2.106,0.234,1.013,0.134086,0.085091,0.687328,0.057408,0.036087
1042,959.00,0.000,-11.547,1.0787,4.5926,0.0000,47.9943,2.5085,9.2620,0.0000,33.7539,2.7930,3.6883,0.0000,0.0000,0.0000,0.0000,0.0000,0.0000,0.0000,0.0000,0.0000,0.0000,0.0000,-11.029,-8.422,2.116,0.235,1.018,0.133925,0.084882,0.687564,0.057622,0.036006
1043,958.00,0.000,-11.563,1.0841,4.5929,0.0000,48.0077,2.5028,9.2389,0.0000,33.7637,2.8032,3.6837,0.0000,0.0000,0.0000,0.0000,0.0000,0.0000,0.0000,0.0000,0.0000,0.0000,0.0000,-11.082,-8.465,2.126,0.236,1.023,0.133766,0.084674,0.687798,0.057836,0.035926
1044,957.00,0.000,-11.579,1.0894,4.5932,0.0000,48.0211,2.4971,9.2158,0.0000,33.7735,2.8134,3.6792,0.0000,0.0000,0.0000,0.0000,0.0000,0.0000,0.0000,0.0000,0.0000,0.0000,0.0000,-11.134,-8.507,2.135,0.237,1.027,0.133608,0.084467,0.688031,0.058048,0.035846
1045,956.00,0.000,-11.595,1.0947,4.5935,0.0000,48.0344,2.4915,9.1927,0.0000,33.7833,2.8235,3.6747,0.0000,0.0000,0.0000,0.0000,0.0000,0.0000,0.0000,0.0000,0.0000,0.0000,0.0000,-11.185,-8.549,2.144,0.238,1.032,0.133451,0.084260,0.688263,0.058259,0.035767
1046,955.00,0.000,-11.611,1.0999,4.5938,0.0000,48.0476,2.4859,9.1698,0.0000,33.7930,2.8335,3.6702,0.0000,0.0000,0.0000,0.0000,0.0000,0.0000,0.0000,0.0000,0.0000,0.0000,0.0000,-11.236,-8.591,2.154,0.239,1.037,0.133295,0.084053,0.688494,0.058470,0.035688
1047,954.00,0.000,-11.628,1.1067,4.5941,0.0000,48.0576,2.4807,9.1525,0.0000,33.7957,2.8481,3.6654,0.0000,0.0000,0.0000,0.0000,0.0000,0.0000,0.0000,0.0000,0.0000,0.0000,0.0000,-11.302,-8.644,2.166,0.241,1.043,0.133129,0.083899,0.688583,0.058773,0.035616
1048,953.00,0.000,-11.644,1.1204,4.5948,0.0000,48.0533,2.4775,9.1596,0.0000,33.7677,2.8825,3.6594,0.0000,0.0000,0.0000,0.0000,0.0000,0.0000,0.0000,0.0000,0.0000,0.0000,0.0000,-11.440,-8.752,2.192,0.244,1.055,0.132918,0.083969,0.688054,0.059487,0.035572
1049,952.00,0.000,-11.660,1.1338,4.5955,0.0000,48.0491,2.4744,9.1665,0.0000,33.7395,2.9170,3.6535,0.0000,0.0000,0.0000,0.0000,0.0000,0.0000,0.0000,0.0000,0.0000,0.0000,0.0000,-11.573,-8.857,2.218,0.247,1.068,0.132711,0.084037,0.687520,0.060201,0.035530
1050,951.00,0.000,-11.677,1.1468,4.5961,0.0000,48.0449,2.4714,9.1733,0.0000,33.7112,2.9514,3.6477,0.0000,0.0000,0.0000,0.0000,0.0000,0.0000,0.0000,0.0000,0.0000,0.0000,0.0000,-11.704,-8.959,2.242,0.250,1.080,0.132510,0.084104,0.686981,0.060916,0.035489
1051,950.00,0.000,-11.693,1.1595,4.5968,0.0000,48.0409,2.4685,9.1799,0.0000,33.6826,2.9859,3.6421,0.0000,0.0000,0.0000,0.0000,0.0000,0.0000,0.0000,0.0000,0.0000,0.0000,0.0000,-11.830,-9.058,2.266,0.252,1.092,0.132312,0.084170,0.686438,0.061632,0.035448
1052,949.00,0.000,-11.709,1.1719,4.5975,0.0000,48.0370,2.4656,9.1864,0.0000,33.6539,3.0205,3.6366,0.0000,0.0000,0.0000,0.0000,0.0000,0.0000,0.0000,0.0000,0.0000,0.0000,0.0000,-11.954,-9.155,2.290,0.255,1.103,0.132119,0.084234,0.685890,0.062348,0.035409
1053,948.00,0.000,-11.726,1.1840,4.5981,0.0000,48.0331,2.4628,9.1928,0.0000,33.6250,3.0550,3.6312,0.0000,0.0000,0.0000,0.0000,0.0000,0.0000,0.0000,0.0000,0.0000,0.0000,0.0000,-12.075,-9.250,2.313,0.257,1.114,0.131930,0.084297,0.685337,0.063065,0.035371
1054,947.00,0.000,-11.742,1.1958,4.5988,0.0000,48.0293,2.4601,9.1990,0.0000,33.5960,3.0897,3.6259,0.0000,0.0000,0.0000,0.0000,0.0000,0.0000,0.0000,0.0000,0.0000,0.0000,0.0000,-12.192,-9.343,2.335,0.260,1.125,0.131745,0.084358,0.684780,0.063783,0.035334
1055,946.00,0.000,-11.758,1.2074,4.5994,0.0000,48.0255,2.4575,9.2052,0.0000,33.5667,3.1243,3.6207,0.0000,0.0000,0.0000,0.0000,0.0000,0.0000,0.0000,0.0000,0.0000,0.0000,0.0000,-12.307,-9.434,2.357,0.263,1.136,0.131564,0.084419,0.684218,0.064502,0.035298
1056,945.00,0.000,-11.775,1.2186,4.6001,0.0000,48.0219,2.4549,9.2112,0.0000,33.5373,3.1591,3.6157,0.0000,0.0000,0.0000,0.0000,0.0000,0.0000,0.0000,0.0000,0.0000,0.0000,0.0000,-12.419,-9.522,2.378,0.265,1.146,0.131386,0.084478,0.683652,0.065222,0.035263
1057,944.00,0.000,-11.791,1.2297,4.6007,0.0000,48.0182,2.4524,9.2171,0.0000,33.5077,3.1938,3.6107,0.0000,0.0000,0.0000,0.0000,0.0000,0.0000,0.0000,0.0000,0.0000,0.0000,0.0000,-12.528,-9.609,2.399,0.267,1.156,0.131211,0.084537,0.683080,0.065943,0.035228
1058,943.00,0.000,-11.808,1.2404,4.6013,0.0000,48.0147,2.4500,9.2230,0.0000,33.4779,3.2287,3.6058,0.0000,0.0000,0.0000,0.0000,0.0000,0.0000,0.0000,0.0000,0.0000,0.0000,0.0000,-12.635,-9.694,2.419,0.270,1.166,0.131040,0.084594,0.682505,0.066666,0.035195
1059,942.00,0.000,-11.824,1.2510,4.6020,0.0000,48.0111,2.4476,9.2288,0.0000,33.4478,3.2636,3.6010,0.0000,0.0000,0.0000,0.0000,0.0000,0.0000,0.0000,0.0000,0.0000,0.0000,0.0000,-12.740,-9.777,2.439,0.272,1.176,0.130872,0.084651,0.681924,0.067390,0.035163
1060,941.00,0.000,-11.841,1.2613,4.6026,0.0000,48.0076,2.4453,9.2345,0.0000,33.4176,3.2986,3.5963,0.0000,0.0000,0.0000,0.0000,0.0000,0.0000,0.0000,0.0000,0.0000,0.0000,0.0000,-12.842,-9.858,2.458,0.274,1.185,0.130707,0.084707,0.681338,0.068116,0.035131
1061,940.00,0.000,-11.858,1.2714,4.6032,0.0000,48.0042,2.4431,9.2401,0.0000,33.3872,3.3337,3.5917,0.0000,0.0000,0.0000,0.0000,0.0000,0.0000,0.0000,0.0000,0.0000,0.0000,0.0000,-12.943,-9.938,2.477,0.276,1.194,0.130545,0.084763,0.680748,0.068843,0.035101
1062,939.00,0.000,-11.874,1.2814,4.6038,0.0000,48.0007,2.4410,9.2457,0.0000,33.3566,3.3689,3.5872,0.0000,0.0000,0.0000,0.0000,0.0000,0.0000,0.0000,0.0000,0.0000,0.0000,0.0000,-13.041,-10.016,2.495,0.278,1.203,0.130386,0.084817,0.680153,0.069573,0.035071
1063,938.00,0.000,-11.891,1.2911,4.6045,0.0000,47.9973,2.4389,9.2512,0.0000,33.3257,3.4042,3.5827,0.0000,0.0000,0.0000,0.0000,0.0000,0.0000,0.0000,0.0000,0.0000,0.0000,0.0000,-13.137,-10.093,2.513,0.280,1.212,0.130229,0.084871,0.679552,0.070304,0.035043
1064,937.00,0.000,-11.908,1.3006,4.6051,0.0000,47.9940,2.4368,9.2567,0.0000,33.2947,3.4395,3.5783,0.0000,0.0000,0.0000,0.0000,0.0000,0.0000,0.0000,0.0000,0.0000,0.0000,0.0000,-13.231,-10.168,2.531,0.282,1.221,0.130075,0.084925,0.678946,0.071038,0.035015
1065,936.00,0.000,-11.924,1.3100,4.6057,0.0000,47.9906,2.4349,9.2621,0.0000,33.2634,3.4751,3.5740,0.0000,0.0000,0.0000,0.0000,0.0000,0.0000,0.0000,0.0000,0.0000,0.0000,0.0000,-13.323,-10.242,2.548,0.284,1.230,0.129923,0.084978,0.678335,0.071775,0.034988
1066,935.00,0.000,-11.941,1.3191,4.6063,0.0000,47.9873,2.4330,9.2675,0.0000,33.2318,3.5107,3.5698,0.0000,0.0000,0.0000,0.0000,0.0000,0.0000,0.0000,0.0000,0.0000,0.0000,0.0000,-13.414,-10.314,2.565,0.286,1.238,0.129774,0.085031,0.677719,0.072514,0.034962
1067,934.00,0.000,-11.958,1.3281,4.6069,0.0000,47.9839,2.4311,9.2729,0.0000,33.2000,3.5465,3.5656,0.0000,0.0000,0.0000,0.0000,0.0000,0.0000,0.0000,0.0000,0.0000,0.0000,0.0000,-13.502,-10.386,2.582,0.288,1.246,0.129627,0.085084,0.677096,0.073256,0.034937
1068,933.00,0.000,-11.974,1.3370,4.6075,0.0000,47.9806,2.4293,9.2782,0.0000,33.1680,3.5824,3.5615,0.0000,0.0000,0.0000,0.0000,0.0000,0.0000,0.0000,0.0000,0.0000,0.0000,0.0000,-13.590,-10.456,2.598,0.290,1.254,0.129482,0.085136,0.676468,0.074001,0.034913
1069,932.00,0.000,-11.991,1.3457,4.6081,0.0000,47.9772,2.4276,9.2835,0.0000,33.1356,3.6185,3.5574,0.0000,0.0000,0.0000,0.0000,0.0000,0.0000,0.0000,0.0000,0.0000,0.0000,0.0000,-13.675,-10.525,2.614,0.292,1.262,0.129340,0.085188,0.675833,0.074749,0.034889
1070,931.00,0.000,-12.008,1.3542,4.6088,0.0000,47.9739,2.4260,9.2889,0.0000,33.1030,3.6548,3.5534,0.0000,0.0000,0.0000,0.0000,0.0000,0.0000,0.0000,0.0000,0.0000,0.0000,0.0000,-13.759,-10.592,2.630,0.294,1.270,0.129199,0.085240,0.675192,0.075502,0.034867
1071,930.00,0.000,-12.025,1.3627,4.6094,0.0000,47.9706,2.4244,9.2942,0.0000,33.0701,3.6913,3.5495,0.0000,0.0000,0.0000,0.0000,0.0000,0.0000,0.0000,0.0000,0.0000,0.0000,0.0000,-13.842,-10.659,2.645,0.296,1.277,0.129060,0.085292,0.674545,0.076258,0.034845
1072,929.00,0.000,-12.042,1.3709,4.6100,0.0000,47.9672,2.4228,9.2995,0.0000,33.0369,3.7280,3.5456,0.0000,0.0000,0.0000,0.0000,0.0000,0.0000,0.0000,0.0000,0.0000,0.0000,0.0000,-13.923,-10.725,2.661,0.297,1.285,0.128923,0.085344,0.673891,0.077018,0.034825
1073,928.00,0.000,-12.059,1.3791,4.6106,0.0000,47.9638,2.4214,9.3049,0.0000,33.0033,3.7648,3.5418,0.0000,0.0000,0.0000,0.0000,0.0000,0.0000,0.0000,0.0000,0.0000,0.0000,0.0000,-14.003,-10.790,2.676,0.299,1.292,0.128788,0.085396,0.673229,0.077783,0.034805
1074,927.00,0.000,-12.076,1.3871,4.6112,0.0000,47.9605,2.4200,9.3102,0.0000,32.9694,3.8020,3.5380,0.0000,0.0000,0.0000,0.0000,0.0000,0.0000,0.0000,0.0000,0.0000,0.0000,0.0000,-14.082,-10.853,2.690,0.301,1.300,0.128655,0.085448,0.672560,0.078552,0.034786
1075,926.00,0.000,-12.093,1.3950,4.6118,0.0000,47.9570,2.4186,9.3156,0.0000,32.9352,3.8393,3.5342,0.0000,0.0000,0.0000,0.0000,0.0000,0.0000,0.0000,0.0000,0.0000,0.0000,0.0000,-14.159,-10.916,2.705,0.302,1.307,0.128523,0.085500,0.671883,0.079327,0.034767
1076,925.00,0.000,-12.110,1.4028,4.6124,0.0000,47.9536,2.4173,9.3210,0.0000,32.9006,3.8770,3.5305,0.0000,0.0000,0.0000,0.0000,0.0000,0.0000,0.0000,0.0000,0.0000,0.0000,0.0000,-14.236,-10.978,2.719,0.304,1.314,0.128393,0.085552,0.671198,0.080107,0.034750
1077,924.00,0.000,-12.127,1.4105,4.6130,0.0000,47.9501,2.4161,9.3265,0.0000,32.8655,3.9149,3.5269,0.0000,0.0000,0.0000,0.0000,0.0000,0.0000,0.0000,0.0000,0.0000,0.0000,0.0000,-14.311,-11.040,2.733,0.306,1.321,0.128264,0.085605,0.670504,0.080893,0.034734
1078,923.00,0.000,-12.144,1.4181,4.6136,0.0000,47.9466,2.4150,9.3320,0.0000,32.8301,3.9531,3.5233,0.0000,0.0000,0.0000,0.0000,0.0000,0.0000,0.0000,0.0000,0.0000,0.0000,0.0000,-14.385,-11.100,2.747,0.307,1.328,0.128137,0.085658,0.669802,0.081685,0.034718
1079,922.00,0.000,-12.161,1.4256,4.6142,0.0000,47.9430,2.4139,9.3375,0.0000,32.7942,3.9916,3.5197,0.0000,0.0000,0.0000,0.0000,0.0000,0.0000,0.0000,0.0000,0.0000,0.0000,0.0000,-14.459,-11.160,2.760,0.309,1.334,0.128011,0.085712,0.669089,0.082484,0.034703
1080,921.00,0.000,-12.178,1.4330,4.6148,0.0000,47.9394,2.4129,9.3432,0.0000,32.7578,4.0305,3.5162,0.0000,0.0000,0.0000,0.0000,0.0000,0.0000,0.0000,0.0000,0.0000,0.0000,0.0000,-14.531,-11.219,2.774,0.311,1.341,0.127887,0.085766,0.668367,0.083290,0.034690
1081,920.00,0.000,-12.195,1.4403,4.6154,0.0000,47.9358,2.4119,9.3488,0.0000,32.7210,4.0698,3.5127,0.0000,0.0000,0.0000,0.0000,0.0000,0.0000,0.0000,0.0000,0.0000,0.0000,0.0000,-14.602,-11.277,2.787,0.312,1.348,0.127764,0.085821,0.667635,0.084104,0.034677
1082,919.00,0.000,-12.212,1.4745,4.6173,0.0000,47.9114,2.4177,9.3890,0.0000,32.5206,4.2516,3.5096,0.0000,0.0000,0.0000,0.0000,0.0000,0.0000,0.0000,0.0000,0.0000,0.0000,0.0000,-14.950,-11.549,2.853,0.319,1.379,0.127648,0.086189,0.663542,0.087860,0.034761
1083,918.00,0.000,-12.230,1.5340,4.6210,0.0000,47.8591,2.4314,9.4772,0.0000,32.1035,4.6224,3.5064,0.0000,0.0000,0.0000,0.0000,0.0000,0.0000,0.0000,0.0000,0.0000,0.0000,0.0000,-15.560,-12.023,2.970,0.332,1.434,0.127529,0.086994,0.655003,0.095519,0.034956
1084,917.00,0.000,-12.247,1.5817,4.6246,0.0000,47.8057,2.4437,9.5679,0.0000,31.6881,4.9920,3.5026,0.0000,0.0000,0.0000,0.0000,0.0000,0.0000,0.0000,0.0000,0.0000,0.0000,0.0000,-16.049,-12.403,3.064,0.342,1.478,0.127385,0.087824,0.646507,0.103152,0.035132
1085,916.00,0.000,-12.264,1.7258,4.6160,0.0000,47.9575,2.4498,9.2922,0.0000,32.5244,4.2373,3.5388,0.0000,0.0000,0.0000,0.0000,0.0000,0.0000,0.0000,0.0000,0.0000,0.0000,0.0000,-17.505,-13.538,3.336,0.374,1.614,0.128659,0.085265,0.663341,0.087527,0.035208
1086,915.00,0.000,-12.281,1.7258,4.6159,0.0000,47.9561,2.4566,9.2856,0.0000,32.5464,4.2194,3.5359,0.0000,0.0000,0.0000,0.0000,0.0000,0.0000,0.0000,0.0000,0.0000,0.0000,0.0000,-17.502,-13.540,3.334,0.374,1.614,0.128552,0.085203,0.663784,0.087156,0.035305
1087,914.00,0.000,-12.295,1.7260,4.6162,0.0000,47.9491,2.4534,9.2998,0.0000,32.5553,4.2092,3.5332,0.0000,0.0000,0.0000,0.0000,0.0000,0.0000,0.0000,0.0000,0.0000,0.0000,0.0000,-17.498,-13.541,3.333,0.374,1.614,0.128458,0.085337,0.663994,0.086951,0.035259
1088,913.00,0.000,-12.310,1.7262,4.6164,0.0000,47.9421,2.4501,9.3141,0.0000,32.5641,4.1991,3.5304,0.0000,0.0000,0.0000,0.0000,0.0000,0.0000,0.0000,0.0000,0.0000,0.0000,0.0000,-17.495,-13.542,3.332,0.374,1.614,0.128364,0.085472,0.664204,0.086746,0.035214
1089,912.00,0.000,-12.325,1.7264,4.6167,0.0000,47.9351,2.4468,9.3285,0.0000,32.5730,4.1890,3.5277,0.0000,0.0000,0.0000,0.0000,0.0000,0.0000,0.0000,0.0000,0.0000,0.0000,0.0000,-17.491,-13.543,3.331,0.374,1.614,0.128270,0.085608,0.664414,0.086540,0.035168
1090,911.00,0.000,-12.339,1.7266,4.6169,0.0000,47.9280,2.4435,9.3429,0.0000,32.5818,4.1789,3.5249,0.0000,0.0000,0.0000,0.0000,0.0000,0.0000,0.0000,0.0000,0.0000,0.0000,0.0000,-17.488,-13.545,3.330,0.374,1.614,0.128175,0.085744,0.664623,0.086335,0.035123
1091,910.00,0.000,-12.355,1.7266,4.6177,0.0000,47.9053,2.4380,9.3747,0.0000,32.6292,4.1489,3.5039,0.0000,0.0000,0.0000,0.0000,0.0000,0.0000,0.0000,0.0000,0.0000,0.0000,0.0000,-17.475,-13.537,3.328,0.374,1.614,0.127438,0.086053,0.665726,0.085734,0.035050
1092,909.00,0.000,-12.371,1.7266,4.6184,0.0000,47.8828,2.4324,9.4065,0.0000,32.6761,4.1191,3.4831,0.0000,0.0000,0.0000,0.0000,0.0000,0.0000,0.0000,0.0000,0.0000,0.0000,0.0000,-17.462,-13.530,3.326,0.374,1.613,0.126706,0.086363,0.666818,0.085136,0.034977
1093,908.00,0.000,-12.387,1.7265,4.6192,0.0000,47.8602,2.4269,9.4384,0.0000,32.7228,4.0894,3.4624,0.0000,0.0000,0.0000,0.0000,0.0000,0.0000,0.0000,0.0000,0.0000,0.0000,0.0000,-17.449,-13.523,3.324,0.374,1.613,0.125978,0.086673,0.667906,0.084539,0.034904
1094,907.00,0.000,-12.402,1.7265,4.6199,0.0000,47.8376,2.4213,9.4703,0.0000,32.7693,4.0598,3.4418,0.0000,0.0000,0.0000,0.0000,0.0000,0.0000,0.0000,0.0000,0.0000,0.0000,0.0000,-17.437,-13.516,3.322,0.374,1.613,0.125253,0.086984,0.668989,0.083943,0.034832
1095,906.00,0.000,-12.418,1.7264,4.6207,0.0000,47.8150,2.4158,9.5023,0.0000,32.8155,4.0302,3.4212,0.0000,0.0000,0.0000,0.0000,0.0000,0.0000,0.0000,0.0000,0.0000,0.0000,0.0000,-17.424,-13.508,3.320,0.374,1.613,0.124531,0.087295,0.670066,0.083349,0.034759
1096,905.00,0.000,-12.434,1.7263,4.6214,0.0000,47.7924,2.4102,9.5344,0.0000,32.8614,4.0008,3.4008,0.0000,0.0000,0.0000,0.0000,0.0000,0.0000,0.0000,0.0000,0.0000,0.0000,0.0000,-17.411,-13.501,3.318,0.374,1.613,0.123811,0.087607,0.671139,0.082756,0.034686
1097,904.00,0.000,-12.450,1.7262,4.6222,0.0000,47.7698,2.4047,9.5666,0.0000,32.9072,3.9714,3.3805,0.0000,0.0000,0.0000,0.0000,0.0000,0.0000,0.0000,0.0000,0.0000,0.0000,0.0000,-17.398,-13.494,3.317,0.373,1.612,0.123095,0.087920,0.672207,0.082164,0.034613
1098,903.00,0.000,-12.466,1.7261,4.6229,0.0000,47.7472,2.3992,9.5987,0.0000,32.9527,3.9421,3.3602,0.0000,0.0000,0.0000,0.0000,0.0000,0.0000,0.0000,0.0000,0.0000,0.0000,0.0000,-17.384,-13.486,3.315,0.373,1.612,0.122382,0.088234,0.673270,0.081574,0.034540
1099,902.00,0.000,-12.482,1.7260,4.6237,0.0000,47.7246,2.3936,9.6310,0.0000,32.9979,3.9128,3.3400,0.0000,0.0000,0.0000,0.0000,0.0000,0.0000,0.0000,0.0000,0.0000,0.0000,0.0000,-17.371,-13.479,3.312,0.373,1.612,0.121671,0.088548,0.674329,0.080985,0.034468
1100,901.00,0.000,-12.498,1.7259,4.6244,0.0000,47.7021,2.3881,9.6633,0.0000,33.0430,3.8836,3.3200,0.0000,0.0000,0.0000,0.0000,0.0000,0.0000,0.0000,0.0000,0.0000,0.0000,0.0000,-17.358,-13.471,3.310,0.373,1.611,0.120964,0.088862,0.675383,0.080397,0.034395
1101,900.00,0.000,-12.514,1.7258,4.6251,0.0000,47.6795,2.3826,9.6956,0.0000,33.0878,3.8545,3.3000,0.0000,0.0000,0.0000,0.0000,0.0000,0.0000,0.0000,0.0000,0.0000,0.0000,0.0000,-17.345,-13.463,3.308,0.373,1.611,0.120260,0.089176,0.676432,0.079810,0.034322
1102,899.00,0.000,-12.530,1.7257,4.6259,0.0000,47.6570,2.3770,9.7279,0.0000,33.1324,3.8255,3.2801,0.0000,0.0000,0.0000,0.0000,0.0000,0.0000,0.0000,0.0000,0.0000,0.0000,0.0000,-17.331,-13.456,3.306,0.373,1.611,0.119559,0.089491,0.677476,0.079225,0.034249
1103,898.00,0.000,-12.547,1.7255,4.6266,0.0000,47.6346,2.3715,9.7602,0.0000,33.1768,3.7966,3.2603,0.0000,0.0000,0.0000,0.0000,0.0000,0.0000,0.0000,0.0000,0.0000,0.0000,0.0000,-17.318,-13.448,3.304,0.373,1.611,0.118860,0.089806,0.678517,0.078641,0.034176
1104,897.00,0.000,-12.563,1.7253,4.6273,0.0000,47.6121,2.3660,9.7926,0.0000,33.2210,3.7677,3.2406,0.0000,0.0000,0.0000,0.0000,0.0000,0.0000,0.0000,0.0000,0.0000,0.0000,0.0000,-17.304,-13.440,3.302,0.373,1.610,0.118165,0.090121,0.679552,0.078058,0.034103
1105,896.00,0.000,-12.579,1.7252,4.6281,0.0000,47.5897,2.3605,9.8249,0.0000,33.2650,3.7389,3.2210,0.0000,0.0000,0.0000,0.0000,0.0000,0.0000,0.0000,0.0000,0.0000,0.0000,0.0000,-17.290,-13.432,3.300,0.373,1.610,0.117473,0.090436,0.680584,0.077476,0.034031
1106,895.00,0.000,-12.595,1.7250,4.6288,0.0000,47.5674,2.3550,9.8572,0.0000,33.3087,3.7102,3.2015,0.0000,0.0000,0.0000,0.0000,0.0000,0.0000,0.0000,0.0000,0.0000,0.0000,0.0000,-17.277,-13.424,3.298,0.373,1.610,0.116784,0.090752,0.681611,0.076896,0.033958
1107,894.00,0.000,-12.612,1.7248,4.6295,0.0000,47.5451,2.3495,9.8895,0.0000,33.3523,3.6815,3.1821,0.0000,0.0000,0.0000,0.0000,0.0000,0.0000,0.0000,0.0000,0.0000,0.0000,0.0000,-17.263,-13.416,3.296,0.373,1.609,0.116098,0.091067,0.682634,0.076317,0.033885
1108,893.00,0.000,-12.628,1.7246,4.6302,0.0000,47.5228,2.3440,9.9218,0.0000,33.3957,3.6530,3.1627,0.0000,0.0000,0.0000,0.0000,0.0000,0.0000,0.0000,0.0000,0.0000,0.0000,0.0000,-17.249,-13.408,3.293,0.372,1.609,0.115415,0.091381,0.683652,0.075739,0.033812
1109,892.00,0.000,-12.644,1.7244,4.6309,0.0000,47.5006,2.3385,9.9540,0.0000,33.4388,3.6245,3.1435,0.0000,0.0000,0.0000,0.0000,0.0000,0.0000,0.0000,0.0000,0.0000,0.0000,0.0000,-17.235,-13.400,3.291,0.372,1.608,0.114735,0.091696,0.684667,0.075163,0.033740
1110,891.00,0.000,-12.661,1.7242,4.6317,0.0000,47.4784,2.3330,9.9862,0.0000,33.4818,3.5961,3.1244,0.0000,0.0000,0.0000,0.0000,0.0000,0.0000,0.0000,0.0000,0.0000,0.0000,0.0000,-17.221,-13.392,3.289,0.372,1.608,0.114058,0.092010,0.685678,0.074588,0.033667
