Index,T (C),P (kbars),log(10) f O2,mass (gm),rho (gm/cc),wt% SiO2,wt% TiO2,wt% Al2O3,wt% Fe2O3,wt% Cr2O3,wt% FeO,wt% MnO,wt% MgO,wt% NiO,wt% CoO,wt% CaO,wt% Na2O,wt% K2O,wt% P2O5,wt% H2O,wt% CO2,wt% SO3,wt% Cl2O-1,wt% F2O-1,G (kJ),H (kJ),S (J/K),V (cc),Cp (J/K),     chromite,    hercynite,    magnetite,       spinel,   ulvospinel
937,1064.00,0.000,-9.989,0.1161,4.6993,0.0000,19.0178,2.9232,30.6978,0.0000,43.8960,0.0000,3.4653,0.0000,0.0000,0.0000,0.0000,0.0000,0.0000,0.0000,0.0000,0.0000,0.0000,0.0000,-0.972,-0.650,0.241,0.025,0.107,0.000000,-0.124874,0.418874,0.187346,0.518655
938,1063.00,0.000,-10.003,0.1584,4.7002,0.0000,19.0427,2.9010,30.6662,0.0000,43.9430,0.0000,3.4472,0.0000,0.0000,0.0000,0.0000,0.0000,0.0000,0.0000,0.0000,0.0000,0.0000,0.0000,-1.325,-0.887,0.328,0.034,0.146,0.000000,-0.124401,0.418537,0.186411,0.519452
939,1062.00,0.000,-10.017,0.1994,4.7011,0.0000,19.0683,2.8790,30.6330,0.0000,43.9902,0.0000,3.4295,0.0000,0.0000,0.0000,0.0000,0.0000,0.0000,0.0000,0.0000,0.0000,0.0000,0.0000,-1.667,-1.116,0.413,0.042,0.184,0.000000,-0.123943,0.418178,0.185498,0.520267
940,1061.00,0.000,-10.030,0.2391,4.7019,0.0000,19.0946,2.8574,30.5984,0.0000,44.0374,0.0000,3.4123,0.0000,0.0000,0.0000,0.0000,0.0000,0.0000,0.0000,0.0000,0.0000,0.0000,0.0000,-1.998,-1.338,0.495,0.051,0.220,0.000000,-0.123501,0.417797,0.184606,0.521098
941,1060.00,0.000,-10.044,0.2776,4.7028,0.0000,19.1215,2.8360,30.5624,0.0000,44.0846,0.0000,3.3955,0.0000,0.0000,0.0000,0.0000,0.0000,0.0000,0.0000,0.0000,0.0000,0.0000,0.0000,-2.318,-1.553,0.574,0.059,0.256,0.000000,-0.123073,0.417394,0.183734,0.521945
942,1059.00,0.000,-10.058,0.3149,4.7036,0.0000,19.1491,2.8150,30.5250,0.0000,44.1319,0.0000,3.3790,0.0000,0.0000,0.0000,0.0000,0.0000,0.0000,0.0000,0.0000,0.0000,0.0000,0.0000,-2.628,-1.761,0.651,0.067,0.290,0.000000,-0.122659,0.416969,0.182883,0.522807
943,1058.00,0.000,-10.072,0.3510,4.7044,0.0000,19.1773,2.7942,30.4863,0.0000,44.1792,0.0000,3.3630,0.0000,0.0000,0.0000,0.0000,0.0000,0.0000,0.0000,0.0000,0.0000,0.0000,0.0000,-2.928,-1.963,0.725,0.075,0.323,0.000000,-0.122258,0.416525,0.182050,0.523683
944,1057.00,0.000,-10.085,0.3861,4.7051,0.0000,19.2062,2.7737,30.4463,0.0000,44.2266,0.0000,3.3473,0.0000,0.0000,0.0000,0.0000,0.0000,0.0000,0.0000,0.0000,0.0000,0.0000,0.0000,-3.219,-2.158,0.797,0.082,0.355,0.000000,-0.121871,0.416061,0.181236,0.524574
945,1056.00,0.000,-10.099,0.4201,4.7059,0.0000,19.2355,2.7535,30.4050,0.0000,44.2740,0.0000,3.3319,0.0000,0.0000,0.0000,0.0000,0.0000,0.0000,0.0000,0.0000,0.0000,0.0000,0.0000,-3.500,-2.347,0.867,0.089,0.386,0.000000,-0.121497,0.415578,0.180441,0.525478
946,1055.00,0.000,-10.113,0.4530,4.7066,0.0000,19.2655,2.7335,30.3626,0.0000,44.3214,0.0000,3.3169,0.0000,0.0000,0.0000,0.0000,0.0000,0.0000,0.0000,0.0000,0.0000,0.0000,0.0000,-3.773,-2.531,0.935,0.096,0.417,0.000000,-0.121135,0.415076,0.179663,0.526395
947,1054.00,0.000,-10.127,0.4850,4.7073,0.0000,19.2959,2.7139,30.3190,0.0000,44.3689,0.0000,3.3023,0.0000,0.0000,0.0000,0.0000,0.0000,0.0000,0.0000,0.0000,0.0000,0.0000,0.0000,-4.037,-2.709,1.000,0.103,0.446,0.000000,-0.120784,0.414557,0.178902,0.527325
948,1053.00,0.000,-10.141,0.5160,4.7080,0.0000,19.3269,2.6945,30.2743,0.0000,44.4164,0.0000,3.2879,0.0000,0.0000,0.0000,0.0000,0.0000,0.0000,0.0000,0.0000,0.0000,0.0000,0.0000,-4.292,-2.881,1.064,0.110,0.474,0.000000,-0.120445,0.414021,0.178157,0.528267
949,1052.00,0.000,-10.155,0.5461,4.7087,0.0000,19.3584,2.6753,30.2285,0.0000,44.4638,0.0000,3.2739,0.0000,0.0000,0.0000,0.0000,0.0000,0.0000,0.0000,0.0000,0.0000,0.0000,0.0000,-4.540,-3.049,1.126,0.116,0.502,0.000000,-0.120117,0.413467,0.177429,0.529221
950,1051.00,0.000,-10.169,0.5753,4.7093,0.0000,19.3903,2.6564,30.1817,0.0000,44.5113,0.0000,3.2602,0.0000,0.0000,0.0000,0.0000,0.0000,0.0000,0.0000,0.0000,0.0000,0.0000,0.0000,-4.781,-3.211,1.185,0.122,0.529,0.000000,-0.119800,0.412898,0.176717,0.530185
951,1050.00,0.000,-10.183,0.6036,4.7100,0.0000,19.4227,2.6377,30.1339,0.0000,44.5588,0.0000,3.2468,0.0000,0.0000,0.0000,0.0000,0.0000,0.0000,0.0000,0.0000,0.0000,0.0000,0.0000,-5.014,-3.369,1.243,0.128,0.555,0.000000,-0.119493,0.412313,0.176019,0.531161
952,1049.00,0.000,-10.197,0.6311,4.7106,0.0000,19.4556,2.6193,30.0851,0.0000,44.6063,0.0000,3.2337,0.0000,0.0000,0.0000,0.0000,0.0000,0.0000,0.0000,0.0000,0.0000,0.0000,0.0000,-5.240,-3.522,1.299,0.134,0.580,0.000000,-0.119196,0.411713,0.175337,0.532146
953,1048.00,0.000,-10.211,0.6578,4.7112,0.0000,19.4888,2.6011,30.0353,0.0000,44.6539,0.0000,3.2209,0.0000,0.0000,0.0000,0.0000,0.0000,0.0000,0.0000,0.0000,0.0000,0.0000,0.0000,-5.459,-3.671,1.354,0.140,0.604,0.000000,-0.118909,0.411099,0.174669,0.533142
954,1047.00,0.000,-10.225,0.6837,4.7118,0.0000,19.5225,2.5832,29.9847,0.0000,44.7013,0.0000,3.2083,0.0000,0.0000,0.0000,0.0000,0.0000,0.0000,0.0000,0.0000,0.0000,0.0000,0.0000,-5.671,-3.815,1.406,0.145,0.628,0.000000,-0.118631,0.410470,0.174015,0.534146
955,1046.00,0.000,-10.239,0.7089,4.7124,0.0000,19.5565,2.5654,29.9332,0.0000,44.7488,0.0000,3.1960,0.0000,0.0000,0.0000,0.0000,0.0000,0.0000,0.0000,0.0000,0.0000,0.0000,0.0000,-5.878,-3.955,1.458,0.150,0.651,0.000000,-0.118362,0.409828,0.173374,0.535160
956,1045.00,0.000,-10.253,0.7334,4.7129,0.0000,19.5909,2.5479,29.8809,0.0000,44.7963,0.0000,3.1839,0.0000,0.0000,0.0000,0.0000,0.0000,0.0000,0.0000,0.0000,0.0000,0.0000,0.0000,-6.078,-4.091,1.507,0.156,0.673,0.000000,-0.118102,0.409173,0.172747,0.536182
957,1044.00,0.000,-10.267,0.7571,4.7135,0.0000,19.6257,2.5307,29.8277,0.0000,44.8437,0.0000,3.1722,0.0000,0.0000,0.0000,0.0000,0.0000,0.0000,0.0000,0.0000,0.0000,0.0000,0.0000,-6.272,-4.223,1.555,0.161,0.695,0.000000,-0.117850,0.408505,0.172133,0.537212
958,1043.00,0.000,-10.281,0.7802,4.7140,0.0000,19.6608,2.5136,29.7738,0.0000,44.8912,0.0000,3.1606,0.0000,0.0000,0.0000,0.0000,0.0000,0.0000,0.0000,0.0000,0.0000,0.0000,0.0000,-6.461,-4.352,1.602,0.166,0.716,0.000000,-0.117606,0.407825,0.171531,0.538250
959,1042.00,0.000,-10.295,0.8026,4.7145,0.0000,19.6962,2.4968,29.7191,0.0000,44.9386,0.0000,3.1493,0.0000,0.0000,0.0000,0.0000,0.0000,0.0000,0.0000,0.0000,0.0000,0.0000,0.0000,-6.644,-4.477,1.648,0.170,0.736,0.000000,-0.117371,0.407133,0.170941,0.539296
960,1041.00,0.000,-10.309,0.8244,4.7150,0.0000,19.7319,2.4801,29.6638,0.0000,44.9859,0.0000,3.1382,0.0000,0.0000,0.0000,0.0000,0.0000,0.0000,0.0000,0.0000,0.0000,0.0000,0.0000,-6.821,-4.598,1.692,0.175,0.756,0.000000,-0.117143,0.406431,0.170364,0.540348
961,1040.00,0.000,-10.323,0.8456,4.7155,0.0000,19.7680,2.4637,29.6077,0.0000,45.0332,0.0000,3.1274,0.0000,0.0000,0.0000,0.0000,0.0000,0.0000,0.0000,0.0000,0.0000,0.0000,0.0000,-6.994,-4.717,1.734,0.179,0.775,0.000000,-0.116922,0.405717,0.169797,0.541407
962,1039.00,0.000,-10.337,0.8662,4.7160,0.0000,19.8043,2.4475,29.5510,0.0000,45.0805,0.0000,3.1168,0.0000,0.0000,0.0000,0.0000,0.0000,0.0000,0.0000,0.0000,0.0000,0.0000,0.0000,-7.162,-4.831,1.776,0.184,0.794,0.000000,-0.116708,0.404993,0.169243,0.542473
963,1038.00,0.000,-10.352,0.8863,4.7164,0.0000,19.8408,2.4315,29.4936,0.0000,45.1278,0.0000,3.1063,0.0000,0.0000,0.0000,0.0000,0.0000,0.0000,0.0000,0.0000,0.0000,0.0000,0.0000,-7.325,-4.943,1.816,0.188,0.812,0.000000,-0.116502,0.404259,0.168698,0.543544
964,1037.00,0.000,-10.366,0.9058,4.7169,0.0000,19.8777,2.4156,29.4356,0.0000,45.1750,0.0000,3.0961,0.0000,0.0000,0.0000,0.0000,0.0000,0.0000,0.0000,0.0000,0.0000,0.0000,0.0000,-7.483,-5.052,1.856,0.192,0.830,0.000000,-0.116302,0.403515,0.168165,0.544622
965,1036.00,0.000,-10.380,0.9247,4.7173,0.0000,19.9147,2.4000,29.3771,0.0000,45.2221,0.0000,3.0861,0.0000,0.0000,0.0000,0.0000,0.0000,0.0000,0.0000,0.0000,0.0000,0.0000,0.0000,-7.637,-5.158,1.894,0.196,0.847,0.000000,-0.116108,0.402762,0.167642,0.545704
966,1035.00,0.000,-10.394,0.9432,4.7178,0.0000,19.9520,2.3845,29.3180,0.0000,45.2692,0.0000,3.0763,0.0000,0.0000,0.0000,0.0000,0.0000,0.0000,0.0000,0.0000,0.0000,0.0000,0.0000,-7.787,-5.261,1.931,0.200,0.864,0.000000,-0.115921,0.402000,0.167129,0.546792
967,1034.00,0.000,-10.409,0.9611,4.7182,0.0000,19.9895,2.3693,29.2583,0.0000,45.3162,0.0000,3.0667,0.0000,0.0000,0.0000,0.0000,0.0000,0.0000,0.0000,0.0000,0.0000,0.0000,0.0000,-7.932,-5.361,1.967,0.204,0.880,0.000000,-0.115739,0.401229,0.166626,0.547884
968,1033.00,0.000,-10.423,0.9786,4.7186,0.0000,20.0272,2.3542,29.1982,0.0000,45.3631,0.0000,3.0572,0.0000,0.0000,0.0000,0.0000,0.0000,0.0000,0.0000,0.0000,0.0000,0.0000,0.0000,-8.073,-5.459,2.002,0.207,0.896,0.000000,-0.115564,0.400450,0.166133,0.548981
969,1032.00,0.000,-10.437,0.9956,4.7190,0.0000,20.0651,2.3393,29.1376,0.0000,45.4100,0.0000,3.0480,0.0000,0.0000,0.0000,0.0000,0.0000,0.0000,0.0000,0.0000,0.0000,0.0000,0.0000,-8.211,-5.554,2.036,0.211,0.912,0.000000,-0.115394,0.399664,0.165648,0.550082
970,1031.00,0.000,-10.452,1.0122,4.7194,0.0000,20.1032,2.3245,29.0765,0.0000,45.4568,0.0000,3.0389,0.0000,0.0000,0.0000,0.0000,0.0000,0.0000,0.0000,0.0000,0.0000,0.0000,0.0000,-8.345,-5.647,2.069,0.214,0.927,0.000000,-0.115230,0.398870,0.165173,0.551187
971,1030.00,0.000,-10.466,1.0283,4.7198,0.0000,20.1415,2.3100,29.0149,0.0000,45.5036,0.0000,3.0300,0.0000,0.0000,0.0000,0.0000,0.0000,0.0000,0.0000,0.0000,0.0000,0.0000,0.0000,-8.475,-5.738,2.101,0.218,0.941,0.000000,-0.115071,0.398068,0.164707,0.552296
972,1029.00,0.000,-10.481,1.0441,4.7201,0.0000,20.1799,2.2956,28.9530,0.0000,45.5502,0.0000,3.0213,0.0000,0.0000,0.0000,0.0000,0.0000,0.0000,0.0000,0.0000,0.0000,0.0000,0.0000,-8.602,-5.826,2.132,0.221,0.956,0.000000,-0.114918,0.397260,0.164249,0.553408
973,1028.00,0.000,-10.495,1.0594,4.7205,0.0000,20.2185,2.2814,28.8906,0.0000,45.5968,0.0000,3.0127,0.0000,0.0000,0.0000,0.0000,0.0000,0.0000,0.0000,0.0000,0.0000,0.0000,0.0000,-8.726,-5.912,2.162,0.224,0.969,0.000000,-0.114769,0.396446,0.163800,0.554523
974,1027.00,0.000,-10.509,1.0743,4.7208,0.0000,20.2572,2.2673,28.8278,0.0000,45.6433,0.0000,3.0043,0.0000,0.0000,0.0000,0.0000,0.0000,0.0000,0.0000,0.0000,0.0000,0.0000,0.0000,-8.846,-5.996,2.192,0.228,0.983,0.000000,-0.114625,0.395625,0.163359,0.555641
975,1026.00,0.000,-10.524,1.0888,4.7212,0.0000,20.2961,2.2534,28.7647,0.0000,45.6897,0.0000,2.9960,0.0000,0.0000,0.0000,0.0000,0.0000,0.0000,0.0000,0.0000,0.0000,0.0000,0.0000,-8.963,-6.077,2.221,0.231,0.996,0.000000,-0.114486,0.394798,0.162926,0.556762
976,1025.00,0.000,-10.538,1.1030,4.7215,0.0000,20.3350,2.2397,28.7013,0.0000,45.7361,0.0000,2.9879,0.0000,0.0000,0.0000,0.0000,0.0000,0.0000,0.0000,0.0000,0.0000,0.0000,0.0000,-9.077,-6.157,2.249,0.234,1.009,0.000000,-0.114351,0.393965,0.162501,0.557885
977,1024.00,0.000,-10.553,1.1168,4.7218,0.0000,20.3741,2.2261,28.6375,0.0000,45.7823,0.0000,2.9800,0.0000,0.0000,0.0000,0.0000,0.0000,0.0000,0.0000,0.0000,0.0000,0.0000,0.0000,-9.188,-6.235,2.276,0.237,1.021,0.000000,-0.114221,0.393127,0.162083,0.559011
978,1023.00,0.000,-10.567,1.1303,4.7221,0.0000,20.4133,2.2127,28.5734,0.0000,45.8284,0.0000,2.9721,0.0000,0.0000,0.0000,0.0000,0.0000,0.0000,0.0000,0.0000,0.0000,0.0000,0.0000,-9.296,-6.311,2.303,0.239,1.033,0.000000,-0.114095,0.392283,0.161673,0.560138
979,1022.00,0.000,-10.582,1.1434,4.7224,0.0000,20.4526,2.1994,28.5090,0.0000,45.8745,0.0000,2.9645,0.0000,0.0000,0.0000,0.0000,0.0000,0.0000,0.0000,0.0000,0.0000,0.0000,0.0000,-9.402,-6.386,2.329,0.242,1.045,0.000000,-0.113973,0.391435,0.161270,0.561267
980,1021.00,0.000,-10.597,1.1563,4.7227,0.0000,20.4920,2.1863,28.4444,0.0000,45.9204,0.0000,2.9569,0.0000,0.0000,0.0000,0.0000,0.0000,0.0000,0.0000,0.0000,0.0000,0.0000,0.0000,-9.504,-6.458,2.354,0.245,1.057,0.000000,-0.113855,0.390582,0.160874,0.562398
981,1020.00,0.000,-10.611,1.1688,4.7230,0.0000,20.5315,2.1733,28.3795,0.0000,45.9662,0.0000,2.9495,0.0000,0.0000,0.0000,0.0000,0.0000,0.0000,0.0000,0.0000,0.0000,0.0000,0.0000,-9.605,-6.529,2.378,0.247,1.068,0.000000,-0.113740,0.389725,0.160485,0.563530
982,1019.00,0.000,-10.626,1.1810,4.7233,0.0000,20.5710,2.1605,28.3143,0.0000,46.0120,0.0000,2.9422,0.0000,0.0000,0.0000,0.0000,0.0000,0.0000,0.0000,0.0000,0.0000,0.0000,0.0000,-9.703,-6.598,2.402,0.250,1.079,0.000000,-0.113630,0.388864,0.160103,0.564664
983,1018.00,0.000,-10.640,1.1929,4.7236,0.0000,20.6106,2.1478,28.2489,0.0000,46.0576,0.0000,2.9351,0.0000,0.0000,0.0000,0.0000,0.0000,0.0000,0.0000,0.0000,0.0000,0.0000,0.0000,-9.798,-6.666,2.426,0.253,1.090,0.000000,-0.113523,0.387998,0.159727,0.565798
984,1017.00,0.000,-10.655,1.2046,4.7238,0.0000,20.6503,2.1353,28.1833,0.0000,46.1031,0.0000,2.9280,0.0000,0.0000,0.0000,0.0000,0.0000,0.0000,0.0000,0.0000,0.0000,0.0000,0.0000,-9.891,-6.732,2.448,0.255,1.100,0.000000,-0.113420,0.387129,0.159357,0.566934
985,1016.00,0.000,-10.670,1.2159,4.7241,0.0000,20.6900,2.1229,28.1175,0.0000,46.1485,0.0000,2.9211,0.0000,0.0000,0.0000,0.0000,0.0000,0.0000,0.0000,0.0000,0.0000,0.0000,0.0000,-9.982,-6.797,2.471,0.257,1.111,0.000000,-0.113320,0.386256,0.158994,0.568070
986,1015.00,0.000,-10.685,1.2270,4.7244,0.0000,20.7297,2.1106,28.0516,0.0000,46.1938,0.0000,2.9143,0.0000,0.0000,0.0000,0.0000,0.0000,0.0000,0.0000,0.0000,0.0000,0.0000,0.0000,-10.070,-6.860,2.492,0.260,1.121,0.000000,-0.113224,0.385380,0.158637,0.569206
987,1014.00,0.000,-10.699,1.2379,4.7246,0.0000,20.7695,2.0984,27.9854,0.0000,46.2389,0.0000,2.9077,0.0000,0.0000,0.0000,0.0000,0.0000,0.0000,0.0000,0.0000,0.0000,0.0000,0.0000,-10.157,-6.922,2.513,0.262,1.130,0.000000,-0.113130,0.384501,0.158285,0.570343
988,1013.00,0.000,-10.714,1.2485,4.7248,0.0000,20.8094,2.0864,27.9191,0.0000,46.2840,0.0000,2.9011,0.0000,0.0000,0.0000,0.0000,0.0000,0.0000,0.0000,0.0000,0.0000,0.0000,0.0000,-10.242,-6.983,2.534,0.264,1.140,0.000000,-0.113040,0.383620,0.157940,0.571480
989,1012.00,0.000,-10.729,1.2589,4.7251,0.0000,20.8492,2.0745,27.8527,0.0000,46.3289,0.0000,2.8946,0.0000,0.0000,0.0000,0.0000,0.0000,0.0000,0.0000,0.0000,0.0000,0.0000,0.0000,-10.324,-7.042,2.554,0.266,1.149,0.000000,-0.112952,0.382735,0.157600,0.572617
990,1011.00,0.000,-10.744,1.2690,4.7253,0.0000,20.8891,2.0628,27.7861,0.0000,46.3737,0.0000,2.8883,0.0000,0.0000,0.0000,0.0000,0.0000,0.0000,0.0000,0.0000,0.0000,0.0000,0.0000,-10.405,-7.100,2.573,0.269,1.158,0.000000,-0.112868,0.381848,0.157266,0.573754
991,1010.00,0.000,-10.758,0.9288,4.7320,0.0000,20.4565,2.0741,28.5503,0.0000,46.1373,0.0000,2.7818,0.0000,0.0000,0.0000,0.0000,0.0000,0.0000,0.0000,0.0000,0.0000,0.0000,0.0000,-7.580,-5.165,1.881,0.196,0.847,0.000000,-0.106945,0.392796,0.151638,0.562510
992,1009.00,0.000,-10.773,0.8834,4.7332,0.0000,20.4222,2.0662,28.6141,0.0000,46.1370,0.0000,2.7604,0.0000,0.0000,0.0000,0.0000,0.0000,0.0000,0.0000,0.0000,0.0000,0.0000,0.0000,-7.203,-4.910,1.789,0.187,0.805,0.000000,-0.105975,0.393766,0.150509,0.561701
993,1008.00,0.000,-10.788,0.8404,4.7344,0.0000,20.3871,2.0597,28.6785,0.0000,46.1353,0.0000,2.7395,0.0000,0.0000,0.0000,0.0000,0.0000,0.0000,0.0000,0.0000,0.0000,0.0000,0.0000,-6.846,-4.667,1.701,0.178,0.766,0.000000,-0.105002,0.394740,0.149403,0.560858
994,1007.00,0.000,-10.803,0.7969,4.7356,0.0000,20.3519,2.0531,28.7428,0.0000,46.1333,0.0000,2.7188,0.0000,0.0000,0.0000,0.0000,0.0000,0.0000,0.0000,0.0000,0.0000,0.0000,0.0000,-6.486,-4.422,1.612,0.168,0.726,0.000000,-0.104038,0.395714,0.148309,0.560015
995,1006.00,0.000,-10.818,0.7530,4.7367,0.0000,20.3168,2.0467,28.8072,0.0000,46.1310,0.0000,2.6984,0.0000,0.0000,0.0000,0.0000,0.0000,0.0000,0.0000,0.0000,0.0000,0.0000,0.0000,-6.123,-4.176,1.522,0.159,0.686,0.000000,-0.103083,0.396687,0.147225,0.559171
996,1005.00,0.000,-10.833,0.7088,4.7379,0.0000,20.2816,2.0403,28.8716,0.0000,46.1283,0.0000,2.6781,0.0000,0.0000,0.0000,0.0000,0.0000,0.0000,0.0000,0.0000,0.0000,0.0000,0.0000,-5.758,-3.928,1.432,0.150,0.646,0.000000,-0.102139,0.397660,0.146152,0.558326
997,1004.00,0.000,-10.848,0.6642,4.7391,0.0000,20.2465,2.0340,28.9360,0.0000,46.1255,0.0000,2.6581,0.0000,0.0000,0.0000,0.0000,0.0000,0.0000,0.0000,0.0000,0.0000,0.0000,0.0000,-5.391,-3.678,1.342,0.140,0.605,0.000000,-0.101203,0.398633,0.145089,0.557480
998,1003.00,0.000,-10.863,0.6193,4.7402,0.0000,20.2114,2.0277,29.0003,0.0000,46.1223,0.0000,2.6382,0.0000,0.0000,0.0000,0.0000,0.0000,0.0000,0.0000,0.0000,0.0000,0.0000,0.0000,-5.022,-3.427,1.250,0.131,0.564,0.000000,-0.100276,0.399606,0.144037,0.556634
999,1002.00,0.000,-10.878,0.5740,4.7414,0.0000,20.1764,2.0215,29.0647,0.0000,46.1188,0.0000,2.6186,0.0000,0.0000,0.0000,0.0000,0.0000,0.0000,0.0000,0.0000,0.0000,0.0000,0.0000,-4.651,-3.174,1.158,0.121,0.522,0.000000,-0.099359,0.400578,0.142995,0.555786
1000,1001.00,0.000,-10.893,0.5283,4.7425,0.0000,20.1413,2.0153,29.1291,0.0000,46.1151,0.0000,2.5991,0.0000,0.0000,0.0000,0.0000,0.0000,0.0000,0.0000,0.0000,0.0000,0.0000,0.0000,-4.277,-2.919,1.066,0.111,0.481,0.000000,-0.098450,0.401551,0.141962,0.554937
1001,1000.00,0.000,-10.908,0.4823,4.7436,0.0000,20.1063,2.0092,29.1935,0.0000,46.1111,0.0000,2.5799,0.0000,0.0000,0.0000,0.0000,0.0000,0.0000,0.0000,0.0000,0.0000,0.0000,0.0000,-3.901,-2.663,0.972,0.102,0.439,0.000000,-0.097550,0.402522,0.140940,0.554088
1002,999.00,0.000,-10.923,0.4359,4.7448,0.0000,20.0712,2.0032,29.2579,0.0000,46.1068,0.0000,2.5608,0.0000,0.0000,0.0000,0.0000,0.0000,0.0000,0.0000,0.0000,0.0000,0.0000,0.0000,-3.523,-2.405,0.878,0.092,0.397,0.000000,-0.096659,0.403494,0.139927,0.553238
1003,998.00,0.000,-10.938,0.3892,4.7459,0.0000,20.0362,1.9972,29.3223,0.0000,46.1023,0.0000,2.5419,0.0000,0.0000,0.0000,0.0000,0.0000,0.0000,0.0000,0.0000,0.0000,0.0000,0.0000,-3.143,-2.146,0.784,0.082,0.354,0.000000,-0.095777,0.404466,0.138924,0.552386
1004,997.00,0.000,-10.953,0.3422,4.7470,0.0000,20.0012,1.9913,29.3868,0.0000,46.0974,0.0000,2.5232,0.0000,0.0000,0.0000,0.0000,0.0000,0.0000,0.0000,0.0000,0.0000,0.0000,0.0000,-2.761,-1.886,0.689,0.072,0.311,0.000000,-0.094902,0.405437,0.137931,0.551534
1005,996.00,0.000,-10.969,0.2949,4.7481,0.0000,19.9663,1.9854,29.4512,0.0000,46.0924,0.0000,2.5047,0.0000,0.0000,0.0000,0.0000,0.0000,0.0000,0.0000,0.0000,0.0000,0.0000,0.0000,-2.377,-1.624,0.593,0.062,0.268,0.000000,-0.094036,0.406409,0.136947,0.550681
1006,995.00,0.000,-10.984,0.2472,4.7492,0.0000,19.9313,1.9796,29.5157,0.0000,46.0871,0.0000,2.4864,0.0000,0.0000,0.0000,0.0000,0.0000,0.0000,0.0000,0.0000,0.0000,0.0000,0.0000,-1.991,-1.360,0.497,0.052,0.225,0.000000,-0.093178,0.407380,0.135972,0.549827
1007,994.00,0.000,-10.999,0.1992,4.7503,0.0000,19.8963,1.9738,29.5801,0.0000,46.0815,0.0000,2.4682,0.0000,0.0000,0.0000,0.0000,0.0000,0.0000,0.0000,0.0000,0.0000,0.0000,0.0000,-1.603,-1.095,0.400,0.042,0.181,0.000000,-0.092328,0.408351,0.135006,0.548971
1008,993.00,0.000,-11.014,0.1508,4.7514,0.0000,19.8613,1.9681,29.6446,0.0000,46.0756,0.0000,2.4503,0.0000,0.0000,0.0000,0.0000,0.0000,0.0000,0.0000,0.0000,0.0000,0.0000,0.0000,-1.213,-0.829,0.303,0.032,0.137,0.000000,-0.091487,0.409323,0.134049,0.548115
1009,992.00,0.000,-11.029,0.1022,4.7524,0.0000,19.8264,1.9625,29.7091,0.0000,46.0696,0.0000,2.4324,0.0000,0.0000,0.0000,0.0000,0.0000,0.0000,0.0000,0.0000,0.0000,0.0000,0.0000,-0.821,-0.561,0.205,0.022,0.093,0.000000,-0.090653,0.410294,0.133100,0.547258
1010,991.00,0.000,-11.045,0.0533,4.7535,0.0000,19.7915,1.9569,29.7736,0.0000,46.0632,0.0000,2.4148,0.0000,0.0000,0.0000,0.0000,0.0000,0.0000,0.0000,0.0000,0.0000,0.0000,0.0000,-0.427,-0.292,0.107,0.011,0.048,0.000000,-0.089826,0.411265,0.132161,0.546400
1011,990.00,0.000,-11.060,0.0040,4.7546,0.0000,19.7565,1.9513,29.8382,0.0000,46.0567,0.0000,2.3973,0.0000,0.0000,0.0000,0.0000,0.0000,0.0000,0.0000,0.0000,0.0000,0.0000,0.0000,-0.032,-0.022,0.008,0.001,0.004,0.000000,-0.089008,0.412236,0.131230,0.545541
