Index,T (C),P (kbars),log(10) f O2,mass (gm),rho (gm/cc),wt% SiO2,wt% TiO2,wt% Al2O3,wt% Fe2O3,wt% Cr2O3,wt% FeO,wt% MnO,wt% MgO,wt% NiO,wt% CoO,wt% CaO,wt% Na2O,wt% K2O,wt% P2O5,wt% H2O,wt% CO2,wt% SO3,wt% Cl2O-1,wt% F2O-1,G (kJ),H (kJ),S (J/K),V (cc),Cp (J/K),     diopside,clinoenstatit, hedenbergite,alumino-buffo,    buffonite,     essenite,      jadeite
805,1196.00,0.000,-8.347,0.3068,3.1956,52.9812,0.1244,3.1837,0.8583,0.0000,5.4453,0.0000,19.5596,0.0000,0.0000,17.7619,0.0856,0.0000,0.0000,0.0000,0.0000,0.0000,0.0000,0.0000,-5.045,-3.975,0.728,0.096,0.372,0.444526,0.304367,0.165022,0.056666,-0.049888,0.073294,0.006013
806,1195.00,0.000,-8.358,0.9559,3.1963,52.9592,0.1339,3.1911,0.8644,0.0000,5.4666,0.0000,19.5291,0.0000,0.0000,17.7686,0.0870,0.0000,0.0000,0.0000,0.0000,0.0000,0.0000,0.0000,-15.713,-12.383,2.268,0.299,1.158,0.443770,0.303882,0.165695,0.056961,-0.049661,0.073237,0.006116
807,1194.00,0.000,-8.370,1.5396,3.1969,52.9372,0.1438,3.1989,0.8702,0.0000,5.4844,0.0000,19.4982,0.0000,0.0000,17.7789,0.0885,0.0000,0.0000,0.0000,0.0000,0.0000,0.0000,0.0000,-25.300,-19.941,3.652,0.482,1.864,0.443240,0.303267,0.166262,0.057278,-0.049439,0.073176,0.006217
808,1193.00,0.000,-8.381,2.0663,3.1975,52.9150,0.1540,3.2071,0.8757,0.0000,5.4990,0.0000,19.4670,0.0000,0.0000,17.7924,0.0898,0.0000,0.0000,0.0000,0.0000,0.0000,0.0000,0.0000,-33.944,-26.760,4.900,0.646,2.501,0.442912,0.302532,0.166732,0.057616,-0.049219,0.073111,0.006316
809,1192.00,0.000,-8.392,2.5431,3.1980,52.8926,0.1645,3.2157,0.8810,0.0000,5.5107,0.0000,19.4354,0.0000,0.0000,17.8087,0.0912,0.0000,0.0000,0.0000,0.0000,0.0000,0.0000,0.0000,-41.764,-32.933,6.028,0.795,3.078,0.442765,0.301692,0.167115,0.057977,-0.049003,0.073043,0.006412
810,1191.00,0.000,-8.404,2.9762,3.1985,52.8701,0.1754,3.2247,0.8861,0.0000,5.5199,0.0000,19.4036,0.0000,0.0000,17.8277,0.0925,0.0000,0.0000,0.0000,0.0000,0.0000,0.0000,0.0000,-48.862,-38.538,7.051,0.930,3.601,0.442780,0.300757,0.167418,0.058358,-0.048790,0.072972,0.006506
811,1190.00,0.000,-8.415,3.3707,3.1991,52.8474,0.1866,3.2341,0.8910,0.0000,5.5267,0.0000,19.3716,0.0000,0.0000,17.8489,0.0938,0.0000,0.0000,0.0000,0.0000,0.0000,0.0000,0.0000,-55.324,-43.645,7.982,1.054,4.077,0.442938,0.299737,0.167649,0.058758,-0.048580,0.072900,0.006599
812,1189.00,0.000,-8.426,3.7312,3.1996,52.8245,0.1980,3.2438,0.8957,0.0000,5.5313,0.0000,19.3393,0.0000,0.0000,17.8721,0.0951,0.0000,0.0000,0.0000,0.0000,0.0000,0.0000,0.0000,-61.224,-48.310,8.832,1.166,4.512,0.443223,0.298642,0.167815,0.059179,-0.048373,0.072826,0.006689
813,1188.00,0.000,-8.438,4.0615,3.2001,52.8013,0.2098,3.2539,0.9003,0.0000,5.5341,0.0000,19.3070,0.0000,0.0000,17.8972,0.0963,0.0000,0.0000,0.0000,0.0000,0.0000,0.0000,0.0000,-66.626,-52.585,9.610,1.269,4.910,0.443620,0.297481,0.167922,0.059618,-0.048169,0.072751,0.006777
814,1187.00,0.000,-8.449,4.3649,3.2005,52.7780,0.2218,3.2644,0.9048,0.0000,5.5351,0.0000,19.2745,0.0000,0.0000,17.9238,0.0976,0.0000,0.0000,0.0000,0.0000,0.0000,0.0000,0.0000,-71.586,-56.513,10.323,1.364,5.276,0.444116,0.296263,0.167976,0.060074,-0.047968,0.072675,0.006864
815,1186.00,0.000,-8.461,4.6443,3.2010,52.7544,0.2341,3.2752,0.9092,0.0000,5.5345,0.0000,19.2419,0.0000,0.0000,17.9519,0.0987,0.0000,0.0000,0.0000,0.0000,0.0000,0.0000,0.0000,-76.151,-60.131,10.979,1.451,5.612,0.444698,0.294993,0.167982,0.060548,-0.047769,0.072599,0.006948
816,1185.00,0.000,-8.472,4.9024,3.2015,52.7306,0.2467,3.2864,0.9134,0.0000,5.5326,0.0000,19.2094,0.0000,0.0000,17.9811,0.0999,0.0000,0.0000,0.0000,0.0000,0.0000,0.0000,0.0000,-80.364,-63.472,11.584,1.531,5.922,0.445357,0.293680,0.167944,0.061039,-0.047573,0.072522,0.007031
817,1184.00,0.000,-8.484,5.1412,3.2019,52.7065,0.2595,3.2979,0.9176,0.0000,5.5293,0.0000,19.1768,0.0000,0.0000,18.0114,0.1010,0.0000,0.0000,0.0000,0.0000,0.0000,0.0000,0.0000,-84.261,-66.566,12.143,1.606,6.209,0.446081,0.292329,0.167868,0.061545,-0.047379,0.072444,0.007112
818,1183.00,0.000,-8.495,5.3628,3.2024,52.6823,0.2725,3.3097,0.9216,0.0000,5.5249,0.0000,19.1442,0.0000,0.0000,18.0426,0.1022,0.0000,0.0000,0.0000,0.0000,0.0000,0.0000,0.0000,-87.873,-69.437,12.661,1.675,6.475,0.446862,0.290945,0.167756,0.062066,-0.047187,0.072367,0.007191
819,1182.00,0.000,-8.507,5.5688,3.2028,52.6578,0.2857,3.3218,0.9256,0.0000,5.5195,0.0000,19.1117,0.0000,0.0000,18.0747,0.1032,0.0000,0.0000,0.0000,0.0000,0.0000,0.0000,0.0000,-91.230,-72.107,13.142,1.739,6.722,0.447692,0.289534,0.167613,0.062601,-0.046998,0.072290,0.007269
820,1181.00,0.000,-8.518,5.7608,3.2032,52.6332,0.2991,3.3341,0.9295,0.0000,5.5132,0.0000,19.0792,0.0000,0.0000,18.1073,0.1043,0.0000,0.0000,0.0000,0.0000,0.0000,0.0000,0.0000,-94.356,-74.597,13.588,1.798,6.952,0.448565,0.288099,0.167441,0.063149,-0.046811,0.072212,0.007345
821,1180.00,0.000,-8.530,5.9400,3.2037,52.6084,0.3127,3.3468,0.9333,0.0000,5.5060,0.0000,19.0468,0.0000,0.0000,18.1406,0.1054,0.0000,0.0000,0.0000,0.0000,0.0000,0.0000,0.0000,-97.273,-76.921,14.005,1.854,7.167,0.449474,0.286645,0.167243,0.063709,-0.046626,0.072135,0.007420
822,1179.00,0.000,-8.542,6.1077,3.2041,52.5834,0.3265,3.3596,0.9371,0.0000,5.4981,0.0000,19.0146,0.0000,0.0000,18.1743,0.1064,0.0000,0.0000,0.0000,0.0000,0.0000,0.0000,0.0000,-99.999,-79.097,14.394,1.906,7.367,0.450413,0.285176,0.167023,0.064282,-0.046443,0.072057,0.007493
823,1178.00,0.000,-8.553,6.2648,3.2045,52.5583,0.3405,3.3727,0.9408,0.0000,5.4895,0.0000,18.9825,0.0000,0.0000,18.2084,0.1074,0.0000,0.0000,0.0000,0.0000,0.0000,0.0000,0.0000,-102.553,-81.137,14.757,1.955,7.555,0.451378,0.283693,0.166781,0.064865,-0.046262,0.071980,0.007564
824,1177.00,0.000,-8.565,6.4123,3.2049,52.5330,0.3546,3.3860,0.9444,0.0000,5.4803,0.0000,18.9505,0.0000,0.0000,18.2428,0.1084,0.0000,0.0000,0.0000,0.0000,0.0000,0.0000,0.0000,-104.948,-83.054,15.098,2.001,7.731,0.452364,0.282202,0.166522,0.065458,-0.046083,0.071904,0.007634
825,1176.00,0.000,-8.576,6.5510,3.2053,52.5077,0.3688,3.3995,0.9480,0.0000,5.4706,0.0000,18.9187,0.0000,0.0000,18.2774,0.1093,0.0000,0.0000,0.0000,0.0000,0.0000,0.0000,0.0000,-107.199,-84.857,15.418,2.044,7.896,0.453368,0.280703,0.166245,0.066060,-0.045906,0.071827,0.007702
826,1175.00,0.000,-8.588,6.6817,3.2057,52.4822,0.3831,3.4132,0.9514,0.0000,5.4604,0.0000,18.8871,0.0000,0.0000,18.3123,0.1103,0.0000,0.0000,0.0000,0.0000,0.0000,0.0000,0.0000,-109.318,-86.556,15.718,2.084,8.052,0.454386,0.279199,0.165954,0.066671,-0.045731,0.071751,0.007769
827,1174.00,0.000,-8.600,6.8049,3.2061,52.4567,0.3975,3.4270,0.9549,0.0000,5.4498,0.0000,18.8558,0.0000,0.0000,18.3472,0.1112,0.0000,0.0000,0.0000,0.0000,0.0000,0.0000,0.0000,-111.315,-88.160,16.001,2.122,8.198,0.455415,0.277694,0.165650,0.067290,-0.045558,0.071675,0.007835
828,1173.00,0.000,-8.611,6.9213,3.2065,52.4311,0.4121,3.4409,0.9583,0.0000,5.4388,0.0000,18.8246,0.0000,0.0000,18.3822,0.1121,0.0000,0.0000,0.0000,0.0000,0.0000,0.0000,0.0000,-113.200,-89.676,16.267,2.159,8.336,0.456452,0.276187,0.165334,0.067915,-0.045387,0.071599,0.007899
829,1172.00,0.000,-8.623,7.0314,3.2069,52.4055,0.4266,3.4550,0.9616,0.0000,5.4275,0.0000,18.7936,0.0000,0.0000,18.4172,0.1130,0.0000,0.0000,0.0000,0.0000,0.0000,0.0000,0.0000,-114.981,-91.110,16.518,2.193,8.467,0.457496,0.274682,0.165008,0.068546,-0.045218,0.071523,0.007962
830,1171.00,0.000,-8.635,7.1356,3.2073,52.3799,0.4413,3.4691,0.9648,0.0000,5.4159,0.0000,18.7629,0.0000,0.0000,18.4523,0.1138,0.0000,0.0000,0.0000,0.0000,0.0000,0.0000,0.0000,-116.666,-92.469,16.755,2.225,8.590,0.458544,0.273180,0.164673,0.069182,-0.045051,0.071448,0.008024
831,1170.00,0.000,-8.647,7.2344,3.2077,52.3543,0.4560,3.4834,0.9680,0.0000,5.4040,0.0000,18.7325,0.0000,0.0000,18.4872,0.1147,0.0000,0.0000,0.0000,0.0000,0.0000,0.0000,0.0000,-118.262,-93.758,16.980,2.255,8.707,0.459595,0.271683,0.164330,0.069822,-0.044886,0.071374,0.008084
832,1169.00,0.000,-8.658,7.3281,3.2081,52.3287,0.4706,3.4976,0.9711,0.0000,5.3920,0.0000,18.7024,0.0000,0.0000,18.5221,0.1155,0.0000,0.0000,0.0000,0.0000,0.0000,0.0000,0.0000,-119.774,-94.981,17.192,2.284,8.818,0.460646,0.270191,0.163980,0.070465,-0.044724,0.071299,0.008143
833,1168.00,0.000,-8.670,7.4170,3.2084,52.3032,0.4853,3.5120,0.9742,0.0000,5.3797,0.0000,18.6725,0.0000,0.0000,18.5568,0.1163,0.0000,0.0000,0.0000,0.0000,0.0000,0.0000,0.0000,-121.209,-96.144,17.393,2.312,8.923,0.461697,0.268706,0.163625,0.071110,-0.044563,0.071225,0.008200
834,1167.00,0.000,-8.682,7.5016,3.2088,52.2778,0.5000,3.5263,0.9772,0.0000,5.3673,0.0000,18.6429,0.0000,0.0000,18.5914,0.1171,0.0000,0.0000,0.0000,0.0000,0.0000,0.0000,0.0000,-122.571,-97.249,17.583,2.338,9.022,0.462747,0.267229,0.163264,0.071757,-0.044405,0.071151,0.008256
835,1166.00,0.000,-8.694,7.5819,3.2092,52.2526,0.5146,3.5406,0.9801,0.0000,5.3548,0.0000,18.6136,0.0000,0.0000,18.6258,0.1178,0.0000,0.0000,0.0000,0.0000,0.0000,0.0000,0.0000,-123.865,-98.301,17.763,2.363,9.117,0.463795,0.265761,0.162899,0.072405,-0.044249,0.071078,0.008311
836,1165.00,0.000,-8.705,7.6584,3.2096,52.2275,0.5292,3.5549,0.9830,0.0000,5.3422,0.0000,18.5847,0.0000,0.0000,18.6600,0.1186,0.0000,0.0000,0.0000,0.0000,0.0000,0.0000,0.0000,-125.095,-99.303,17.934,2.386,9.207,0.464839,0.264303,0.162531,0.073052,-0.044095,0.071005,0.008365
837,1164.00,0.000,-8.717,7.7312,3.2099,52.2025,0.5437,3.5691,0.9857,0.0000,5.3295,0.0000,18.5561,0.0000,0.0000,18.6940,0.1193,0.0000,0.0000,0.0000,0.0000,0.0000,0.0000,0.0000,-126.264,-100.257,18.096,2.409,9.292,0.465880,0.262856,0.162160,0.073698,-0.043943,0.070932,0.008417
838,1163.00,0.000,-8.729,7.8004,3.2103,52.1778,0.5582,3.5833,0.9885,0.0000,5.3167,0.0000,18.5279,0.0000,0.0000,18.7277,0.1200,0.0000,0.0000,0.0000,0.0000,0.0000,0.0000,0.0000,-127.376,-101.166,18.250,2.430,9.373,0.466916,0.261422,0.161788,0.074341,-0.043795,0.070860,0.008468
839,1162.00,0.000,-8.741,7.8664,3.2106,52.1533,0.5725,3.5974,0.9911,0.0000,5.3039,0.0000,18.5000,0.0000,0.0000,18.7612,0.1207,0.0000,0.0000,0.0000,0.0000,0.0000,0.0000,0.0000,-128.434,-102.033,18.396,2.450,9.450,0.467948,0.259999,0.161414,0.074982,-0.043648,0.070788,0.008518
840,1161.00,0.000,-8.753,7.9292,3.2110,52.1290,0.5867,3.6114,0.9936,0.0000,5.2911,0.0000,18.4724,0.0000,0.0000,18.7943,0.1214,0.0000,0.0000,0.0000,0.0000,0.0000,0.0000,0.0000,-129.440,-102.859,18.535,2.469,9.523,0.468974,0.258590,0.161039,0.075618,-0.043504,0.070716,0.008566
841,1160.00,0.000,-8.765,7.9890,3.2113,52.1050,0.6008,3.6252,0.9961,0.0000,5.2783,0.0000,18.4453,0.0000,0.0000,18.8272,0.1221,0.0000,0.0000,0.0000,0.0000,0.0000,0.0000,0.0000,-130.398,-103.647,18.666,2.488,9.593,0.469996,0.257195,0.160664,0.076250,-0.043363,0.070645,0.008614
842,1159.00,0.000,-8.777,8.0459,3.2117,52.0814,0.6147,3.6389,0.9985,0.0000,5.2656,0.0000,18.4185,0.0000,0.0000,18.8598,0.1227,0.0000,0.0000,0.0000,0.0000,0.0000,0.0000,0.0000,-131.308,-104.397,18.791,2.505,9.659,0.471011,0.255814,0.160290,0.076876,-0.043225,0.070575,0.008660
843,1158.00,0.000,-8.789,8.1001,3.2120,52.0581,0.6284,3.6524,1.0008,0.0000,5.2528,0.0000,18.3921,0.0000,0.0000,18.8920,0.1233,0.0000,0.0000,0.0000,0.0000,0.0000,0.0000,0.0000,-132.174,-105.113,18.909,2.522,9.722,0.472022,0.254448,0.159916,0.077495,-0.043090,0.070505,0.008704
844,1157.00,0.000,-8.801,8.1518,3.2124,52.0351,0.6419,3.6658,1.0030,0.0000,5.2402,0.0000,18.3662,0.0000,0.0000,18.9239,0.1239,0.0000,0.0000,0.0000,0.0000,0.0000,0.0000,0.0000,-132.997,-105.795,19.021,2.538,9.782,0.473026,0.253097,0.159544,0.078108,-0.042957,0.070435,0.008748
845,1156.00,0.000,-8.812,8.2009,3.2127,52.0125,0.6553,3.6789,1.0051,0.0000,5.2275,0.0000,18.3406,0.0000,0.0000,18.9555,0.1245,0.0000,0.0000,0.0000,0.0000,0.0000,0.0000,0.0000,-133.780,-106.445,19.127,2.553,9.839,0.474025,0.251762,0.159173,0.078712,-0.042828,0.070366,0.008790
846,1155.00,0.000,-8.824,8.2476,3.2130,51.9903,0.6684,3.6919,1.0072,0.0000,5.2150,0.0000,18.3155,0.0000,0.0000,18.9867,0.1251,0.0000,0.0000,0.0000,0.0000,0.0000,0.0000,0.0000,-134.523,-107.064,19.227,2.567,9.893,0.475018,0.250443,0.158803,0.079308,-0.042702,0.070298,0.008831
847,1154.00,0.000,-8.836,8.2921,3.2133,51.9685,0.6813,3.7046,1.0091,0.0000,5.2025,0.0000,18.2908,0.0000,0.0000,19.0176,0.1256,0.0000,0.0000,0.0000,0.0000,0.0000,0.0000,0.0000,-135.229,-107.654,19.322,2.581,9.944,0.476006,0.249141,0.158437,0.079894,-0.042578,0.070230,0.008870
848,1153.00,0.000,-8.848,8.3343,3.2137,51.9471,0.6940,3.7171,1.0110,0.0000,5.1902,0.0000,18.2665,0.0000,0.0000,19.0480,0.1262,0.0000,0.0000,0.0000,0.0000,0.0000,0.0000,0.0000,-135.900,-108.216,19.412,2.593,9.993,0.476988,0.247855,0.158072,0.080471,-0.042458,0.070163,0.008909
849,1152.00,0.000,-8.860,8.3745,3.2140,51.9262,0.7064,3.7293,1.0127,0.0000,5.1779,0.0000,18.2426,0.0000,0.0000,19.0782,0.1267,0.0000,0.0000,0.0000,0.0000,0.0000,0.0000,0.0000,-136.535,-108.750,19.496,2.606,10.039,0.477965,0.246585,0.157711,0.081037,-0.042341,0.070097,0.008946
850,1151.00,0.000,-8.873,8.4126,3.2143,51.9058,0.7186,3.7413,1.0144,0.0000,5.1657,0.0000,18.2191,0.0000,0.0000,19.1079,0.1272,0.0000,0.0000,0.0000,0.0000,0.0000,0.0000,0.0000,-137.138,-109.258,19.576,2.617,10.083,0.478937,0.245332,0.157353,0.081593,-0.042228,0.070031,0.008982
851,1150.00,0.000,-8.885,8.4488,3.2146,51.8858,0.7305,3.7530,1.0160,0.0000,5.1537,0.0000,18.1961,0.0000,0.0000,19.1373,0.1277,0.0000,0.0000,0.0000,0.0000,0.0000,0.0000,0.0000,-137.709,-109.742,19.652,2.628,10.124,0.479903,0.244097,0.156997,0.082137,-0.042117,0.069966,0.009017
852,1149.00,0.000,-8.897,8.4831,3.2149,51.8663,0.7421,3.7644,1.0175,0.0000,5.1418,0.0000,18.1735,0.0000,0.0000,19.1663,0.1281,0.0000,0.0000,0.0000,0.0000,0.0000,0.0000,0.0000,-138.250,-110.201,19.723,2.639,10.163,0.480864,0.242877,0.156646,0.082670,-0.042010,0.069901,0.009051
853,1148.00,0.000,-8.909,8.5157,3.2152,51.8472,0.7535,3.7756,1.0189,0.0000,5.1300,0.0000,18.1513,0.0000,0.0000,19.1949,0.1286,0.0000,0.0000,0.0000,0.0000,0.0000,0.0000,0.0000,-138.762,-110.638,19.790,2.649,10.200,0.481820,0.241675,0.156298,0.083192,-0.041906,0.069838,0.009084
854,1147.00,0.000,-8.921,8.5465,3.2155,51.8287,0.7646,3.7865,1.0202,0.0000,5.1184,0.0000,18.1296,0.0000,0.0000,19.2232,0.1290,0.0000,0.0000,0.0000,0.0000,0.0000,0.0000,0.0000,-139.247,-111.053,19.853,2.658,10.235,0.482772,0.240489,0.155953,0.083702,-0.041805,0.069775,0.009115
855,1146.00,0.000,-8.933,8.5758,3.2157,51.8106,0.7754,3.7971,1.0214,0.0000,5.1068,0.0000,18.1082,0.0000,0.0000,19.2511,0.1295,0.0000,0.0000,0.0000,0.0000,0.0000,0.0000,0.0000,-139.705,-111.447,19.912,2.667,10.268,0.483718,0.239320,0.155612,0.084199,-0.041708,0.069713,0.009146
856,1145.00,0.000,-8.945,8.6035,3.2160,51.7930,0.7859,3.8074,1.0225,0.0000,5.0954,0.0000,18.0872,0.0000,0.0000,19.2786,0.1299,0.0000,0.0000,0.0000,0.0000,0.0000,0.0000,0.0000,-140.138,-111.821,19.967,2.675,10.299,0.484660,0.238167,0.155275,0.084685,-0.041613,0.069651,0.009175
857,1144.00,0.000,-8.957,8.6297,3.2163,51.7759,0.7962,3.8174,1.0236,0.0000,5.0842,0.0000,18.0667,0.0000,0.0000,19.3058,0.1303,0.0000,0.0000,0.0000,0.0000,0.0000,0.0000,0.0000,-140.547,-112.176,20.019,2.683,10.329,0.485597,0.237030,0.154942,0.085159,-0.041522,0.069590,0.009203
858,1143.00,0.000,-8.969,8.6546,3.2165,51.7592,0.8062,3.8272,1.0245,0.0000,5.0731,0.0000,18.0465,0.0000,0.0000,19.3326,0.1306,0.0000,0.0000,0.0000,0.0000,0.0000,0.0000,0.0000,-140.933,-112.513,20.068,2.691,10.357,0.486530,0.235908,0.154613,0.085621,-0.041434,0.069531,0.009231
859,1142.00,0.000,-8.982,8.6781,3.2168,51.7430,0.8159,3.8367,1.0254,0.0000,5.0621,0.0000,18.0267,0.0000,0.0000,19.3591,0.1310,0.0000,0.0000,0.0000,0.0000,0.0000,0.0000,0.0000,-141.297,-112.833,20.114,2.698,10.383,0.487458,0.234802,0.154288,0.086072,-0.041349,0.069471,0.009257
860,1141.00,0.000,-8.994,8.7004,3.2171,51.7273,0.8254,3.8459,1.0262,0.0000,5.0513,0.0000,18.0073,0.0000,0.0000,19.3852,0.1314,0.0000,0.0000,0.0000,0.0000,0.0000,0.0000,0.0000,-141.641,-113.137,20.156,2.704,10.408,0.488381,0.233711,0.153967,0.086511,-0.041267,0.069413,0.009283
861,1140.00,0.000,-9.006,8.7214,3.2173,51.7120,0.8346,3.8549,1.0270,0.0000,5.0406,0.0000,17.9883,0.0000,0.0000,19.4110,0.1317,0.0000,0.0000,0.0000,0.0000,0.0000,0.0000,0.0000,-141.966,-113.426,20.196,2.711,10.431,0.489301,0.232635,0.153649,0.086939,-0.041187,0.069356,0.009307
862,1139.00,0.000,-9.018,8.7414,3.2176,51.6971,0.8435,3.8636,1.0276,0.0000,5.0300,0.0000,17.9696,0.0000,0.0000,19.4365,0.1320,0.0000,0.0000,0.0000,0.0000,0.0000,0.0000,0.0000,-142.272,-113.699,20.234,2.717,10.453,0.490216,0.231574,0.153336,0.087356,-0.041111,0.069299,0.009331
863,1138.00,0.000,-9.031,8.7603,3.2178,51.6827,0.8522,3.8721,1.0282,0.0000,5.0196,0.0000,17.9512,0.0000,0.0000,19.4617,0.1323,0.0000,0.0000,0.0000,0.0000,0.0000,0.0000,0.0000,-142.561,-113.960,20.268,2.722,10.474,0.491126,0.230526,0.153026,0.087762,-0.041037,0.069243,0.009354
864,1137.00,0.000,-9.043,8.7781,3.2180,51.6686,0.8607,3.8803,1.0287,0.0000,5.0092,0.0000,17.9332,0.0000,0.0000,19.4866,0.1327,0.0000,0.0000,0.0000,0.0000,0.0000,0.0000,0.0000,-142.834,-114.207,20.301,2.728,10.493,0.492032,0.229492,0.152720,0.088158,-0.040965,0.069187,0.009376
865,1136.00,0.000,-9.055,8.7951,3.2183,51.6549,0.8689,3.8883,1.0292,0.0000,4.9991,0.0000,17.9154,0.0000,0.0000,19.5111,0.1329,0.0000,0.0000,0.0000,0.0000,0.0000,0.0000,0.0000,-143.092,-114.442,20.331,2.733,10.512,0.492934,0.228472,0.152417,0.088543,-0.040897,0.069132,0.009398
866,1135.00,0.000,-9.068,8.8111,3.2185,51.6417,0.8770,3.8961,1.0296,0.0000,4.9890,0.0000,17.8980,0.0000,0.0000,19.5354,0.1332,0.0000,0.0000,0.0000,0.0000,0.0000,0.0000,0.0000,-143.334,-114.665,20.359,2.738,10.529,0.493832,0.227464,0.152118,0.088919,-0.040830,0.069078,0.009418
867,1134.00,0.000,-9.080,8.8263,3.2187,51.6287,0.8848,3.9037,1.0299,0.0000,4.9791,0.0000,17.8809,0.0000,0.0000,19.5594,0.1335,0.0000,0.0000,0.0000,0.0000,0.0000,0.0000,0.0000,-143.564,-114.878,20.386,2.742,10.545,0.494725,0.226469,0.151823,0.089286,-0.040767,0.069025,0.009438
868,1133.00,0.000,-9.092,8.8408,3.2189,51.6162,0.8924,3.9110,1.0302,0.0000,4.9693,0.0000,17.8641,0.0000,0.0000,19.5831,0.1338,0.0000,0.0000,0.0000,0.0000,0.0000,0.0000,0.0000,-143.780,-115.081,20.410,2.746,10.561,0.495614,0.225485,0.151531,0.089644,-0.040705,0.068973,0.009458
869,1132.00,0.000,-9.105,8.8544,3.2192,51.6039,0.8998,3.9182,1.0304,0.0000,4.9595,0.0000,17.8475,0.0000,0.0000,19.6066,0.1340,0.0000,0.0000,0.0000,0.0000,0.0000,0.0000,0.0000,-143.985,-115.274,20.433,2.751,10.576,0.496499,0.224514,0.151242,0.089993,-0.040645,0.068921,0.009476
870,1131.00,0.000,-9.117,8.8675,3.2194,51.5920,0.9070,3.9252,1.0306,0.0000,4.9500,0.0000,17.8312,0.0000,0.0000,19.6298,0.1343,0.0000,0.0000,0.0000,0.0000,0.0000,0.0000,0.0000,-144.178,-115.458,20.454,2.754,10.589,0.497380,0.223554,0.150957,0.090334,-0.040588,0.068869,0.009494
871,1130.00,0.000,-9.129,8.8798,3.2196,51.5804,0.9140,3.9320,1.0307,0.0000,4.9405,0.0000,17.8152,0.0000,0.0000,19.6527,0.1345,0.0000,0.0000,0.0000,0.0000,0.0000,0.0000,0.0000,-144.361,-115.634,20.473,2.758,10.602,0.498256,0.222605,0.150675,0.090667,-0.040532,0.068818,0.009512
872,1129.00,0.000,-9.142,8.8916,3.2198,51.5690,0.9209,3.9386,1.0308,0.0000,4.9311,0.0000,17.7994,0.0000,0.0000,19.6754,0.1348,0.0000,0.0000,0.0000,0.0000,0.0000,0.0000,0.0000,-144.534,-115.802,20.492,2.762,10.615,0.499128,0.221667,0.150395,0.090992,-0.040479,0.068768,0.009529
873,1128.00,0.000,-9.154,8.9028,3.2200,51.5580,0.9276,3.9450,1.0308,0.0000,4.9218,0.0000,17.7838,0.0000,0.0000,19.6979,0.1350,0.0000,0.0000,0.0000,0.0000,0.0000,0.0000,0.0000,-144.698,-115.963,20.508,2.765,10.626,0.499995,0.220738,0.150119,0.091311,-0.040427,0.068718,0.009546
874,1127.00,0.000,-9.167,8.9134,3.2202,51.5472,0.9342,3.9513,1.0308,0.0000,4.9126,0.0000,17.7685,0.0000,0.0000,19.7201,0.1352,0.0000,0.0000,0.0000,0.0000,0.0000,0.0000,0.0000,-144.853,-116.117,20.524,2.768,10.637,0.500858,0.219820,0.149846,0.091622,-0.040377,0.068669,0.009562
875,1126.00,0.000,-9.179,8.9236,3.2204,51.5367,0.9406,3.9575,1.0308,0.0000,4.9036,0.0000,17.7534,0.0000,0.0000,19.7421,0.1354,0.0000,0.0000,0.0000,0.0000,0.0000,0.0000,0.0000,-145.001,-116.264,20.539,2.771,10.648,0.501717,0.218912,0.149575,0.091927,-0.040329,0.068621,0.009577
876,1125.00,0.000,-9.192,8.9333,3.2206,51.5264,0.9468,3.9635,1.0307,0.0000,4.8946,0.0000,17.7384,0.0000,0.0000,19.7639,0.1356,0.0000,0.0000,0.0000,0.0000,0.0000,0.0000,0.0000,-145.140,-116.406,20.552,2.774,10.658,0.502571,0.218013,0.149307,0.092226,-0.040282,0.068573,0.009592
877,1124.00,0.000,-9.204,8.9426,3.2208,51.5163,0.9530,3.9694,1.0306,0.0000,4.8857,0.0000,17.7237,0.0000,0.0000,19.7855,0.1358,0.0000,0.0000,0.0000,0.0000,0.0000,0.0000,0.0000,-145.273,-116.542,20.564,2.777,10.667,0.503422,0.217123,0.149042,0.092519,-0.040237,0.068525,0.009607
878,1123.00,0.000,-9.217,8.9515,3.2210,51.5065,0.9590,3.9752,1.0304,0.0000,4.8769,0.0000,17.7092,0.0000,0.0000,19.8069,0.1360,0.0000,0.0000,0.0000,0.0000,0.0000,0.0000,0.0000,-145.400,-116.673,20.576,2.779,10.676,0.504267,0.216241,0.148779,0.092806,-0.040193,0.068478,0.009621
879,1122.00,0.000,-9.229,8.9600,3.2212,51.4968,0.9648,3.9808,1.0302,0.0000,4.8682,0.0000,17.6949,0.0000,0.0000,19.8281,0.1362,0.0000,0.0000,0.0000,0.0000,0.0000,0.0000,0.0000,-145.520,-116.799,20.586,2.782,10.685,0.505109,0.215368,0.148519,0.093088,-0.040150,0.068431,0.009635
880,1121.00,0.000,-9.242,8.9681,3.2214,51.4874,0.9706,3.9863,1.0300,0.0000,4.8595,0.0000,17.6807,0.0000,0.0000,19.8491,0.1364,0.0000,0.0000,0.0000,0.0000,0.0000,0.0000,0.0000,-145.634,-116.920,20.596,2.784,10.693,0.505946,0.214504,0.148261,0.093365,-0.040109,0.068385,0.009649
881,1120.00,0.000,-9.254,8.9760,3.2216,51.4781,0.9763,3.9918,1.0297,0.0000,4.8510,0.0000,17.6667,0.0000,0.0000,19.8699,0.1366,0.0000,0.0000,0.0000,0.0000,0.0000,0.0000,0.0000,-145.744,-117.037,20.605,2.786,10.700,0.506778,0.213647,0.148006,0.093637,-0.040069,0.068339,0.009662
882,1119.00,0.000,-9.267,8.9835,3.2218,51.4690,0.9818,3.9971,1.0294,0.0000,4.8425,0.0000,17.6529,0.0000,0.0000,19.8906,0.1368,0.0000,0.0000,0.0000,0.0000,0.0000,0.0000,0.0000,-145.848,-117.151,20.614,2.788,10.708,0.507607,0.212798,0.147752,0.093905,-0.040030,0.068293,0.009675
883,1118.00,0.000,-9.280,8.9907,3.2219,51.4601,0.9873,4.0023,1.0291,0.0000,4.8341,0.0000,17.6392,0.0000,0.0000,19.9110,0.1369,0.0000,0.0000,0.0000,0.0000,0.0000,0.0000,0.0000,-145.948,-117.260,20.621,2.790,10.715,0.508431,0.211956,0.147501,0.094169,-0.039993,0.068248,0.009687
884,1117.00,0.000,-9.292,8.9977,3.2221,51.4513,0.9926,4.0074,1.0288,0.0000,4.8257,0.0000,17.6257,0.0000,0.0000,19.9313,0.1371,0.0000,0.0000,0.0000,0.0000,0.0000,0.0000,0.0000,-146.043,-117.367,20.628,2.792,10.721,0.509251,0.211122,0.147252,0.094428,-0.039956,0.068204,0.009699
885,1116.00,0.000,-9.305,9.0045,3.2223,51.4427,0.9979,4.0125,1.0284,0.0000,4.8175,0.0000,17.6123,0.0000,0.0000,19.9515,0.1373,0.0000,0.0000,0.0000,0.0000,0.0000,0.0000,0.0000,-146.135,-117.470,20.635,2.794,10.728,0.510066,0.210295,0.147005,0.094684,-0.039921,0.068159,0.009711
886,1115.00,0.000,-9.318,9.0110,3.2225,51.4342,1.0031,4.0174,1.0280,0.0000,4.8093,0.0000,17.5990,0.0000,0.0000,19.9715,0.1374,0.0000,0.0000,0.0000,0.0000,0.0000,0.0000,0.0000,-146.222,-117.570,20.641,2.796,10.734,0.510877,0.209474,0.146760,0.094936,-0.039886,0.068115,0.009723
887,1114.00,0.000,-9.330,9.0172,3.2227,51.4259,1.0082,4.0223,1.0276,0.0000,4.8011,0.0000,17.5859,0.0000,0.0000,19.9913,0.1376,0.0000,0.0000,0.0000,0.0000,0.0000,0.0000,0.0000,-146.307,-117.667,20.646,2.798,10.740,0.511684,0.208661,0.146517,0.095185,-0.039853,0.068071,0.009735
888,1113.00,0.000,-9.343,9.0233,3.2229,51.4177,1.0132,4.0272,1.0272,0.0000,4.7931,0.0000,17.5730,0.0000,0.0000,20.0109,0.1377,0.0000,0.0000,0.0000,0.0000,0.0000,0.0000,0.0000,-146.388,-117.762,20.651,2.800,10.746,0.512486,0.207853,0.146276,0.095430,-0.039820,0.068028,0.009746
889,1112.00,0.000,-9.356,9.0293,3.2230,51.4096,1.0182,4.0319,1.0268,0.0000,4.7851,0.0000,17.5601,0.0000,0.0000,20.0305,0.1379,0.0000,0.0000,0.0000,0.0000,0.0000,0.0000,0.0000,-146.466,-117.854,20.656,2.801,10.751,0.513284,0.207053,0.146037,0.095673,-0.039788,0.067984,0.009757
890,1111.00,0.000,-9.368,9.0350,3.2232,51.4017,1.0231,4.0366,1.0263,0.0000,4.7771,0.0000,17.5474,0.0000,0.0000,20.0498,0.1380,0.0000,0.0000,0.0000,0.0000,0.0000,0.0000,0.0000,-146.541,-117.944,20.660,2.803,10.756,0.514078,0.206258,0.145799,0.095912,-0.039757,0.067941,0.009768
891,1110.00,0.000,-9.381,9.0406,3.2234,51.3938,1.0279,4.0412,1.0258,0.0000,4.7692,0.0000,17.5348,0.0000,0.0000,20.0691,0.1382,0.0000,0.0000,0.0000,0.0000,0.0000,0.0000,0.0000,-146.613,-118.032,20.664,2.805,10.761,0.514868,0.205469,0.145563,0.096149,-0.039727,0.067899,0.009778
892,1109.00,0.000,-9.394,9.0460,3.2236,51.3861,1.0327,4.0458,1.0253,0.0000,4.7614,0.0000,17.5223,0.0000,0.0000,20.0882,0.1383,0.0000,0.0000,0.0000,0.0000,0.0000,0.0000,0.0000,-146.684,-118.118,20.667,2.806,10.766,0.515654,0.204686,0.145329,0.096384,-0.039697,0.067856,0.009789
893,1108.00,0.000,-9.407,9.0513,3.2237,51.3784,1.0374,4.0503,1.0248,0.0000,4.7536,0.0000,17.5099,0.0000,0.0000,20.1071,0.1385,0.0000,0.0000,0.0000,0.0000,0.0000,0.0000,0.0000,-146.751,-118.202,20.670,2.808,10.771,0.516435,0.203909,0.145096,0.096615,-0.039668,0.067814,0.009799
894,1107.00,0.000,-9.420,9.0564,3.2239,51.3708,1.0421,4.0548,1.0242,0.0000,4.7459,0.0000,17.4976,0.0000,0.0000,20.1260,0.1386,0.0000,0.0000,0.0000,0.0000,0.0000,0.0000,0.0000,-146.817,-118.285,20.673,2.809,10.776,0.517212,0.203137,0.144865,0.096845,-0.039640,0.067772,0.009809
895,1106.00,0.000,-9.433,9.0614,3.2241,51.3634,1.0467,4.0592,1.0237,0.0000,4.7382,0.0000,17.4854,0.0000,0.0000,20.1447,0.1387,0.0000,0.0000,0.0000,0.0000,0.0000,0.0000,0.0000,-146.881,-118.366,20.676,2.811,10.780,0.517985,0.202370,0.144636,0.097072,-0.039612,0.067730,0.009819
896,1105.00,0.000,-9.445,9.0664,3.2242,51.3560,1.0512,4.0635,1.0231,0.0000,4.7306,0.0000,17.4734,0.0000,0.0000,20.1633,0.1389,0.0000,0.0000,0.0000,0.0000,0.0000,0.0000,0.0000,-146.943,-118.445,20.678,2.812,10.784,0.518754,0.201609,0.144408,0.097297,-0.039585,0.067688,0.009829
897,1104.00,0.000,-9.458,9.0712,3.2244,51.3487,1.0557,4.0679,1.0225,0.0000,4.7230,0.0000,17.4614,0.0000,0.0000,20.1817,0.1390,0.0000,0.0000,0.0000,0.0000,0.0000,0.0000,0.0000,-147.003,-118.523,20.680,2.813,10.788,0.519518,0.200853,0.144181,0.097521,-0.039559,0.067647,0.009838
898,1103.00,0.000,-9.471,9.0759,3.2246,51.3415,1.0602,4.0721,1.0219,0.0000,4.7155,0.0000,17.4495,0.0000,0.0000,20.2001,0.1391,0.0000,0.0000,0.0000,0.0000,0.0000,0.0000,0.0000,-147.061,-118.600,20.682,2.815,10.792,0.520279,0.200103,0.143956,0.097742,-0.039533,0.067605,0.009848
899,1102.00,0.000,-9.484,9.0805,3.2248,51.3343,1.0646,4.0764,1.0213,0.0000,4.7081,0.0000,17.4377,0.0000,0.0000,20.2183,0.1393,0.0000,0.0000,0.0000,0.0000,0.0000,0.0000,0.0000,-147.118,-118.676,20.683,2.816,10.796,0.521035,0.199357,0.143733,0.097962,-0.039508,0.067564,0.009857
900,1101.00,0.000,-9.497,9.0850,3.2249,51.3273,1.0690,4.0806,1.0207,0.0000,4.7006,0.0000,17.4260,0.0000,0.0000,20.2364,0.1394,0.0000,0.0000,0.0000,0.0000,0.0000,0.0000,0.0000,-147.174,-118.750,20.685,2.817,10.800,0.521788,0.198616,0.143510,0.098180,-0.039483,0.067523,0.009866
901,1100.00,0.000,-9.510,9.0895,3.2251,51.3202,1.0734,4.0848,1.0201,0.0000,4.6933,0.0000,17.4144,0.0000,0.0000,20.2544,0.1395,0.0000,0.0000,0.0000,0.0000,0.0000,0.0000,0.0000,-147.228,-118.823,20.686,2.818,10.804,0.522536,0.197879,0.143289,0.098396,-0.039459,0.067483,0.009875
902,1099.00,0.000,-9.523,9.0938,3.2253,51.3133,1.0777,4.0889,1.0194,0.0000,4.6859,0.0000,17.4028,0.0000,0.0000,20.2723,0.1396,0.0000,0.0000,0.0000,0.0000,0.0000,0.0000,0.0000,-147.281,-118.896,20.687,2.820,10.808,0.523281,0.197147,0.143069,0.098611,-0.039435,0.067442,0.009884
903,1098.00,0.000,-9.536,9.0981,3.2254,51.3064,1.0820,4.0930,1.0188,0.0000,4.6786,0.0000,17.3914,0.0000,0.0000,20.2900,0.1398,0.0000,0.0000,0.0000,0.0000,0.0000,0.0000,0.0000,-147.333,-118.967,20.688,2.821,10.811,0.524021,0.196420,0.142851,0.098825,-0.039411,0.067401,0.009893
904,1097.00,0.000,-9.549,9.1024,3.2256,51.2996,1.0863,4.0971,1.0181,0.0000,4.6714,0.0000,17.3800,0.0000,0.0000,20.3077,0.1399,0.0000,0.0000,0.0000,0.0000,0.0000,0.0000,0.0000,-147.384,-119.038,20.688,2.822,10.815,0.524758,0.195697,0.142633,0.099037,-0.039389,0.067361,0.009901
905,1096.00,0.000,-9.562,9.1066,3.2258,51.2928,1.0905,4.1011,1.0175,0.0000,4.6642,0.0000,17.3687,0.0000,0.0000,20.3253,0.1400,0.0000,0.0000,0.0000,0.0000,0.0000,0.0000,0.0000,-147.434,-119.108,20.689,2.823,10.818,0.525490,0.194979,0.142417,0.099249,-0.039366,0.067321,0.009910
906,1095.00,0.000,-9.575,9.1107,3.2259,51.2861,1.0947,4.1052,1.0168,0.0000,4.6570,0.0000,17.3575,0.0000,0.0000,20.3427,0.1401,0.0000,0.0000,0.0000,0.0000,0.0000,0.0000,0.0000,-147.483,-119.177,20.689,2.824,10.822,0.526219,0.194265,0.142202,0.099459,-0.039344,0.067281,0.009918
907,1094.00,0.000,-9.588,9.1147,3.2261,51.2794,1.0988,4.1092,1.0161,0.0000,4.6498,0.0000,17.3464,0.0000,0.0000,20.3601,0.1402,0.0000,0.0000,0.0000,0.0000,0.0000,0.0000,0.0000,-147.531,-119.245,20.689,2.825,10.825,0.526944,0.193555,0.141989,0.099667,-0.039322,0.067241,0.009927
908,1093.00,0.000,-9.601,9.1188,3.2263,51.2728,1.1030,4.1131,1.0154,0.0000,4.6428,0.0000,17.3353,0.0000,0.0000,20.3773,0.1403,0.0000,0.0000,0.0000,0.0000,0.0000,0.0000,0.0000,-147.578,-119.313,20.689,2.826,10.828,0.527665,0.192849,0.141776,0.099875,-0.039301,0.067201,0.009935
909,1092.00,0.000,-9.614,9.1227,3.2264,51.2662,1.1071,4.1171,1.0147,0.0000,4.6357,0.0000,17.3243,0.0000,0.0000,20.3945,0.1404,0.0000,0.0000,0.0000,0.0000,0.0000,0.0000,0.0000,-147.624,-119.380,20.689,2.828,10.831,0.528382,0.192147,0.141564,0.100082,-0.039280,0.067161,0.009943
910,1091.00,0.000,-9.627,9.1267,3.2266,51.2597,1.1112,4.1210,1.0140,0.0000,4.6287,0.0000,17.3134,0.0000,0.0000,20.4116,0.1405,0.0000,0.0000,0.0000,0.0000,0.0000,0.0000,0.0000,-147.670,-119.447,20.689,2.829,10.835,0.529095,0.191449,0.141354,0.100288,-0.039259,0.067121,0.009951
911,1090.00,0.000,-9.641,9.1306,3.2267,51.2532,1.1153,4.1249,1.0132,0.0000,4.6217,0.0000,17.3025,0.0000,0.0000,20.4285,0.1407,0.0000,0.0000,0.0000,0.0000,0.0000,0.0000,0.0000,-147.715,-119.513,20.689,2.830,10.838,0.529805,0.190755,0.141144,0.100493,-0.039238,0.067082,0.009959
