Index,T (C),P (kbars),log(10) f O2,mass (gm),rho (gm/cc),wt% SiO2,wt% TiO2,wt% Al2O3,wt% Fe2O3,wt% Cr2O3,wt% FeO,wt% MnO,wt% MgO,wt% NiO,wt% CoO,wt% CaO,wt% Na2O,wt% K2O,wt% P2O5,wt% H2O,wt% CO2,wt% SO3,wt% Cl2O-1,wt% F2O-1,G (kJ),H (kJ),S (J/K),V (cc),Cp (J/K),       albite,    anorthite,     sanidine
799,1202.00,0.000,-8.279,0.4432,2.6786,47.0566,0.0000,34.0410,0.0000,0.0000,0.0000,0.0000,0.0000,0.0000,0.0000,17.1041,1.7709,0.0274,0.0000,0.0000,0.0000,0.0000,0.0000,0.0000,-7.718,-6.125,1.080,0.165,0.546,0.157541,0.840853,0.001606
800,1201.00,0.000,-8.290,1.2634,2.6784,47.0933,0.0000,34.0160,0.0000,0.0000,0.0000,0.0000,0.0000,0.0000,0.0000,17.0749,1.7870,0.0289,0.0000,0.0000,0.0000,0.0000,0.0000,0.0000,-22.001,-17.463,3.078,0.472,1.557,0.158962,0.839349,0.001689
801,1200.00,0.000,-8.302,2.0323,2.6781,47.1292,0.0000,33.9914,0.0000,0.0000,0.0000,0.0000,0.0000,0.0000,0.0000,17.0463,1.8028,0.0303,0.0000,0.0000,0.0000,0.0000,0.0000,0.0000,-35.384,-28.091,4.951,0.759,2.504,0.160352,0.837875,0.001774
802,1199.00,0.000,-8.313,2.7545,2.6779,47.1645,0.0000,33.9673,0.0000,0.0000,0.0000,0.0000,0.0000,0.0000,0.0000,17.0182,1.8182,0.0318,0.0000,0.0000,0.0000,0.0000,0.0000,0.0000,-47.953,-38.077,6.709,1.029,3.394,0.161713,0.836426,0.001861
803,1198.00,0.000,-8.324,3.4345,2.6777,47.1992,0.0000,33.9436,0.0000,0.0000,0.0000,0.0000,0.0000,0.0000,0.0000,16.9905,1.8333,0.0333,0.0000,0.0000,0.0000,0.0000,0.0000,0.0000,-59.782,-47.479,8.363,1.283,4.231,0.163047,0.835002,0.001951
804,1197.00,0.000,-8.336,4.0758,2.6774,47.2334,0.0000,33.9202,0.0000,0.0000,0.0000,0.0000,0.0000,0.0000,0.0000,16.9633,1.8482,0.0349,0.0000,0.0000,0.0000,0.0000,0.0000,0.0000,-70.935,-56.348,9.922,1.522,5.020,0.164358,0.833600,0.002043
805,1196.00,0.000,-8.347,4.8122,2.6771,47.2871,0.0000,33.8835,0.0000,0.0000,0.0000,0.0000,0.0000,0.0000,0.0000,16.9205,1.8718,0.0370,0.0000,0.0000,0.0000,0.0000,0.0000,0.0000,-83.740,-66.532,11.713,1.798,5.927,0.166438,0.831395,0.002167
806,1195.00,0.000,-8.358,5.6409,2.6765,47.3647,0.0000,33.8306,0.0000,0.0000,0.0000,0.0000,0.0000,0.0000,0.0000,16.8587,1.9060,0.0399,0.0000,0.0000,0.0000,0.0000,0.0000,0.0000,-98.148,-77.992,13.729,2.108,6.948,0.169449,0.828216,0.002335
807,1194.00,0.000,-8.370,6.3877,2.6759,47.4397,0.0000,33.7795,0.0000,0.0000,0.0000,0.0000,0.0000,0.0000,0.0000,16.7990,1.9390,0.0429,0.0000,0.0000,0.0000,0.0000,0.0000,0.0000,-111.126,-88.319,15.545,2.387,7.867,0.172347,0.825145,0.002508
808,1193.00,0.000,-8.381,7.0629,2.6754,47.5120,0.0000,33.7301,0.0000,0.0000,0.0000,0.0000,0.0000,0.0000,0.0000,16.7414,1.9706,0.0459,0.0000,0.0000,0.0000,0.0000,0.0000,0.0000,-122.856,-97.658,17.187,2.640,8.698,0.175132,0.822183,0.002686
809,1192.00,0.000,-8.392,7.6755,2.6749,47.5816,0.0000,33.6824,0.0000,0.0000,0.0000,0.0000,0.0000,0.0000,0.0000,16.6858,2.0010,0.0491,0.0000,0.0000,0.0000,0.0000,0.0000,0.0000,-133.493,-106.131,18.675,2.869,9.452,0.177804,0.819326,0.002869
810,1191.00,0.000,-8.404,8.2329,2.6744,47.6488,0.0000,33.6365,0.0000,0.0000,0.0000,0.0000,0.0000,0.0000,0.0000,16.6323,2.0301,0.0523,0.0000,0.0000,0.0000,0.0000,0.0000,0.0000,-143.168,-113.842,20.029,3.078,10.137,0.180368,0.816575,0.003058
811,1190.00,0.000,-8.415,8.7416,2.6739,47.7134,0.0000,33.5923,0.0000,0.0000,0.0000,0.0000,0.0000,0.0000,0.0000,16.5807,2.0581,0.0556,0.0000,0.0000,0.0000,0.0000,0.0000,0.0000,-151.993,-120.881,21.264,3.269,10.763,0.182823,0.813926,0.003251
812,1189.00,0.000,-8.426,9.2071,2.6734,47.7755,0.0000,33.5496,0.0000,0.0000,0.0000,0.0000,0.0000,0.0000,0.0000,16.5310,2.0848,0.0590,0.0000,0.0000,0.0000,0.0000,0.0000,0.0000,-160.065,-127.323,22.393,3.444,11.335,0.185173,0.811378,0.003449
813,1188.00,0.000,-8.438,9.6342,2.6730,47.8352,0.0000,33.5086,0.0000,0.0000,0.0000,0.0000,0.0000,0.0000,0.0000,16.4833,2.1104,0.0625,0.0000,0.0000,0.0000,0.0000,0.0000,0.0000,-167.467,-133.234,23.428,3.604,11.860,0.187421,0.808928,0.003651
814,1187.00,0.000,-8.449,10.0270,2.6726,47.8926,0.0000,33.4692,0.0000,0.0000,0.0000,0.0000,0.0000,0.0000,0.0000,16.4373,2.1348,0.0660,0.0000,0.0000,0.0000,0.0000,0.0000,0.0000,-174.269,-138.671,24.379,3.752,12.343,0.189569,0.806573,0.003858
815,1186.00,0.000,-8.461,10.3890,2.6722,47.9477,0.0000,33.4312,0.0000,0.0000,0.0000,0.0000,0.0000,0.0000,0.0000,16.3932,2.1582,0.0697,0.0000,0.0000,0.0000,0.0000,0.0000,0.0000,-180.534,-143.683,25.255,3.888,12.788,0.191620,0.804310,0.004070
816,1185.00,0.000,-8.472,10.7233,2.6718,48.0006,0.0000,33.3948,0.0000,0.0000,0.0000,0.0000,0.0000,0.0000,0.0000,16.3507,2.1805,0.0734,0.0000,0.0000,0.0000,0.0000,0.0000,0.0000,-186.317,-148.313,26.064,4.013,13.198,0.193578,0.802137,0.004286
817,1184.00,0.000,-8.484,11.0327,2.6715,48.0514,0.0000,33.3597,0.0000,0.0000,0.0000,0.0000,0.0000,0.0000,0.0000,16.3100,2.2018,0.0771,0.0000,0.0000,0.0000,0.0000,0.0000,0.0000,-191.666,-152.598,26.811,4.130,13.578,0.195445,0.800050,0.004506
818,1183.00,0.000,-8.495,11.3195,2.6711,48.1002,0.0000,33.3260,0.0000,0.0000,0.0000,0.0000,0.0000,0.0000,0.0000,16.2708,2.2220,0.0810,0.0000,0.0000,0.0000,0.0000,0.0000,0.0000,-196.620,-156.573,27.503,4.238,13.930,0.197224,0.798046,0.004730
819,1182.00,0.000,-8.507,11.5859,2.6708,48.1469,0.0000,33.2937,0.0000,0.0000,0.0000,0.0000,0.0000,0.0000,0.0000,16.2332,2.2414,0.0849,0.0000,0.0000,0.0000,0.0000,0.0000,0.0000,-201.219,-160.265,28.144,4.338,14.257,0.198919,0.796123,0.004958
820,1181.00,0.000,-8.518,11.8337,2.6705,48.1918,0.0000,33.2625,0.0000,0.0000,0.0000,0.0000,0.0000,0.0000,0.0000,16.1971,2.2597,0.0889,0.0000,0.0000,0.0000,0.0000,0.0000,0.0000,-205.493,-163.700,28.741,4.431,14.560,0.200533,0.794277,0.005190
821,1180.00,0.000,-8.530,12.0646,2.6702,48.2348,0.0000,33.2327,0.0000,0.0000,0.0000,0.0000,0.0000,0.0000,0.0000,16.1624,2.2773,0.0930,0.0000,0.0000,0.0000,0.0000,0.0000,0.0000,-209.472,-166.902,29.295,4.518,14.843,0.202068,0.792505,0.005427
822,1179.00,0.000,-8.542,12.2800,2.6699,48.2760,0.0000,33.2039,0.0000,0.0000,0.0000,0.0000,0.0000,0.0000,0.0000,16.1290,2.2939,0.0971,0.0000,0.0000,0.0000,0.0000,0.0000,0.0000,-213.182,-169.890,29.812,4.599,15.107,0.203529,0.790804,0.005667
823,1178.00,0.000,-8.553,12.4813,2.6697,48.3156,0.0000,33.1763,0.0000,0.0000,0.0000,0.0000,0.0000,0.0000,0.0000,16.0970,2.3097,0.1013,0.0000,0.0000,0.0000,0.0000,0.0000,0.0000,-216.645,-172.684,30.294,4.675,15.353,0.204917,0.789172,0.005911
824,1177.00,0.000,-8.565,12.6696,2.6694,48.3536,0.0000,33.1498,0.0000,0.0000,0.0000,0.0000,0.0000,0.0000,0.0000,16.0663,2.3248,0.1055,0.0000,0.0000,0.0000,0.0000,0.0000,0.0000,-219.881,-175.298,30.744,4.746,15.584,0.206236,0.787604,0.006159
825,1176.00,0.000,-8.576,12.8460,2.6692,48.3900,0.0000,33.1243,0.0000,0.0000,0.0000,0.0000,0.0000,0.0000,0.0000,16.0368,2.3391,0.1099,0.0000,0.0000,0.0000,0.0000,0.0000,0.0000,-222.910,-177.747,31.165,4.813,15.799,0.207489,0.786099,0.006411
826,1175.00,0.000,-8.588,13.0114,2.6689,48.4249,0.0000,33.0998,0.0000,0.0000,0.0000,0.0000,0.0000,0.0000,0.0000,16.0084,2.3527,0.1142,0.0000,0.0000,0.0000,0.0000,0.0000,0.0000,-225.747,-180.045,31.559,4.875,16.001,0.208678,0.784654,0.006667
827,1174.00,0.000,-8.600,13.1667,2.6687,48.4584,0.0000,33.0762,0.0000,0.0000,0.0000,0.0000,0.0000,0.0000,0.0000,15.9811,2.3655,0.1187,0.0000,0.0000,0.0000,0.0000,0.0000,0.0000,-228.407,-182.203,31.928,4.934,16.191,0.209807,0.783266,0.006927
828,1173.00,0.000,-8.611,13.3127,2.6685,48.4906,0.0000,33.0536,0.0000,0.0000,0.0000,0.0000,0.0000,0.0000,0.0000,15.9549,2.3777,0.1232,0.0000,0.0000,0.0000,0.0000,0.0000,0.0000,-230.904,-184.232,32.273,4.989,16.369,0.210877,0.781933,0.007191
829,1172.00,0.000,-8.623,13.4499,2.6683,48.5214,0.0000,33.0317,0.0000,0.0000,0.0000,0.0000,0.0000,0.0000,0.0000,15.9297,2.3893,0.1278,0.0000,0.0000,0.0000,0.0000,0.0000,0.0000,-233.251,-186.142,32.598,5.041,16.536,0.211891,0.780651,0.007458
830,1171.00,0.000,-8.635,13.5792,2.6681,48.5511,0.0000,33.0107,0.0000,0.0000,0.0000,0.0000,0.0000,0.0000,0.0000,15.9054,2.4003,0.1325,0.0000,0.0000,0.0000,0.0000,0.0000,0.0000,-235.457,-187.940,32.903,5.089,16.693,0.212852,0.779419,0.007730
831,1170.00,0.000,-8.647,13.7010,2.6679,48.5796,0.0000,32.9905,0.0000,0.0000,0.0000,0.0000,0.0000,0.0000,0.0000,15.8821,2.4107,0.1372,0.0000,0.0000,0.0000,0.0000,0.0000,0.0000,-237.533,-189.636,33.189,5.135,16.841,0.213762,0.778233,0.008005
832,1169.00,0.000,-8.658,13.8158,2.6678,48.6069,0.0000,32.9710,0.0000,0.0000,0.0000,0.0000,0.0000,0.0000,0.0000,15.8596,2.4205,0.1420,0.0000,0.0000,0.0000,0.0000,0.0000,0.0000,-239.489,-191.236,33.459,5.179,16.981,0.214623,0.777093,0.008284
833,1168.00,0.000,-8.670,13.9242,2.6676,48.6332,0.0000,32.9521,0.0000,0.0000,0.0000,0.0000,0.0000,0.0000,0.0000,15.8380,2.4298,0.1469,0.0000,0.0000,0.0000,0.0000,0.0000,0.0000,-241.332,-192.748,33.712,5.220,17.112,0.215438,0.775996,0.008567
834,1167.00,0.000,-8.682,14.0266,2.6675,48.6585,0.0000,32.9340,0.0000,0.0000,0.0000,0.0000,0.0000,0.0000,0.0000,15.8171,2.4386,0.1518,0.0000,0.0000,0.0000,0.0000,0.0000,0.0000,-243.070,-194.176,33.951,5.258,17.237,0.216208,0.774938,0.008853
835,1166.00,0.000,-8.694,14.1234,2.6673,48.6829,0.0000,32.9165,0.0000,0.0000,0.0000,0.0000,0.0000,0.0000,0.0000,15.7970,2.4469,0.1568,0.0000,0.0000,0.0000,0.0000,0.0000,0.0000,-244.711,-195.527,34.176,5.295,17.354,0.216936,0.773920,0.009144
836,1165.00,0.000,-8.705,14.2150,2.6672,48.7063,0.0000,32.8996,0.0000,0.0000,0.0000,0.0000,0.0000,0.0000,0.0000,15.7775,2.4548,0.1618,0.0000,0.0000,0.0000,0.0000,0.0000,0.0000,-246.261,-196.806,34.388,5.330,17.465,0.217624,0.772938,0.009438
837,1164.00,0.000,-8.717,14.3017,2.6671,48.7288,0.0000,32.8832,0.0000,0.0000,0.0000,0.0000,0.0000,0.0000,0.0000,15.7588,2.4622,0.1669,0.0000,0.0000,0.0000,0.0000,0.0000,0.0000,-247.725,-198.017,34.588,5.362,17.569,0.218273,0.771990,0.009737
838,1163.00,0.000,-8.729,14.3838,2.6669,48.7506,0.0000,32.8674,0.0000,0.0000,0.0000,0.0000,0.0000,0.0000,0.0000,15.7407,2.4692,0.1721,0.0000,0.0000,0.0000,0.0000,0.0000,0.0000,-249.109,-199.165,34.776,5.393,17.668,0.218886,0.771076,0.010039
839,1162.00,0.000,-8.741,14.4616,2.6668,48.7715,0.0000,32.8521,0.0000,0.0000,0.0000,0.0000,0.0000,0.0000,0.0000,15.7232,2.4758,0.1774,0.0000,0.0000,0.0000,0.0000,0.0000,0.0000,-250.419,-200.254,34.954,5.423,17.764,0.219463,0.770193,0.010344
840,1161.00,0.000,-8.753,14.5354,2.6667,48.7917,0.0000,32.8373,0.0000,0.0000,0.0000,0.0000,0.0000,0.0000,0.0000,15.7063,2.4820,0.1827,0.0000,0.0000,0.0000,0.0000,0.0000,0.0000,-251.658,-201.288,35.123,5.451,17.853,0.220007,0.769339,0.010654
841,1160.00,0.000,-8.765,14.6054,2.6666,48.8112,0.0000,32.8230,0.0000,0.0000,0.0000,0.0000,0.0000,0.0000,0.0000,15.6899,2.4879,0.1881,0.0000,0.0000,0.0000,0.0000,0.0000,0.0000,-252.832,-202.269,35.281,5.477,17.937,0.220520,0.768513,0.010967
842,1159.00,0.000,-8.777,14.6719,2.6665,48.8301,0.0000,32.8091,0.0000,0.0000,0.0000,0.0000,0.0000,0.0000,0.0000,15.6740,2.4934,0.1935,0.0000,0.0000,0.0000,0.0000,0.0000,0.0000,-253.945,-203.201,35.431,5.502,18.017,0.221002,0.767714,0.011284
843,1158.00,0.000,-8.789,14.7351,2.6664,48.8483,0.0000,32.7956,0.0000,0.0000,0.0000,0.0000,0.0000,0.0000,0.0000,15.6586,2.4986,0.1990,0.0000,0.0000,0.0000,0.0000,0.0000,0.0000,-254.999,-204.088,35.573,5.526,18.092,0.221456,0.766940,0.011604
844,1157.00,0.000,-8.801,14.7951,2.6663,48.8659,0.0000,32.7824,0.0000,0.0000,0.0000,0.0000,0.0000,0.0000,0.0000,15.6437,2.5034,0.2045,0.0000,0.0000,0.0000,0.0000,0.0000,0.0000,-255.999,-204.932,35.708,5.549,18.164,0.221883,0.766190,0.011928
845,1156.00,0.000,-8.812,14.8523,2.6662,48.8830,0.0000,32.7697,0.0000,0.0000,0.0000,0.0000,0.0000,0.0000,0.0000,15.6292,2.5080,0.2102,0.0000,0.0000,0.0000,0.0000,0.0000,0.0000,-256.948,-205.735,35.835,5.570,18.233,0.222283,0.765462,0.012255
846,1155.00,0.000,-8.824,14.9066,2.6662,48.8995,0.0000,32.7573,0.0000,0.0000,0.0000,0.0000,0.0000,0.0000,0.0000,15.6151,2.5123,0.2158,0.0000,0.0000,0.0000,0.0000,0.0000,0.0000,-257.848,-206.499,35.955,5.591,18.297,0.222659,0.764755,0.012585
847,1154.00,0.000,-8.836,14.9583,2.6661,48.9155,0.0000,32.7452,0.0000,0.0000,0.0000,0.0000,0.0000,0.0000,0.0000,15.6014,2.5163,0.2216,0.0000,0.0000,0.0000,0.0000,0.0000,0.0000,-258.703,-207.228,36.068,5.611,18.359,0.223012,0.764069,0.012919
848,1153.00,0.000,-8.848,15.0076,2.6660,48.9310,0.0000,32.7335,0.0000,0.0000,0.0000,0.0000,0.0000,0.0000,0.0000,15.5881,2.5201,0.2273,0.0000,0.0000,0.0000,0.0000,0.0000,0.0000,-259.516,-207.923,36.176,5.629,18.417,0.223343,0.763402,0.013255
849,1152.00,0.000,-8.860,15.0546,2.6659,48.9461,0.0000,32.7220,0.0000,0.0000,0.0000,0.0000,0.0000,0.0000,0.0000,15.5751,2.5237,0.2332,0.0000,0.0000,0.0000,0.0000,0.0000,0.0000,-260.288,-208.586,36.278,5.647,18.473,0.223652,0.762753,0.013595
850,1151.00,0.000,-8.873,15.0994,2.6659,48.9607,0.0000,32.7108,0.0000,0.0000,0.0000,0.0000,0.0000,0.0000,0.0000,15.5625,2.5270,0.2390,0.0000,0.0000,0.0000,0.0000,0.0000,0.0000,-261.022,-209.220,36.375,5.664,18.526,0.223941,0.762122,0.013937
851,1150.00,0.000,-8.885,15.1421,2.6658,48.9749,0.0000,32.6999,0.0000,0.0000,0.0000,0.0000,0.0000,0.0000,0.0000,15.5501,2.5301,0.2449,0.0000,0.0000,0.0000,0.0000,0.0000,0.0000,-261.721,-209.824,36.466,5.680,18.577,0.224212,0.761507,0.014282
852,1149.00,0.000,-8.897,15.1830,2.6657,48.9888,0.0000,32.6893,0.0000,0.0000,0.0000,0.0000,0.0000,0.0000,0.0000,15.5381,2.5329,0.2509,0.0000,0.0000,0.0000,0.0000,0.0000,0.0000,-262.386,-210.402,36.553,5.696,18.625,0.224464,0.760907,0.014629
853,1148.00,0.000,-8.909,15.2220,2.6657,49.0022,0.0000,32.6788,0.0000,0.0000,0.0000,0.0000,0.0000,0.0000,0.0000,15.5264,2.5356,0.2569,0.0000,0.0000,0.0000,0.0000,0.0000,0.0000,-263.019,-210.955,36.635,5.710,18.671,0.224700,0.760322,0.014978
854,1147.00,0.000,-8.921,15.2592,2.6656,49.0154,0.0000,32.6687,0.0000,0.0000,0.0000,0.0000,0.0000,0.0000,0.0000,15.5149,2.5381,0.2629,0.0000,0.0000,0.0000,0.0000,0.0000,0.0000,-263.622,-211.484,36.713,5.724,18.714,0.224919,0.759751,0.015330
855,1146.00,0.000,-8.933,15.2949,2.6656,49.0281,0.0000,32.6587,0.0000,0.0000,0.0000,0.0000,0.0000,0.0000,0.0000,15.5037,2.5405,0.2690,0.0000,0.0000,0.0000,0.0000,0.0000,0.0000,-264.197,-211.991,36.787,5.738,18.756,0.225124,0.759193,0.015683
856,1145.00,0.000,-8.945,15.3290,2.6655,49.0406,0.0000,32.6489,0.0000,0.0000,0.0000,0.0000,0.0000,0.0000,0.0000,15.4927,2.5426,0.2751,0.0000,0.0000,0.0000,0.0000,0.0000,0.0000,-264.745,-212.476,36.857,5.751,18.796,0.225313,0.758648,0.016038
857,1144.00,0.000,-8.957,15.3616,2.6655,49.0527,0.0000,32.6394,0.0000,0.0000,0.0000,0.0000,0.0000,0.0000,0.0000,15.4820,2.5447,0.2812,0.0000,0.0000,0.0000,0.0000,0.0000,0.0000,-265.268,-212.941,36.924,5.763,18.834,0.225489,0.758116,0.016395
858,1143.00,0.000,-8.969,15.3929,2.6654,49.0646,0.0000,32.6300,0.0000,0.0000,0.0000,0.0000,0.0000,0.0000,0.0000,15.4715,2.5465,0.2874,0.0000,0.0000,0.0000,0.0000,0.0000,0.0000,-265.767,-213.388,36.987,5.775,18.870,0.225652,0.757594,0.016753
859,1142.00,0.000,-8.982,15.4229,2.6654,49.0762,0.0000,32.6208,0.0000,0.0000,0.0000,0.0000,0.0000,0.0000,0.0000,15.4612,2.5482,0.2935,0.0000,0.0000,0.0000,0.0000,0.0000,0.0000,-266.243,-213.817,37.047,5.786,18.905,0.225803,0.757084,0.017113
860,1141.00,0.000,-8.994,15.4517,2.6654,49.0875,0.0000,32.6118,0.0000,0.0000,0.0000,0.0000,0.0000,0.0000,0.0000,15.4512,2.5498,0.2997,0.0000,0.0000,0.0000,0.0000,0.0000,0.0000,-266.698,-214.228,37.104,5.797,18.938,0.225942,0.756585,0.017473
861,1140.00,0.000,-9.006,15.4793,2.6653,49.0986,0.0000,32.6029,0.0000,0.0000,0.0000,0.0000,0.0000,0.0000,0.0000,15.4413,2.5513,0.3059,0.0000,0.0000,0.0000,0.0000,0.0000,0.0000,-267.134,-214.624,37.158,5.808,18.970,0.226070,0.756095,0.017835
862,1139.00,0.000,-9.018,15.5059,2.6653,49.1094,0.0000,32.5943,0.0000,0.0000,0.0000,0.0000,0.0000,0.0000,0.0000,15.4316,2.5526,0.3121,0.0000,0.0000,0.0000,0.0000,0.0000,0.0000,-267.550,-215.005,37.209,5.818,19.000,0.226188,0.755616,0.018197
863,1138.00,0.000,-9.031,15.5314,2.6652,49.1200,0.0000,32.5857,0.0000,0.0000,0.0000,0.0000,0.0000,0.0000,0.0000,15.4221,2.5539,0.3184,0.0000,0.0000,0.0000,0.0000,0.0000,0.0000,-267.949,-215.372,37.258,5.827,19.029,0.226295,0.755145,0.018559
864,1137.00,0.000,-9.043,15.5559,2.6652,49.1304,0.0000,32.5773,0.0000,0.0000,0.0000,0.0000,0.0000,0.0000,0.0000,15.4127,2.5550,0.3246,0.0000,0.0000,0.0000,0.0000,0.0000,0.0000,-268.330,-215.725,37.304,5.837,19.057,0.226394,0.754684,0.018922
865,1136.00,0.000,-9.055,15.5796,2.6652,49.1405,0.0000,32.5691,0.0000,0.0000,0.0000,0.0000,0.0000,0.0000,0.0000,15.4036,2.5560,0.3308,0.0000,0.0000,0.0000,0.0000,0.0000,0.0000,-268.696,-216.066,37.349,5.846,19.084,0.226484,0.754230,0.019286
866,1135.00,0.000,-9.068,15.6023,2.6652,49.1505,0.0000,32.5610,0.0000,0.0000,0.0000,0.0000,0.0000,0.0000,0.0000,15.3945,2.5570,0.3371,0.0000,0.0000,0.0000,0.0000,0.0000,0.0000,-269.046,-216.395,37.391,5.854,19.110,0.226565,0.753785,0.019650
867,1134.00,0.000,-9.080,15.6243,2.6651,49.1603,0.0000,32.5530,0.0000,0.0000,0.0000,0.0000,0.0000,0.0000,0.0000,15.3857,2.5578,0.3433,0.0000,0.0000,0.0000,0.0000,0.0000,0.0000,-269.383,-216.712,37.431,5.862,19.135,0.226638,0.753348,0.020014
868,1133.00,0.000,-9.092,15.6454,2.6651,49.1698,0.0000,32.5451,0.0000,0.0000,0.0000,0.0000,0.0000,0.0000,0.0000,15.3769,2.5585,0.3495,0.0000,0.0000,0.0000,0.0000,0.0000,0.0000,-269.705,-217.019,37.469,5.870,19.159,0.226704,0.752918,0.020377
869,1132.00,0.000,-9.105,15.6658,2.6651,49.1792,0.0000,32.5374,0.0000,0.0000,0.0000,0.0000,0.0000,0.0000,0.0000,15.3684,2.5592,0.3558,0.0000,0.0000,0.0000,0.0000,0.0000,0.0000,-270.015,-217.315,37.505,5.878,19.181,0.226763,0.752496,0.020741
870,1131.00,0.000,-9.117,15.6856,2.6651,49.1885,0.0000,32.5298,0.0000,0.0000,0.0000,0.0000,0.0000,0.0000,0.0000,15.3599,2.5598,0.3620,0.0000,0.0000,0.0000,0.0000,0.0000,0.0000,-270.313,-217.602,37.540,5.886,19.203,0.226815,0.752080,0.021105
871,1130.00,0.000,-9.129,15.7047,2.6650,49.1976,0.0000,32.5222,0.0000,0.0000,0.0000,0.0000,0.0000,0.0000,0.0000,15.3516,2.5603,0.3683,0.0000,0.0000,0.0000,0.0000,0.0000,0.0000,-270.600,-217.880,37.572,5.893,19.225,0.226861,0.751671,0.021468
872,1129.00,0.000,-9.142,15.7231,2.6650,49.2065,0.0000,32.5148,0.0000,0.0000,0.0000,0.0000,0.0000,0.0000,0.0000,15.3434,2.5608,0.3745,0.0000,0.0000,0.0000,0.0000,0.0000,0.0000,-270.876,-218.150,37.604,5.900,19.245,0.226901,0.751268,0.021831
873,1128.00,0.000,-9.154,15.7410,2.6650,49.2153,0.0000,32.5075,0.0000,0.0000,0.0000,0.0000,0.0000,0.0000,0.0000,15.3353,2.5612,0.3807,0.0000,0.0000,0.0000,0.0000,0.0000,0.0000,-271.141,-218.411,37.634,5.907,19.265,0.226935,0.750871,0.022194
874,1127.00,0.000,-9.167,15.7583,2.6650,49.2239,0.0000,32.5003,0.0000,0.0000,0.0000,0.0000,0.0000,0.0000,0.0000,15.3274,2.5615,0.3869,0.0000,0.0000,0.0000,0.0000,0.0000,0.0000,-271.397,-218.665,37.662,5.913,19.284,0.226963,0.750480,0.022557
875,1126.00,0.000,-9.179,15.7751,2.6650,49.2324,0.0000,32.4932,0.0000,0.0000,0.0000,0.0000,0.0000,0.0000,0.0000,15.3195,2.5618,0.3931,0.0000,0.0000,0.0000,0.0000,0.0000,0.0000,-271.644,-218.911,37.689,5.919,19.302,0.226987,0.750095,0.022918
876,1125.00,0.000,-9.192,15.7914,2.6649,49.2407,0.0000,32.4862,0.0000,0.0000,0.0000,0.0000,0.0000,0.0000,0.0000,15.3118,2.5620,0.3993,0.0000,0.0000,0.0000,0.0000,0.0000,0.0000,-271.882,-219.150,37.715,5.926,19.320,0.227005,0.749715,0.023280
877,1124.00,0.000,-9.204,15.8072,2.6649,49.2490,0.0000,32.4792,0.0000,0.0000,0.0000,0.0000,0.0000,0.0000,0.0000,15.3041,2.5621,0.4055,0.0000,0.0000,0.0000,0.0000,0.0000,0.0000,-272.112,-219.383,37.740,5.932,19.337,0.227019,0.749340,0.023641
878,1123.00,0.000,-9.217,15.8226,2.6649,49.2571,0.0000,32.4724,0.0000,0.0000,0.0000,0.0000,0.0000,0.0000,0.0000,15.2966,2.5623,0.4117,0.0000,0.0000,0.0000,0.0000,0.0000,0.0000,-272.334,-219.610,37.764,5.937,19.354,0.227029,0.748970,0.024001
879,1122.00,0.000,-9.229,15.8375,2.6649,49.2651,0.0000,32.4656,0.0000,0.0000,0.0000,0.0000,0.0000,0.0000,0.0000,15.2891,2.5623,0.4179,0.0000,0.0000,0.0000,0.0000,0.0000,0.0000,-272.549,-219.831,37.786,5.943,19.370,0.227034,0.748604,0.024361
880,1121.00,0.000,-9.242,15.8520,2.6649,49.2730,0.0000,32.4589,0.0000,0.0000,0.0000,0.0000,0.0000,0.0000,0.0000,15.2817,2.5623,0.4241,0.0000,0.0000,0.0000,0.0000,0.0000,0.0000,-272.756,-220.047,37.808,5.948,19.385,0.227036,0.748243,0.024721
881,1120.00,0.000,-9.254,15.8662,2.6649,49.2808,0.0000,32.4523,0.0000,0.0000,0.0000,0.0000,0.0000,0.0000,0.0000,15.2744,2.5623,0.4302,0.0000,0.0000,0.0000,0.0000,0.0000,0.0000,-272.957,-220.257,37.828,5.954,19.401,0.227034,0.747887,0.025080
882,1119.00,0.000,-9.267,15.8800,2.6649,49.2885,0.0000,32.4457,0.0000,0.0000,0.0000,0.0000,0.0000,0.0000,0.0000,15.2672,2.5622,0.4364,0.0000,0.0000,0.0000,0.0000,0.0000,0.0000,-273.152,-220.462,37.848,5.959,19.415,0.227028,0.747534,0.025438
883,1118.00,0.000,-9.280,15.8934,2.6648,49.2961,0.0000,32.4392,0.0000,0.0000,0.0000,0.0000,0.0000,0.0000,0.0000,15.2601,2.5621,0.4425,0.0000,0.0000,0.0000,0.0000,0.0000,0.0000,-273.340,-220.662,37.867,5.964,19.429,0.227019,0.747185,0.025796
884,1117.00,0.000,-9.292,15.9065,2.6648,49.3036,0.0000,32.4328,0.0000,0.0000,0.0000,0.0000,0.0000,0.0000,0.0000,15.2530,2.5620,0.4486,0.0000,0.0000,0.0000,0.0000,0.0000,0.0000,-273.523,-220.858,37.885,5.969,19.443,0.227006,0.746841,0.026153
885,1116.00,0.000,-9.305,15.9193,2.6648,49.3110,0.0000,32.4264,0.0000,0.0000,0.0000,0.0000,0.0000,0.0000,0.0000,15.2461,2.5618,0.4548,0.0000,0.0000,0.0000,0.0000,0.0000,0.0000,-273.701,-221.050,37.902,5.974,19.457,0.226991,0.746499,0.026510
886,1115.00,0.000,-9.318,15.9319,2.6648,49.3183,0.0000,32.4201,0.0000,0.0000,0.0000,0.0000,0.0000,0.0000,0.0000,15.2391,2.5616,0.4609,0.0000,0.0000,0.0000,0.0000,0.0000,0.0000,-273.874,-221.237,37.918,5.979,19.470,0.226972,0.746161,0.026866
887,1114.00,0.000,-9.330,15.9441,2.6648,49.3256,0.0000,32.4138,0.0000,0.0000,0.0000,0.0000,0.0000,0.0000,0.0000,15.2323,2.5614,0.4670,0.0000,0.0000,0.0000,0.0000,0.0000,0.0000,-274.041,-221.421,37.934,5.983,19.483,0.226951,0.745827,0.027222
888,1113.00,0.000,-9.343,15.9560,2.6648,49.3327,0.0000,32.4076,0.0000,0.0000,0.0000,0.0000,0.0000,0.0000,0.0000,15.2255,2.5611,0.4731,0.0000,0.0000,0.0000,0.0000,0.0000,0.0000,-274.204,-221.601,37.949,5.988,19.495,0.226927,0.745495,0.027577
889,1112.00,0.000,-9.356,15.9678,2.6648,49.3399,0.0000,32.4015,0.0000,0.0000,0.0000,0.0000,0.0000,0.0000,0.0000,15.2188,2.5608,0.4791,0.0000,0.0000,0.0000,0.0000,0.0000,0.0000,-274.363,-221.777,37.964,5.992,19.507,0.226901,0.745167,0.027932
890,1111.00,0.000,-9.368,15.9792,2.6648,49.3469,0.0000,32.3954,0.0000,0.0000,0.0000,0.0000,0.0000,0.0000,0.0000,15.2121,2.5605,0.4852,0.0000,0.0000,0.0000,0.0000,0.0000,0.0000,-274.517,-221.950,37.977,5.996,19.519,0.226872,0.744841,0.028287
891,1110.00,0.000,-9.381,15.9905,2.6648,49.3539,0.0000,32.3893,0.0000,0.0000,0.0000,0.0000,0.0000,0.0000,0.0000,15.2054,2.5601,0.4913,0.0000,0.0000,0.0000,0.0000,0.0000,0.0000,-274.667,-222.120,37.991,6.001,19.530,0.226842,0.744518,0.028641
892,1109.00,0.000,-9.394,16.0015,2.6648,49.3608,0.0000,32.3833,0.0000,0.0000,0.0000,0.0000,0.0000,0.0000,0.0000,15.1989,2.5597,0.4974,0.0000,0.0000,0.0000,0.0000,0.0000,0.0000,-274.814,-222.287,38.003,6.005,19.542,0.226808,0.744197,0.028994
893,1108.00,0.000,-9.407,16.0123,2.6648,49.3676,0.0000,32.3773,0.0000,0.0000,0.0000,0.0000,0.0000,0.0000,0.0000,15.1923,2.5593,0.5034,0.0000,0.0000,0.0000,0.0000,0.0000,0.0000,-274.957,-222.451,38.016,6.009,19.553,0.226773,0.743879,0.029348
894,1107.00,0.000,-9.420,16.0229,2.6648,49.3744,0.0000,32.3714,0.0000,0.0000,0.0000,0.0000,0.0000,0.0000,0.0000,15.1859,2.5589,0.5095,0.0000,0.0000,0.0000,0.0000,0.0000,0.0000,-275.096,-222.613,38.027,6.013,19.563,0.226736,0.743563,0.029700
895,1106.00,0.000,-9.433,16.0333,2.6648,49.3812,0.0000,32.3655,0.0000,0.0000,0.0000,0.0000,0.0000,0.0000,0.0000,15.1794,2.5584,0.5155,0.0000,0.0000,0.0000,0.0000,0.0000,0.0000,-275.232,-222.772,38.038,6.017,19.574,0.226697,0.743250,0.030053
896,1105.00,0.000,-9.445,16.0436,2.6648,49.3878,0.0000,32.3596,0.0000,0.0000,0.0000,0.0000,0.0000,0.0000,0.0000,15.1730,2.5580,0.5216,0.0000,0.0000,0.0000,0.0000,0.0000,0.0000,-275.365,-222.928,38.049,6.021,19.584,0.226656,0.742938,0.030405
897,1104.00,0.000,-9.458,16.0536,2.6648,49.3945,0.0000,32.3538,0.0000,0.0000,0.0000,0.0000,0.0000,0.0000,0.0000,15.1667,2.5575,0.5276,0.0000,0.0000,0.0000,0.0000,0.0000,0.0000,-275.495,-223.082,38.059,6.024,19.594,0.226614,0.742629,0.030757
898,1103.00,0.000,-9.471,16.0635,2.6648,49.4011,0.0000,32.3480,0.0000,0.0000,0.0000,0.0000,0.0000,0.0000,0.0000,15.1603,2.5570,0.5336,0.0000,0.0000,0.0000,0.0000,0.0000,0.0000,-275.623,-223.234,38.069,6.028,19.604,0.226569,0.742321,0.031109
899,1102.00,0.000,-9.484,16.0733,2.6648,49.4076,0.0000,32.3422,0.0000,0.0000,0.0000,0.0000,0.0000,0.0000,0.0000,15.1540,2.5565,0.5397,0.0000,0.0000,0.0000,0.0000,0.0000,0.0000,-275.747,-223.383,38.079,6.032,19.614,0.226523,0.742016,0.031461
900,1101.00,0.000,-9.497,16.0829,2.6648,49.4142,0.0000,32.3365,0.0000,0.0000,0.0000,0.0000,0.0000,0.0000,0.0000,15.1478,2.5559,0.5457,0.0000,0.0000,0.0000,0.0000,0.0000,0.0000,-275.869,-223.531,38.088,6.035,19.623,0.226476,0.741711,0.031812
901,1100.00,0.000,-9.510,16.0924,2.6648,49.4206,0.0000,32.3307,0.0000,0.0000,0.0000,0.0000,0.0000,0.0000,0.0000,15.1416,2.5554,0.5517,0.0000,0.0000,0.0000,0.0000,0.0000,0.0000,-275.989,-223.677,38.096,6.039,19.632,0.226427,0.741409,0.032164
902,1099.00,0.000,-9.523,16.1017,2.6648,49.4271,0.0000,32.3250,0.0000,0.0000,0.0000,0.0000,0.0000,0.0000,0.0000,15.1354,2.5548,0.5577,0.0000,0.0000,0.0000,0.0000,0.0000,0.0000,-276.106,-223.820,38.105,6.042,19.641,0.226377,0.741108,0.032515
903,1098.00,0.000,-9.536,16.1109,2.6648,49.4335,0.0000,32.3194,0.0000,0.0000,0.0000,0.0000,0.0000,0.0000,0.0000,15.1292,2.5542,0.5638,0.0000,0.0000,0.0000,0.0000,0.0000,0.0000,-276.221,-223.963,38.113,6.046,19.650,0.226326,0.740808,0.032866
904,1097.00,0.000,-9.549,16.1200,2.6648,49.4398,0.0000,32.3137,0.0000,0.0000,0.0000,0.0000,0.0000,0.0000,0.0000,15.1231,2.5536,0.5698,0.0000,0.0000,0.0000,0.0000,0.0000,0.0000,-276.333,-224.103,38.120,6.049,19.659,0.226273,0.740510,0.033218
905,1096.00,0.000,-9.562,16.1290,2.6647,49.4462,0.0000,32.3081,0.0000,0.0000,0.0000,0.0000,0.0000,0.0000,0.0000,15.1169,2.5530,0.5758,0.0000,0.0000,0.0000,0.0000,0.0000,0.0000,-276.444,-224.242,38.128,6.053,19.668,0.226219,0.740212,0.033569
906,1095.00,0.000,-9.575,16.1378,2.6647,49.4525,0.0000,32.3025,0.0000,0.0000,0.0000,0.0000,0.0000,0.0000,0.0000,15.1108,2.5523,0.5818,0.0000,0.0000,0.0000,0.0000,0.0000,0.0000,-276.553,-224.379,38.135,6.056,19.676,0.226164,0.739916,0.033920
907,1094.00,0.000,-9.588,16.1466,2.6647,49.4588,0.0000,32.2969,0.0000,0.0000,0.0000,0.0000,0.0000,0.0000,0.0000,15.1048,2.5517,0.5879,0.0000,0.0000,0.0000,0.0000,0.0000,0.0000,-276.660,-224.515,38.142,6.059,19.685,0.226107,0.739621,0.034271
908,1093.00,0.000,-9.601,16.1552,2.6647,49.4650,0.0000,32.2913,0.0000,0.0000,0.0000,0.0000,0.0000,0.0000,0.0000,15.0987,2.5510,0.5939,0.0000,0.0000,0.0000,0.0000,0.0000,0.0000,-276.765,-224.649,38.148,6.063,19.693,0.226050,0.739327,0.034623
909,1092.00,0.000,-9.614,16.1638,2.6647,49.4713,0.0000,32.2858,0.0000,0.0000,0.0000,0.0000,0.0000,0.0000,0.0000,15.0927,2.5504,0.5999,0.0000,0.0000,0.0000,0.0000,0.0000,0.0000,-276.869,-224.782,38.154,6.066,19.701,0.225991,0.739034,0.034974
910,1091.00,0.000,-9.627,16.1722,2.6647,49.4775,0.0000,32.2802,0.0000,0.0000,0.0000,0.0000,0.0000,0.0000,0.0000,15.0866,2.5497,0.6059,0.0000,0.0000,0.0000,0.0000,0.0000,0.0000,-276.971,-224.914,38.161,6.069,19.709,0.225932,0.738742,0.035326
911,1090.00,0.000,-9.641,16.1806,2.6647,49.4837,0.0000,32.2747,0.0000,0.0000,0.0000,0.0000,0.0000,0.0000,0.0000,15.0806,2.5490,0.6120,0.0000,0.0000,0.0000,0.0000,0.0000,0.0000,-277.071,-225.045,38.166,6.072,19.717,0.225871,0.738451,0.035678
