Index,T (C),P (kbars),log(10) f O2,mass (gm),rho (gm/cc),wt% SiO2,wt% TiO2,wt% Al2O3,wt% Fe2O3,wt% Cr2O3,wt% FeO,wt% MnO,wt% MgO,wt% NiO,wt% CoO,wt% CaO,wt% Na2O,wt% K2O,wt% P2O5,wt% H2O,wt% CO2,wt% SO3,wt% Cl2O-1,wt% F2O-1,G (kJ),H (kJ),S (J/K),V (cc),Cp (J/K),     diopside,clinoenstatit, hedenbergite,alumino-buffo,    buffonite,     essenite,      jadeite
724,1277.00,0.000,-7.478,0.1872,3.1696,56.3653,0.0253,1.6970,0.4818,0.0000,7.4860,0.0000,32.7510,0.0000,0.0000,1.1862,0.0075,0.0000,0.0000,0.0000,0.0000,0.0000,0.0000,0.0000,-3.163,-2.433,0.471,0.059,0.243,-0.214831,0.955337,0.217536,0.028858,-0.027538,0.040136,0.000502
725,1276.00,0.000,-7.488,0.3458,3.1699,56.3568,0.0254,1.7022,0.4824,0.0000,7.4993,0.0000,32.7318,0.0000,0.0000,1.1946,0.0075,0.0000,0.0000,0.0000,0.0000,0.0000,0.0000,0.0000,-5.841,-4.494,0.870,0.109,0.449,-0.215037,0.955017,0.217939,0.028962,-0.027634,0.040248,0.000505
726,1275.00,0.000,-7.498,0.5040,3.1703,56.3484,0.0255,1.7074,0.4829,0.0000,7.5125,0.0000,32.7126,0.0000,0.0000,1.2031,0.0075,0.0000,0.0000,0.0000,0.0000,0.0000,0.0000,0.0000,-8.512,-6.549,1.267,0.159,0.654,-0.215239,0.954695,0.218342,0.029065,-0.027731,0.040360,0.000508
727,1274.00,0.000,-7.508,0.6618,3.1706,56.3400,0.0257,1.7126,0.4835,0.0000,7.5256,0.0000,32.6934,0.0000,0.0000,1.2116,0.0076,0.0000,0.0000,0.0000,0.0000,0.0000,0.0000,0.0000,-11.173,-8.599,1.664,0.209,0.858,-0.215438,0.954369,0.218743,0.029168,-0.027827,0.040472,0.000511
728,1273.00,0.000,-7.518,0.8192,3.1709,56.3316,0.0258,1.7177,0.4841,0.0000,7.5387,0.0000,32.6742,0.0000,0.0000,1.2202,0.0076,0.0000,0.0000,0.0000,0.0000,0.0000,0.0000,0.0000,-13.827,-10.644,2.059,0.258,1.062,-0.215633,0.954042,0.219144,0.029272,-0.027923,0.040584,0.000514
729,1272.00,0.000,-7.529,0.9762,3.1712,56.3232,0.0259,1.7229,0.4846,0.0000,7.5518,0.0000,32.6549,0.0000,0.0000,1.2289,0.0077,0.0000,0.0000,0.0000,0.0000,0.0000,0.0000,0.0000,-16.473,-12.684,2.452,0.308,1.265,-0.215824,0.953711,0.219544,0.029375,-0.028019,0.040696,0.000517
730,1271.00,0.000,-7.539,1.1328,3.1716,56.3148,0.0261,1.7281,0.4851,0.0000,7.5649,0.0000,32.6356,0.0000,0.0000,1.2377,0.0077,0.0000,0.0000,0.0000,0.0000,0.0000,0.0000,0.0000,-19.111,-14.718,2.845,0.357,1.468,-0.216011,0.953378,0.219943,0.029479,-0.028115,0.040807,0.000520
731,1270.00,0.000,-7.549,1.2890,3.1719,56.3064,0.0262,1.7332,0.4857,0.0000,7.5779,0.0000,32.6163,0.0000,0.0000,1.2465,0.0078,0.0000,0.0000,0.0000,0.0000,0.0000,0.0000,0.0000,-21.741,-16.748,3.236,0.406,1.670,-0.216194,0.953041,0.220341,0.029582,-0.028211,0.040918,0.000523
732,1269.00,0.000,-7.559,1.4449,3.1722,56.2980,0.0264,1.7384,0.4862,0.0000,7.5909,0.0000,32.5970,0.0000,0.0000,1.2554,0.0078,0.0000,0.0000,0.0000,0.0000,0.0000,0.0000,0.0000,-24.364,-18.772,3.626,0.455,1.872,-0.216374,0.952703,0.220738,0.029686,-0.028307,0.041029,0.000526
733,1268.00,0.000,-7.570,1.6004,3.1726,56.2897,0.0265,1.7435,0.4867,0.0000,7.6038,0.0000,32.5776,0.0000,0.0000,1.2644,0.0079,0.0000,0.0000,0.0000,0.0000,0.0000,0.0000,0.0000,-26.979,-20.792,4.015,0.504,2.073,-0.216549,0.952361,0.221134,0.029789,-0.028404,0.041139,0.000529
734,1267.00,0.000,-7.580,1.7556,3.1729,56.2813,0.0266,1.7486,0.4872,0.0000,7.6168,0.0000,32.5582,0.0000,0.0000,1.2735,0.0079,0.0000,0.0000,0.0000,0.0000,0.0000,0.0000,0.0000,-29.587,-22.807,4.402,0.553,2.273,-0.216721,0.952016,0.221530,0.029893,-0.028500,0.041250,0.000532
735,1266.00,0.000,-7.590,1.9104,3.1732,56.2729,0.0268,1.7538,0.4877,0.0000,7.6296,0.0000,32.5387,0.0000,0.0000,1.2826,0.0079,0.0000,0.0000,0.0000,0.0000,0.0000,0.0000,0.0000,-32.189,-24.818,4.789,0.602,2.473,-0.216888,0.951668,0.221924,0.029996,-0.028596,0.041360,0.000536
736,1265.00,0.000,-7.601,2.0649,3.1735,56.2646,0.0269,1.7589,0.4882,0.0000,7.6425,0.0000,32.5192,0.0000,0.0000,1.2918,0.0080,0.0000,0.0000,0.0000,0.0000,0.0000,0.0000,0.0000,-34.783,-26.824,5.174,0.651,2.673,-0.217051,0.951318,0.222318,0.030099,-0.028692,0.041469,0.000539
737,1264.00,0.000,-7.611,2.2191,3.1739,56.2562,0.0270,1.7640,0.4886,0.0000,7.6553,0.0000,32.4997,0.0000,0.0000,1.3011,0.0080,0.0000,0.0000,0.0000,0.0000,0.0000,0.0000,0.0000,-37.370,-28.826,5.559,0.699,2.872,-0.217210,0.950964,0.222710,0.030203,-0.028788,0.041579,0.000542
738,1263.00,0.000,-7.621,2.3729,3.1742,56.2479,0.0272,1.7691,0.4891,0.0000,7.6681,0.0000,32.4801,0.0000,0.0000,1.3105,0.0081,0.0000,0.0000,0.0000,0.0000,0.0000,0.0000,0.0000,-39.951,-30.824,5.942,0.748,3.071,-0.217365,0.950608,0.223102,0.030306,-0.028884,0.041688,0.000545
739,1262.00,0.000,-7.632,2.5265,3.1745,56.2395,0.0273,1.7742,0.4895,0.0000,7.6808,0.0000,32.4606,0.0000,0.0000,1.3199,0.0081,0.0000,0.0000,0.0000,0.0000,0.0000,0.0000,0.0000,-42.526,-32.817,6.324,0.796,3.269,-0.217515,0.950248,0.223493,0.030409,-0.028980,0.041797,0.000548
740,1261.00,0.000,-7.642,2.6797,3.1748,56.2312,0.0275,1.7793,0.4900,0.0000,7.6935,0.0000,32.4409,0.0000,0.0000,1.3294,0.0082,0.0000,0.0000,0.0000,0.0000,0.0000,0.0000,0.0000,-45.094,-34.807,6.705,0.844,3.466,-0.217661,0.949885,0.223882,0.030513,-0.029076,0.041906,0.000551
741,1260.00,0.000,-7.652,2.8327,3.1752,56.2229,0.0276,1.7844,0.4904,0.0000,7.7062,0.0000,32.4213,0.0000,0.0000,1.3390,0.0082,0.0000,0.0000,0.0000,0.0000,0.0000,0.0000,0.0000,-47.656,-36.793,7.085,0.892,3.664,-0.217803,0.949519,0.224271,0.030616,-0.029172,0.042014,0.000555
742,1259.00,0.000,-7.663,2.9854,3.1755,56.2145,0.0277,1.7895,0.4908,0.0000,7.7189,0.0000,32.4016,0.0000,0.0000,1.3487,0.0083,0.0000,0.0000,0.0000,0.0000,0.0000,0.0000,0.0000,-50.212,-38.775,7.465,0.940,3.860,-0.217941,0.949150,0.224659,0.030719,-0.029268,0.042122,0.000558
743,1258.00,0.000,-7.673,3.1378,3.1758,56.2062,0.0279,1.7945,0.4912,0.0000,7.7315,0.0000,32.3818,0.0000,0.0000,1.3585,0.0083,0.0000,0.0000,0.0000,0.0000,0.0000,0.0000,0.0000,-52.762,-40.753,7.843,0.988,4.057,-0.218073,0.948777,0.225046,0.030823,-0.029364,0.042230,0.000561
744,1257.00,0.000,-7.684,3.2899,3.1761,56.1979,0.0280,1.7996,0.4916,0.0000,7.7440,0.0000,32.3621,0.0000,0.0000,1.3684,0.0084,0.0000,0.0000,0.0000,0.0000,0.0000,0.0000,0.0000,-55.306,-42.728,8.220,1.036,4.253,-0.218202,0.948402,0.225432,0.030926,-0.029460,0.042338,0.000564
745,1256.00,0.000,-7.694,3.4418,3.1765,56.1896,0.0281,1.8046,0.4920,0.0000,7.7566,0.0000,32.3423,0.0000,0.0000,1.3783,0.0084,0.0000,0.0000,0.0000,0.0000,0.0000,0.0000,0.0000,-57.845,-44.699,8.597,1.084,4.448,-0.218326,0.948022,0.225817,0.031029,-0.029555,0.042445,0.000568
746,1255.00,0.000,-7.705,3.5935,3.1768,56.1813,0.0283,1.8097,0.4924,0.0000,7.7691,0.0000,32.3224,0.0000,0.0000,1.3884,0.0085,0.0000,0.0000,0.0000,0.0000,0.0000,0.0000,0.0000,-60.378,-46.668,8.972,1.131,4.644,-0.218445,0.947640,0.226201,0.031132,-0.029651,0.042552,0.000571
747,1254.00,0.000,-7.715,3.7449,3.1771,56.1730,0.0284,1.8147,0.4928,0.0000,7.7815,0.0000,32.3025,0.0000,0.0000,1.3985,0.0085,0.0000,0.0000,0.0000,0.0000,0.0000,0.0000,0.0000,-62.907,-48.633,9.347,1.179,4.838,-0.218559,0.947254,0.226584,0.031235,-0.029747,0.042658,0.000575
748,1253.00,0.000,-7.725,3.8961,3.1774,56.1647,0.0286,1.8197,0.4932,0.0000,7.7940,0.0000,32.2826,0.0000,0.0000,1.4087,0.0086,0.0000,0.0000,0.0000,0.0000,0.0000,0.0000,0.0000,-65.430,-50.595,9.720,1.226,5.033,-0.218669,0.946864,0.226967,0.031338,-0.029842,0.042765,0.000578
749,1252.00,0.000,-7.736,4.0470,3.1778,56.1565,0.0287,1.8247,0.4935,0.0000,7.8064,0.0000,32.2626,0.0000,0.0000,1.4191,0.0086,0.0000,0.0000,0.0000,0.0000,0.0000,0.0000,0.0000,-67.948,-52.554,10.093,1.274,5.227,-0.218774,0.946471,0.227348,0.031441,-0.029938,0.042871,0.000581
750,1251.00,0.000,-7.746,4.1978,3.1781,56.1482,0.0288,1.8297,0.4938,0.0000,7.8187,0.0000,32.2426,0.0000,0.0000,1.4295,0.0087,0.0000,0.0000,0.0000,0.0000,0.0000,0.0000,0.0000,-70.461,-54.510,10.466,1.321,5.421,-0.218874,0.946075,0.227728,0.031544,-0.030034,0.042976,0.000585
751,1250.00,0.000,-7.757,4.3483,3.1784,56.1399,0.0290,1.8347,0.4942,0.0000,7.8310,0.0000,32.2225,0.0000,0.0000,1.4400,0.0087,0.0000,0.0000,0.0000,0.0000,0.0000,0.0000,0.0000,-72.970,-56.463,10.837,1.368,5.614,-0.218969,0.945674,0.228108,0.031647,-0.030129,0.043082,0.000588
752,1249.00,0.000,-7.768,4.4987,3.1787,56.1316,0.0291,1.8397,0.4945,0.0000,7.8433,0.0000,32.2024,0.0000,0.0000,1.4506,0.0088,0.0000,0.0000,0.0000,0.0000,0.0000,0.0000,0.0000,-75.474,-58.414,11.208,1.415,5.807,-0.219060,0.945270,0.228486,0.031749,-0.030224,0.043187,0.000592
753,1248.00,0.000,-7.778,4.6488,3.1790,56.1234,0.0292,1.8447,0.4948,0.0000,7.8556,0.0000,32.1822,0.0000,0.0000,1.4613,0.0088,0.0000,0.0000,0.0000,0.0000,0.0000,0.0000,0.0000,-77.974,-60.363,11.577,1.462,6.000,-0.219145,0.944863,0.228863,0.031852,-0.030320,0.043291,0.000595
754,1247.00,0.000,-7.789,4.7988,3.1793,56.1151,0.0294,1.8496,0.4951,0.0000,7.8678,0.0000,32.1620,0.0000,0.0000,1.4721,0.0089,0.0000,0.0000,0.0000,0.0000,0.0000,0.0000,0.0000,-80.469,-62.309,11.947,1.509,6.192,-0.219225,0.944451,0.229240,0.031955,-0.030415,0.043396,0.000599
755,1246.00,0.000,-7.799,4.9486,3.1797,56.1069,0.0295,1.8546,0.4954,0.0000,7.8800,0.0000,32.1417,0.0000,0.0000,1.4830,0.0089,0.0000,0.0000,0.0000,0.0000,0.0000,0.0000,0.0000,-82.961,-64.252,12.315,1.556,6.384,-0.219300,0.944036,0.229615,0.032057,-0.030510,0.043500,0.000602
756,1245.00,0.000,-7.810,5.0983,3.1800,56.0987,0.0297,1.8595,0.4957,0.0000,7.8921,0.0000,32.1214,0.0000,0.0000,1.4940,0.0090,0.0000,0.0000,0.0000,0.0000,0.0000,0.0000,0.0000,-85.448,-66.194,12.683,1.603,6.576,-0.219369,0.943616,0.229990,0.032159,-0.030605,0.043603,0.000606
757,1244.00,0.000,-7.820,5.2478,3.1803,56.0904,0.0298,1.8644,0.4960,0.0000,7.9042,0.0000,32.1011,0.0000,0.0000,1.5051,0.0090,0.0000,0.0000,0.0000,0.0000,0.0000,0.0000,0.0000,-87.932,-68.133,13.050,1.650,6.768,-0.219433,0.943193,0.230363,0.032262,-0.030700,0.043706,0.000609
758,1243.00,0.000,-7.831,5.3972,3.1806,56.0822,0.0299,1.8693,0.4962,0.0000,7.9163,0.0000,32.0806,0.0000,0.0000,1.5163,0.0091,0.0000,0.0000,0.0000,0.0000,0.0000,0.0000,0.0000,-90.413,-70.071,13.417,1.697,6.959,-0.219492,0.942765,0.230736,0.032364,-0.030795,0.043809,0.000613
759,1242.00,0.000,-7.842,5.5465,3.1809,56.0740,0.0301,1.8742,0.4965,0.0000,7.9283,0.0000,32.0602,0.0000,0.0000,1.5276,0.0091,0.0000,0.0000,0.0000,0.0000,0.0000,0.0000,0.0000,-92.890,-72.007,13.783,1.744,7.151,-0.219546,0.942334,0.231108,0.032466,-0.030890,0.043912,0.000617
760,1241.00,0.000,-7.852,5.6956,3.1812,56.0658,0.0302,1.8791,0.4967,0.0000,7.9403,0.0000,32.0397,0.0000,0.0000,1.5391,0.0092,0.0000,0.0000,0.0000,0.0000,0.0000,0.0000,0.0000,-95.364,-73.941,14.148,1.790,7.342,-0.219594,0.941898,0.231478,0.032568,-0.030985,0.044014,0.000620
761,1240.00,0.000,-7.863,5.8446,3.1816,56.0576,0.0303,1.8840,0.4969,0.0000,7.9523,0.0000,32.0191,0.0000,0.0000,1.5506,0.0092,0.0000,0.0000,0.0000,0.0000,0.0000,0.0000,0.0000,-97.834,-75.874,14.513,1.837,7.532,-0.219636,0.941458,0.231848,0.032670,-0.031079,0.044116,0.000624
762,1239.00,0.000,-7.874,5.9935,3.1819,56.0494,0.0305,1.8889,0.4971,0.0000,7.9642,0.0000,31.9984,0.0000,0.0000,1.5622,0.0093,0.0000,0.0000,0.0000,0.0000,0.0000,0.0000,0.0000,-100.302,-77.806,14.877,1.884,7.723,-0.219673,0.941014,0.232217,0.032772,-0.031174,0.044217,0.000628
763,1238.00,0.000,-7.884,6.1423,3.1822,56.0412,0.0306,1.8937,0.4973,0.0000,7.9761,0.0000,31.9777,0.0000,0.0000,1.5740,0.0093,0.0000,0.0000,0.0000,0.0000,0.0000,0.0000,0.0000,-102.767,-79.736,15.241,1.930,7.913,-0.219704,0.940565,0.232584,0.032873,-0.031268,0.044318,0.000632
764,1237.00,0.000,-7.895,6.2911,3.1825,56.0330,0.0307,1.8986,0.4975,0.0000,7.9879,0.0000,31.9570,0.0000,0.0000,1.5859,0.0094,0.0000,0.0000,0.0000,0.0000,0.0000,0.0000,0.0000,-105.229,-81.665,15.604,1.977,8.103,-0.219729,0.940112,0.232951,0.032975,-0.031363,0.044419,0.000636
765,1236.00,0.000,-7.906,6.4397,3.1828,56.0248,0.0309,1.9034,0.4977,0.0000,7.9997,0.0000,31.9362,0.0000,0.0000,1.5979,0.0095,0.0000,0.0000,0.0000,0.0000,0.0000,0.0000,0.0000,-107.689,-83.592,15.967,2.023,8.293,-0.219748,0.939654,0.233317,0.033076,-0.031457,0.044519,0.000639
766,1235.00,0.000,-7.917,6.5883,3.1831,56.0166,0.0310,1.9082,0.4979,0.0000,8.0115,0.0000,31.9153,0.0000,0.0000,1.6100,0.0095,0.0000,0.0000,0.0000,0.0000,0.0000,0.0000,0.0000,-110.147,-85.519,16.329,2.070,8.483,-0.219761,0.939192,0.233681,0.033177,-0.031551,0.044618,0.000643
767,1234.00,0.000,-7.927,6.7369,3.1834,56.0084,0.0311,1.9130,0.4980,0.0000,8.0232,0.0000,31.8943,0.0000,0.0000,1.6223,0.0096,0.0000,0.0000,0.0000,0.0000,0.0000,0.0000,0.0000,-112.602,-87.446,16.691,2.116,8.673,-0.219769,0.938725,0.234045,0.033279,-0.031645,0.044718,0.000647
768,1233.00,0.000,-7.938,6.8854,3.1838,56.0002,0.0313,1.9178,0.4982,0.0000,8.0349,0.0000,31.8733,0.0000,0.0000,1.6346,0.0096,0.0000,0.0000,0.0000,0.0000,0.0000,0.0000,0.0000,-115.056,-89.371,17.053,2.163,8.862,-0.219769,0.938253,0.234408,0.033380,-0.031739,0.044817,0.000651
769,1232.00,0.000,-7.949,7.0339,3.1841,55.9921,0.0314,1.9225,0.4983,0.0000,8.0466,0.0000,31.8522,0.0000,0.0000,1.6471,0.0097,0.0000,0.0000,0.0000,0.0000,0.0000,0.0000,0.0000,-117.508,-91.296,17.414,2.209,9.052,-0.219764,0.937777,0.234769,0.033480,-0.031832,0.044915,0.000655
770,1231.00,0.000,-7.960,7.1823,3.1844,55.9839,0.0315,1.9273,0.4985,0.0000,8.0582,0.0000,31.8311,0.0000,0.0000,1.6597,0.0097,0.0000,0.0000,0.0000,0.0000,0.0000,0.0000,0.0000,-119.958,-93.221,17.775,2.255,9.241,-0.219753,0.937295,0.235130,0.033581,-0.031926,0.045013,0.000659
771,1230.00,0.000,-7.971,7.3308,3.1847,55.9758,0.0317,1.9320,0.4986,0.0000,8.0698,0.0000,31.8099,0.0000,0.0000,1.6725,0.0098,0.0000,0.0000,0.0000,0.0000,0.0000,0.0000,0.0000,-122.407,-95.146,18.136,2.302,9.430,-0.219734,0.936809,0.235490,0.033681,-0.032019,0.045111,0.000663
772,1229.00,0.000,-7.981,7.4792,3.1850,55.9676,0.0318,1.9367,0.4987,0.0000,8.0814,0.0000,31.7886,0.0000,0.0000,1.6854,0.0099,0.0000,0.0000,0.0000,0.0000,0.0000,0.0000,0.0000,-124.854,-97.070,18.496,2.348,9.620,-0.219710,0.936317,0.235848,0.033782,-0.032112,0.045208,0.000667
773,1228.00,0.000,-7.992,7.6276,3.1853,55.9595,0.0319,1.9414,0.4988,0.0000,8.0929,0.0000,31.7672,0.0000,0.0000,1.6984,0.0099,0.0000,0.0000,0.0000,0.0000,0.0000,0.0000,0.0000,-127.301,-98.995,18.856,2.395,9.809,-0.219679,0.935821,0.236206,0.033882,-0.032205,0.045304,0.000671
774,1227.00,0.000,-8.003,7.7761,3.1856,55.9513,0.0321,1.9461,0.4988,0.0000,8.1043,0.0000,31.7458,0.0000,0.0000,1.7116,0.0100,0.0000,0.0000,0.0000,0.0000,0.0000,0.0000,0.0000,-129.746,-100.919,19.216,2.441,9.998,-0.219640,0.935319,0.236563,0.033982,-0.032298,0.045400,0.000675
775,1226.00,0.000,-8.014,7.9246,3.1859,55.9432,0.0322,1.9508,0.4989,0.0000,8.1158,0.0000,31.7243,0.0000,0.0000,1.7249,0.0100,0.0000,0.0000,0.0000,0.0000,0.0000,0.0000,0.0000,-132.191,-102.844,19.576,2.487,10.187,-0.219596,0.934811,0.236918,0.034082,-0.032391,0.045496,0.000679
776,1225.00,0.000,-8.025,8.0731,3.1862,55.9351,0.0323,1.9555,0.4990,0.0000,8.1272,0.0000,31.7027,0.0000,0.0000,1.7383,0.0101,0.0000,0.0000,0.0000,0.0000,0.0000,0.0000,0.0000,-134.635,-104.770,19.935,2.534,10.376,-0.219544,0.934298,0.237273,0.034181,-0.032483,0.045591,0.000683
777,1224.00,0.000,-8.036,8.2217,3.1865,55.9269,0.0325,1.9601,0.4990,0.0000,8.1385,0.0000,31.6810,0.0000,0.0000,1.7519,0.0102,0.0000,0.0000,0.0000,0.0000,0.0000,0.0000,0.0000,-137.080,-106.696,20.294,2.580,10.565,-0.219485,0.933780,0.237627,0.034280,-0.032576,0.045686,0.000688
778,1223.00,0.000,-8.047,8.3704,3.1868,55.9188,0.0326,1.9647,0.4990,0.0000,8.1498,0.0000,31.6592,0.0000,0.0000,1.7656,0.0102,0.0000,0.0000,0.0000,0.0000,0.0000,0.0000,0.0000,-139.523,-108.622,20.654,2.627,10.754,-0.219419,0.933256,0.237979,0.034380,-0.032668,0.045780,0.000692
779,1222.00,0.000,-8.058,8.5191,3.1871,55.9107,0.0327,1.9693,0.4991,0.0000,8.1611,0.0000,31.6374,0.0000,0.0000,1.7795,0.0103,0.0000,0.0000,0.0000,0.0000,0.0000,0.0000,0.0000,-141.967,-110.550,21.013,2.673,10.943,-0.219346,0.932726,0.238331,0.034479,-0.032760,0.045874,0.000696
780,1221.00,0.000,-8.068,8.6679,3.1874,55.9026,0.0329,1.9739,0.4991,0.0000,8.1723,0.0000,31.6155,0.0000,0.0000,1.7935,0.0103,0.0000,0.0000,0.0000,0.0000,0.0000,0.0000,0.0000,-144.412,-112.479,21.372,2.719,11.132,-0.219265,0.932191,0.238681,0.034577,-0.032851,0.045967,0.000700
781,1220.00,0.000,-8.079,8.8169,3.1878,55.8945,0.0330,1.9784,0.4991,0.0000,8.1835,0.0000,31.5934,0.0000,0.0000,1.8077,0.0104,0.0000,0.0000,0.0000,0.0000,0.0000,0.0000,0.0000,-146.857,-114.409,21.731,2.766,11.321,-0.219177,0.931649,0.239031,0.034676,-0.032943,0.046059,0.000705
782,1219.00,0.000,-8.090,8.9659,3.1881,55.8863,0.0331,1.9830,0.4990,0.0000,8.1947,0.0000,31.5713,0.0000,0.0000,1.8221,0.0105,0.0000,0.0000,0.0000,0.0000,0.0000,0.0000,0.0000,-149.302,-116.341,22.090,2.812,11.510,-0.219081,0.931102,0.239379,0.034774,-0.033034,0.046151,0.000709
783,1218.00,0.000,-8.101,9.1151,3.1884,55.8782,0.0332,1.9875,0.4990,0.0000,8.2058,0.0000,31.5491,0.0000,0.0000,1.8366,0.0105,0.0000,0.0000,0.0000,0.0000,0.0000,0.0000,0.0000,-151.748,-118.274,22.449,2.859,11.700,-0.218977,0.930548,0.239726,0.034872,-0.033125,0.046243,0.000714
784,1217.00,0.000,-8.112,9.2644,3.1887,55.8701,0.0334,1.9920,0.4990,0.0000,8.2169,0.0000,31.5268,0.0000,0.0000,1.8512,0.0106,0.0000,0.0000,0.0000,0.0000,0.0000,0.0000,0.0000,-154.196,-120.208,22.808,2.905,11.889,-0.218865,0.929987,0.240073,0.034970,-0.033216,0.046334,0.000718
785,1216.00,0.000,-8.123,9.4138,3.1890,55.8620,0.0335,1.9965,0.4989,0.0000,8.2279,0.0000,31.5044,0.0000,0.0000,1.8661,0.0107,0.0000,0.0000,0.0000,0.0000,0.0000,0.0000,0.0000,-156.644,-122.145,23.167,2.952,12.079,-0.218746,0.929421,0.240418,0.035067,-0.033307,0.046424,0.000723
786,1215.00,0.000,-8.134,9.5634,3.1893,55.8539,0.0336,2.0009,0.4988,0.0000,8.2389,0.0000,31.4819,0.0000,0.0000,1.8811,0.0107,0.0000,0.0000,0.0000,0.0000,0.0000,0.0000,0.0000,-159.094,-124.084,23.526,2.999,12.268,-0.218618,0.928848,0.240762,0.035164,-0.033397,0.046514,0.000727
787,1214.00,0.000,-8.145,9.7132,3.1896,55.8459,0.0337,2.0054,0.4988,0.0000,8.2498,0.0000,31.4593,0.0000,0.0000,1.8963,0.0108,0.0000,0.0000,0.0000,0.0000,0.0000,0.0000,0.0000,-161.546,-126.025,23.886,3.045,12.458,-0.218482,0.928268,0.241105,0.035261,-0.033487,0.046603,0.000732
788,1213.00,0.000,-8.157,9.8632,3.1899,55.8378,0.0339,2.0098,0.4987,0.0000,8.2608,0.0000,31.4367,0.0000,0.0000,1.9116,0.0109,0.0000,0.0000,0.0000,0.0000,0.0000,0.0000,0.0000,-164.000,-127.968,24.245,3.092,12.648,-0.218337,0.927681,0.241447,0.035358,-0.033577,0.046692,0.000736
789,1212.00,0.000,-8.168,10.0134,3.1902,55.8297,0.0340,2.0142,0.4985,0.0000,8.2716,0.0000,31.4138,0.0000,0.0000,1.9272,0.0109,0.0000,0.0000,0.0000,0.0000,0.0000,0.0000,0.0000,-166.456,-129.914,24.605,3.139,12.838,-0.218184,0.927088,0.241788,0.035454,-0.033667,0.046780,0.000741
790,1211.00,0.000,-8.179,10.1638,3.1905,55.8216,0.0341,2.0186,0.4984,0.0000,8.2825,0.0000,31.3909,0.0000,0.0000,1.9429,0.0110,0.0000,0.0000,0.0000,0.0000,0.0000,0.0000,0.0000,-168.915,-131.863,24.965,3.186,13.028,-0.218022,0.926487,0.242128,0.035550,-0.033756,0.046867,0.000746
791,1210.00,0.000,-8.190,10.3144,3.1908,55.8135,0.0342,2.0229,0.4983,0.0000,8.2932,0.0000,31.3679,0.0000,0.0000,1.9588,0.0111,0.0000,0.0000,0.0000,0.0000,0.0000,0.0000,0.0000,-171.376,-133.815,25.326,3.233,13.219,-0.217851,0.925879,0.242467,0.035646,-0.033845,0.046954,0.000750
792,1209.00,0.000,-8.201,10.4653,3.1911,55.8054,0.0344,2.0272,0.4981,0.0000,8.3040,0.0000,31.3448,0.0000,0.0000,1.9749,0.0111,0.0000,0.0000,0.0000,0.0000,0.0000,0.0000,0.0000,-173.840,-135.769,25.686,3.280,13.410,-0.217671,0.925264,0.242805,0.035741,-0.033934,0.047040,0.000755
793,1208.00,0.000,-8.212,10.6165,3.1914,55.7974,0.0345,2.0315,0.4980,0.0000,8.3147,0.0000,31.3215,0.0000,0.0000,1.9912,0.0112,0.0000,0.0000,0.0000,0.0000,0.0000,0.0000,0.0000,-176.308,-137.728,26.047,3.327,13.601,-0.217481,0.924641,0.243142,0.035836,-0.034022,0.047125,0.000760
794,1207.00,0.000,-8.223,10.7679,3.1917,55.7893,0.0346,2.0358,0.4978,0.0000,8.3253,0.0000,31.2981,0.0000,0.0000,2.0077,0.0113,0.0000,0.0000,0.0000,0.0000,0.0000,0.0000,0.0000,-178.779,-139.690,26.409,3.374,13.792,-0.217282,0.924010,0.243477,0.035931,-0.034110,0.047210,0.000765
795,1206.00,0.000,-8.234,10.9197,3.1920,55.7812,0.0347,2.0400,0.4976,0.0000,8.3360,0.0000,31.2746,0.0000,0.0000,2.0244,0.0113,0.0000,0.0000,0.0000,0.0000,0.0000,0.0000,0.0000,-181.253,-141.655,26.771,3.421,13.984,-0.217074,0.923372,0.243811,0.036025,-0.034198,0.047294,0.000770
796,1205.00,0.000,-8.246,11.0718,3.1922,55.7732,0.0348,2.0443,0.4974,0.0000,8.3465,0.0000,31.2510,0.0000,0.0000,2.0414,0.0114,0.0000,0.0000,0.0000,0.0000,0.0000,0.0000,0.0000,-183.733,-143.626,27.133,3.468,14.176,-0.216855,0.922725,0.244145,0.036119,-0.034286,0.047378,0.000775
797,1204.00,0.000,-8.257,11.2243,3.1925,55.7651,0.0350,2.0485,0.4972,0.0000,8.3571,0.0000,31.2272,0.0000,0.0000,2.0585,0.0115,0.0000,0.0000,0.0000,0.0000,0.0000,0.0000,0.0000,-186.218,-145.602,27.496,3.516,14.368,-0.216627,0.922070,0.244477,0.036213,-0.034373,0.047460,0.000780
798,1203.00,0.000,-8.268,11.3773,3.1928,55.7570,0.0351,2.0526,0.4970,0.0000,8.3675,0.0000,31.2033,0.0000,0.0000,2.0758,0.0116,0.0000,0.0000,0.0000,0.0000,0.0000,0.0000,0.0000,-188.709,-147.583,27.860,3.563,14.561,-0.216388,0.921407,0.244808,0.036306,-0.034460,0.047542,0.000785
799,1202.00,0.000,-8.279,12.0531,3.1932,55.7542,0.0354,2.0378,0.4947,0.0000,8.3940,0.0000,31.1614,0.0000,0.0000,2.1108,0.0117,0.0000,0.0000,0.0000,0.0000,0.0000,0.0000,0.0000,-199.842,-156.321,29.503,3.775,15.422,-0.215569,0.920074,0.245634,0.036042,-0.034179,0.047206,0.000792
800,1201.00,0.000,-8.290,13.1678,3.1937,55.7563,0.0359,2.0057,0.4906,0.0000,8.4341,0.0000,31.1027,0.0000,0.0000,2.1629,0.0118,0.0000,0.0000,0.0000,0.0000,0.0000,0.0000,0.0000,-218.211,-170.721,32.215,4.123,16.841,-0.214148,0.918085,0.246887,0.035453,-0.033565,0.046487,0.000803
801,1200.00,0.000,-8.302,14.2150,3.1941,55.7583,0.0363,1.9744,0.4864,0.0000,8.4724,0.0000,31.0443,0.0000,0.0000,2.2159,0.0120,0.0000,0.0000,0.0000,0.0000,0.0000,0.0000,0.0000,-235.449,-184.241,34.761,4.450,18.173,-0.212652,0.916059,0.248084,0.034880,-0.032968,0.045784,0.000813
802,1199.00,0.000,-8.313,15.2017,3.1945,55.7602,0.0367,1.9439,0.4822,0.0000,8.5089,0.0000,30.9861,0.0000,0.0000,2.2699,0.0121,0.0000,0.0000,0.0000,0.0000,0.0000,0.0000,0.0000,-251.669,-196.970,37.156,4.759,19.426,-0.211081,0.913997,0.249229,0.034323,-0.032388,0.045097,0.000823
803,1198.00,0.000,-8.324,16.1337,3.1949,55.7618,0.0372,1.9142,0.4780,0.0000,8.5437,0.0000,30.9280,0.0000,0.0000,2.3249,0.0123,0.0000,0.0000,0.0000,0.0000,0.0000,0.0000,0.0000,-266.971,-208.986,39.414,5.050,20.609,-0.209440,0.911899,0.250324,0.033783,-0.031824,0.044425,0.000833
804,1197.00,0.000,-8.336,17.0162,3.1953,55.7633,0.0376,1.8853,0.4738,0.0000,8.5769,0.0000,30.8700,0.0000,0.0000,2.3807,0.0124,0.0000,0.0000,0.0000,0.0000,0.0000,0.0000,0.0000,-281.442,-220.357,41.550,5.325,21.728,-0.207731,0.909764,0.251373,0.033257,-0.031276,0.043770,0.000843
805,1196.00,0.000,-8.347,17.9950,3.1958,55.7571,0.0390,1.8693,0.4723,0.0000,8.6162,0.0000,30.8221,0.0000,0.0000,2.4114,0.0126,0.0000,0.0000,0.0000,0.0000,0.0000,0.0000,0.0000,-297.489,-232.964,43.920,5.631,22.969,-0.207469,0.908578,0.252593,0.032986,-0.030930,0.043388,0.000854
806,1195.00,0.000,-8.358,19.0535,3.1965,55.7422,0.0417,1.8692,0.4743,0.0000,8.6621,0.0000,30.7895,0.0000,0.0000,2.4083,0.0127,0.0000,0.0000,0.0000,0.0000,0.0000,0.0000,0.0000,-314.834,-246.589,46.484,5.961,24.314,-0.209067,0.908664,0.253992,0.033032,-0.030831,0.043344,0.000866
807,1194.00,0.000,-8.370,20.0007,3.1972,55.7282,0.0446,1.8694,0.4761,0.0000,8.7042,0.0000,30.7601,0.0000,0.0000,2.4046,0.0129,0.0000,0.0000,0.0000,0.0000,0.0000,0.0000,0.0000,-330.335,-258.776,48.774,6.256,25.516,-0.210576,0.908770,0.255278,0.033087,-0.030736,0.043300,0.000878
808,1193.00,0.000,-8.381,20.8518,3.1979,55.7150,0.0474,1.8697,0.4777,0.0000,8.7430,0.0000,30.7335,0.0000,0.0000,2.4006,0.0131,0.0000,0.0000,0.0000,0.0000,0.0000,0.0000,0.0000,-344.244,-269.721,50.829,6.521,26.595,-0.212004,0.908896,0.256462,0.033149,-0.030645,0.043255,0.000889
809,1192.00,0.000,-8.392,21.6196,3.1985,55.7026,0.0504,1.8703,0.4793,0.0000,8.7787,0.0000,30.7094,0.0000,0.0000,2.3961,0.0132,0.0000,0.0000,0.0000,0.0000,0.0000,0.0000,0.0000,-356.773,-279.590,52.679,6.759,27.568,-0.213360,0.909039,0.257552,0.033218,-0.030558,0.043210,0.000900
810,1191.00,0.000,-8.404,22.3146,3.1991,55.6909,0.0534,1.8710,0.4807,0.0000,8.8117,0.0000,30.6877,0.0000,0.0000,2.3913,0.0134,0.0000,0.0000,0.0000,0.0000,0.0000,0.0000,0.0000,-368.101,-288.523,54.351,6.975,28.448,-0.214651,0.909197,0.258557,0.033295,-0.030475,0.043166,0.000910
811,1190.00,0.000,-8.415,22.9461,3.1996,55.6797,0.0565,1.8720,0.4820,0.0000,8.8421,0.0000,30.6681,0.0000,0.0000,2.3861,0.0135,0.0000,0.0000,0.0000,0.0000,0.0000,0.0000,0.0000,-378.378,-296.637,55.866,7.172,29.247,-0.215881,0.909370,0.259485,0.033379,-0.030395,0.043123,0.000919
812,1189.00,0.000,-8.426,23.5218,3.2001,55.6692,0.0597,1.8731,0.4832,0.0000,8.8701,0.0000,30.6505,0.0000,0.0000,2.3806,0.0136,0.0000,0.0000,0.0000,0.0000,0.0000,0.0000,0.0000,-387.734,-304.033,57.245,7.350,29.975,-0.217059,0.909557,0.260342,0.033469,-0.030319,0.043081,0.000928
813,1188.00,0.000,-8.438,24.0482,3.2006,55.6591,0.0629,1.8745,0.4844,0.0000,8.8961,0.0000,30.6346,0.0000,0.0000,2.3748,0.0138,0.0000,0.0000,0.0000,0.0000,0.0000,0.0000,0.0000,-396.279,-310.797,58.503,7.514,30.640,-0.218187,0.909756,0.261135,0.033566,-0.030246,0.043040,0.000937
814,1187.00,0.000,-8.449,24.5310,3.2011,55.6494,0.0661,1.8760,0.4854,0.0000,8.9201,0.0000,30.6203,0.0000,0.0000,2.3687,0.0139,0.0000,0.0000,0.0000,0.0000,0.0000,0.0000,0.0000,-404.106,-317.001,59.655,7.663,31.250,-0.219271,0.909966,0.261868,0.033669,-0.030177,0.043000,0.000945
815,1186.00,0.000,-8.461,24.9753,3.2016,55.6401,0.0694,1.8777,0.4865,0.0000,8.9424,0.0000,30.6075,0.0000,0.0000,2.3624,0.0140,0.0000,0.0000,0.0000,0.0000,0.0000,0.0000,0.0000,-411.297,-322.710,60.711,7.801,31.810,-0.220315,0.910187,0.262547,0.033778,-0.030111,0.042962,0.000952
816,1185.00,0.000,-8.472,25.3851,3.2020,55.6312,0.0728,1.8796,0.4874,0.0000,8.9630,0.0000,30.5960,0.0000,0.0000,2.3559,0.0141,0.0000,0.0000,0.0000,0.0000,0.0000,0.0000,0.0000,-417.923,-327.978,61.684,7.928,32.327,-0.221322,0.910417,0.263176,0.033891,-0.030048,0.042925,0.000960
817,1184.00,0.000,-8.484,25.7641,3.2024,55.6226,0.0762,1.8816,0.4883,0.0000,8.9822,0.0000,30.5858,0.0000,0.0000,2.3492,0.0142,0.0000,0.0000,0.0000,0.0000,0.0000,0.0000,0.0000,-424.043,-332.853,62.581,8.045,32.805,-0.222295,0.910656,0.263760,0.034010,-0.029987,0.042890,0.000967
818,1183.00,0.000,-8.495,26.1157,3.2028,55.6143,0.0796,1.8838,0.4892,0.0000,9.0000,0.0000,30.5767,0.0000,0.0000,2.3423,0.0143,0.0000,0.0000,0.0000,0.0000,0.0000,0.0000,0.0000,-429.711,-337.375,63.411,8.154,33.247,-0.223237,0.910903,0.264302,0.034134,-0.029930,0.042856,0.000973
819,1182.00,0.000,-8.507,26.4425,3.2032,55.6062,0.0830,1.8861,0.4900,0.0000,9.0165,0.0000,30.5686,0.0000,0.0000,2.3352,0.0144,0.0000,0.0000,0.0000,0.0000,0.0000,0.0000,0.0000,-434.973,-341.582,64.180,8.255,33.658,-0.224151,0.911157,0.264805,0.034262,-0.029876,0.042823,0.000979
820,1181.00,0.000,-8.518,26.7470,3.2036,55.5984,0.0865,1.8886,0.4907,0.0000,9.0319,0.0000,30.5615,0.0000,0.0000,2.3280,0.0145,0.0000,0.0000,0.0000,0.0000,0.0000,0.0000,0.0000,-439.870,-345.504,64.895,8.349,34.041,-0.225038,0.911417,0.265273,0.034394,-0.029824,0.042793,0.000985
821,1180.00,0.000,-8.530,27.0314,3.2040,55.5908,0.0900,1.8912,0.4915,0.0000,9.0462,0.0000,30.5552,0.0000,0.0000,2.3206,0.0145,0.0000,0.0000,0.0000,0.0000,0.0000,0.0000,0.0000,-444.437,-349.169,65.560,8.437,34.399,-0.225901,0.911683,0.265708,0.034530,-0.029774,0.042763,0.000990
822,1179.00,0.000,-8.542,27.2975,3.2043,55.5834,0.0935,1.8939,0.4921,0.0000,9.0595,0.0000,30.5497,0.0000,0.0000,2.3131,0.0146,0.0000,0.0000,0.0000,0.0000,0.0000,0.0000,0.0000,-448.706,-352.602,66.181,8.519,34.733,-0.226740,0.911955,0.266113,0.034669,-0.029728,0.042735,0.000996
823,1178.00,0.000,-8.553,27.5471,3.2047,55.5762,0.0971,1.8967,0.4928,0.0000,9.0719,0.0000,30.5450,0.0000,0.0000,2.3056,0.0147,0.0000,0.0000,0.0000,0.0000,0.0000,0.0000,0.0000,-452.703,-355.823,66.761,8.596,35.046,-0.227559,0.912231,0.266490,0.034812,-0.029683,0.042709,0.001000
824,1177.00,0.000,-8.565,27.7817,3.2050,55.5692,0.1006,1.8996,0.4934,0.0000,9.0834,0.0000,30.5410,0.0000,0.0000,2.2979,0.0148,0.0000,0.0000,0.0000,0.0000,0.0000,0.0000,0.0000,-456.454,-358.853,67.304,8.668,35.340,-0.228357,0.912511,0.266841,0.034957,-0.029641,0.042684,0.001005
825,1176.00,0.000,-8.576,28.0024,3.2054,55.5624,0.1042,1.9027,0.4940,0.0000,9.0942,0.0000,30.5375,0.0000,0.0000,2.2901,0.0148,0.0000,0.0000,0.0000,0.0000,0.0000,0.0000,0.0000,-459.979,-361.707,67.814,8.736,35.617,-0.229136,0.912795,0.267168,0.035104,-0.029601,0.042660,0.001009
826,1175.00,0.000,-8.588,28.2106,3.2057,55.5557,0.1077,1.9058,0.4946,0.0000,9.1043,0.0000,30.5347,0.0000,0.0000,2.2823,0.0149,0.0000,0.0000,0.0000,0.0000,0.0000,0.0000,0.0000,-463.299,-364.401,68.293,8.800,35.877,-0.229898,0.913083,0.267473,0.035254,-0.029562,0.042637,0.001013
827,1174.00,0.000,-8.600,28.4072,3.2060,55.5492,0.1113,1.9089,0.4951,0.0000,9.1137,0.0000,30.5323,0.0000,0.0000,2.2745,0.0149,0.0000,0.0000,0.0000,0.0000,0.0000,0.0000,0.0000,-466.430,-366.949,68.743,8.861,36.123,-0.230642,0.913373,0.267757,0.035406,-0.029526,0.042616,0.001017
828,1173.00,0.000,-8.611,28.5932,3.2063,55.5429,0.1148,1.9122,0.4957,0.0000,9.1224,0.0000,30.5305,0.0000,0.0000,2.2665,0.0150,0.0000,0.0000,0.0000,0.0000,0.0000,0.0000,0.0000,-469.388,-369.361,69.168,8.918,36.356,-0.231370,0.913665,0.268022,0.035559,-0.029492,0.042596,0.001021
829,1172.00,0.000,-8.623,28.7694,3.2066,55.5367,0.1184,1.9155,0.4962,0.0000,9.1306,0.0000,30.5291,0.0000,0.0000,2.2586,0.0150,0.0000,0.0000,0.0000,0.0000,0.0000,0.0000,0.0000,-472.186,-371.649,69.568,8.972,36.576,-0.232083,0.913959,0.268269,0.035714,-0.029459,0.042576,0.001024
830,1171.00,0.000,-8.635,28.9366,3.2069,55.5306,0.1219,1.9188,0.4966,0.0000,9.1383,0.0000,30.5282,0.0000,0.0000,2.2506,0.0151,0.0000,0.0000,0.0000,0.0000,0.0000,0.0000,0.0000,-474.836,-373.822,69.947,9.023,36.785,-0.232780,0.914255,0.268500,0.035869,-0.029429,0.042558,0.001027
831,1170.00,0.000,-8.647,29.0954,3.2072,55.5247,0.1254,1.9222,0.4971,0.0000,9.1454,0.0000,30.5276,0.0000,0.0000,2.2426,0.0151,0.0000,0.0000,0.0000,0.0000,0.0000,0.0000,0.0000,-477.349,-375.889,70.305,9.072,36.983,-0.233463,0.914551,0.268716,0.036025,-0.029399,0.042541,0.001030
832,1169.00,0.000,-8.658,29.2464,3.2074,55.5189,0.1289,1.9256,0.4975,0.0000,9.1521,0.0000,30.5274,0.0000,0.0000,2.2346,0.0152,0.0000,0.0000,0.0000,0.0000,0.0000,0.0000,0.0000,-479.735,-377.857,70.644,9.118,37.171,-0.234132,0.914849,0.268917,0.036182,-0.029372,0.042524,0.001032
833,1168.00,0.000,-8.670,29.3901,3.2077,55.5132,0.1323,1.9290,0.4978,0.0000,9.1583,0.0000,30.5275,0.0000,0.0000,2.2266,0.0152,0.0000,0.0000,0.0000,0.0000,0.0000,0.0000,0.0000,-482.004,-379.733,70.965,9.162,37.350,-0.234787,0.915147,0.269105,0.036338,-0.029346,0.042508,0.001035
834,1167.00,0.000,-8.682,29.5271,3.2080,55.5077,0.1358,1.9325,0.4982,0.0000,9.1642,0.0000,30.5279,0.0000,0.0000,2.2186,0.0152,0.0000,0.0000,0.0000,0.0000,0.0000,0.0000,0.0000,-484.162,-381.523,71.270,9.204,37.520,-0.235429,0.915444,0.269281,0.036495,-0.029321,0.042493,0.001037
835,1166.00,0.000,-8.694,29.6578,3.2082,55.5023,0.1391,1.9359,0.4985,0.0000,9.1697,0.0000,30.5286,0.0000,0.0000,2.2106,0.0153,0.0000,0.0000,0.0000,0.0000,0.0000,0.0000,0.0000,-486.218,-383.234,71.559,9.244,37.683,-0.236058,0.915742,0.269445,0.036650,-0.029297,0.042479,0.001039
836,1165.00,0.000,-8.705,29.7826,3.2085,55.4971,0.1425,1.9393,0.4988,0.0000,9.1748,0.0000,30.5296,0.0000,0.0000,2.2026,0.0153,0.0000,0.0000,0.0000,0.0000,0.0000,0.0000,0.0000,-488.176,-384.869,71.834,9.282,37.838,-0.236674,0.916039,0.269598,0.036805,-0.029275,0.042465,0.001041
837,1164.00,0.000,-8.717,29.9018,3.2088,55.4920,0.1458,1.9428,0.4991,0.0000,9.1796,0.0000,30.5308,0.0000,0.0000,2.1947,0.0153,0.0000,0.0000,0.0000,0.0000,0.0000,0.0000,0.0000,-490.044,-386.434,72.095,9.319,37.986,-0.237277,0.916335,0.269742,0.036959,-0.029254,0.042451,0.001042
838,1163.00,0.000,-8.729,30.0157,3.2090,55.4870,0.1491,1.9461,0.4994,0.0000,9.1841,0.0000,30.5322,0.0000,0.0000,2.1868,0.0153,0.0000,0.0000,0.0000,0.0000,0.0000,0.0000,0.0000,-491.827,-387.932,72.343,9.354,38.127,-0.237868,0.916631,0.269877,0.037112,-0.029234,0.042438,0.001044
839,1162.00,0.000,-8.741,30.1247,3.2092,55.4822,0.1523,1.9495,0.4996,0.0000,9.1884,0.0000,30.5338,0.0000,0.0000,2.1789,0.0153,0.0000,0.0000,0.0000,0.0000,0.0000,0.0000,0.0000,-493.529,-389.367,72.579,9.387,38.262,-0.238446,0.916924,0.270003,0.037263,-0.029215,0.042425,0.001045
840,1161.00,0.000,-8.753,30.2290,3.2095,55.4776,0.1554,1.9528,0.4998,0.0000,9.1923,0.0000,30.5356,0.0000,0.0000,2.1711,0.0154,0.0000,0.0000,0.0000,0.0000,0.0000,0.0000,0.0000,-495.154,-390.743,72.804,9.419,38.391,-0.239012,0.917217,0.270122,0.037413,-0.029198,0.042413,0.001047
841,1160.00,0.000,-8.765,30.3289,3.2097,55.4730,0.1585,1.9561,0.4999,0.0000,9.1961,0.0000,30.5375,0.0000,0.0000,2.1634,0.0154,0.0000,0.0000,0.0000,0.0000,0.0000,0.0000,0.0000,-496.707,-392.063,73.017,9.449,38.514,-0.239567,0.917507,0.270233,0.037560,-0.029181,0.042400,0.001048
842,1159.00,0.000,-8.777,30.4246,3.2100,55.4687,0.1616,1.9593,0.5001,0.0000,9.1996,0.0000,30.5396,0.0000,0.0000,2.1557,0.0154,0.0000,0.0000,0.0000,0.0000,0.0000,0.0000,0.0000,-498.192,-393.328,73.221,9.478,38.633,-0.240109,0.917795,0.270338,0.037705,-0.029165,0.042388,0.001048
843,1158.00,0.000,-8.789,30.5162,3.2102,55.4645,0.1646,1.9625,0.5002,0.0000,9.2030,0.0000,30.5419,0.0000,0.0000,2.1481,0.0154,0.0000,0.0000,0.0000,0.0000,0.0000,0.0000,0.0000,-499.610,-394.543,73.414,9.506,38.745,-0.240640,0.918081,0.270436,0.037847,-0.029150,0.042376,0.001049
844,1157.00,0.000,-8.801,30.6040,3.2104,55.4604,0.1675,1.9656,0.5003,0.0000,9.2061,0.0000,30.5442,0.0000,0.0000,2.1405,0.0154,0.0000,0.0000,0.0000,0.0000,0.0000,0.0000,0.0000,-500.966,-395.709,73.599,9.533,38.854,-0.241159,0.918365,0.270530,0.037987,-0.029136,0.042363,0.001050
845,1156.00,0.000,-8.812,30.6881,3.2106,55.4565,0.1703,1.9686,0.5003,0.0000,9.2091,0.0000,30.5467,0.0000,0.0000,2.1330,0.0154,0.0000,0.0000,0.0000,0.0000,0.0000,0.0000,0.0000,-502.262,-396.829,73.774,9.558,38.957,-0.241667,0.918646,0.270618,0.038124,-0.029122,0.042351,0.001050
846,1155.00,0.000,-8.824,30.7686,3.2108,55.4527,0.1731,1.9715,0.5003,0.0000,9.2120,0.0000,30.5493,0.0000,0.0000,2.1256,0.0154,0.0000,0.0000,0.0000,0.0000,0.0000,0.0000,0.0000,-503.501,-397.903,73.940,9.583,39.056,-0.242163,0.918924,0.270701,0.038257,-0.029109,0.042339,0.001051
847,1154.00,0.000,-8.836,30.8459,3.2111,55.4491,0.1758,1.9744,0.5003,0.0000,9.2147,0.0000,30.5520,0.0000,0.0000,2.1183,0.0154,0.0000,0.0000,0.0000,0.0000,0.0000,0.0000,0.0000,-504.685,-398.935,74.099,9.606,39.151,-0.242649,0.919200,0.270781,0.038388,-0.029097,0.042326,0.001051
848,1153.00,0.000,-8.848,30.9198,3.2113,55.4456,0.1784,1.9772,0.5003,0.0000,9.2173,0.0000,30.5547,0.0000,0.0000,2.1111,0.0154,0.0000,0.0000,0.0000,0.0000,0.0000,0.0000,0.0000,-505.816,-399.926,74.249,9.629,39.241,-0.243123,0.919472,0.270857,0.038515,-0.029086,0.042314,0.001051
849,1152.00,0.000,-8.860,30.9907,3.2115,55.4423,0.1810,1.9799,0.5002,0.0000,9.2198,0.0000,30.5575,0.0000,0.0000,2.1039,0.0154,0.0000,0.0000,0.0000,0.0000,0.0000,0.0000,0.0000,-506.897,-400.877,74.392,9.650,39.328,-0.243587,0.919742,0.270929,0.038639,-0.029075,0.042301,0.001051
850,1151.00,0.000,-8.873,31.0586,3.2117,55.4392,0.1834,1.9825,0.5001,0.0000,9.2222,0.0000,30.5604,0.0000,0.0000,2.0968,0.0154,0.0000,0.0000,0.0000,0.0000,0.0000,0.0000,0.0000,-507.928,-401.790,74.527,9.671,39.411,-0.244041,0.920008,0.270999,0.038760,-0.029065,0.042288,0.001051
851,1150.00,0.000,-8.885,31.1236,3.2119,55.4362,0.1858,1.9850,0.4999,0.0000,9.2245,0.0000,30.5633,0.0000,0.0000,2.0899,0.0154,0.0000,0.0000,0.0000,0.0000,0.0000,0.0000,0.0000,-508.913,-402.667,74.656,9.690,39.490,-0.244484,0.920272,0.271065,0.038877,-0.029055,0.042275,0.001051
852,1149.00,0.000,-8.897,31.1859,3.2121,55.4333,0.1882,1.9874,0.4998,0.0000,9.2268,0.0000,30.5662,0.0000,0.0000,2.0830,0.0154,0.0000,0.0000,0.0000,0.0000,0.0000,0.0000,0.0000,-509.852,-403.508,74.777,9.709,39.566,-0.244917,0.920532,0.271130,0.038990,-0.029046,0.042261,0.001051
853,1148.00,0.000,-8.909,31.2455,3.2123,55.4306,0.1904,1.9897,0.4996,0.0000,9.2289,0.0000,30.5692,0.0000,0.0000,2.0762,0.0154,0.0000,0.0000,0.0000,0.0000,0.0000,0.0000,0.0000,-510.749,-404.315,74.893,9.727,39.638,-0.245341,0.920789,0.271193,0.039099,-0.029038,0.042247,0.001051
854,1147.00,0.000,-8.921,31.3025,3.2125,55.4280,0.1926,1.9919,0.4994,0.0000,9.2310,0.0000,30.5723,0.0000,0.0000,2.0694,0.0154,0.0000,0.0000,0.0000,0.0000,0.0000,0.0000,0.0000,-511.603,-405.089,75.002,9.744,39.707,-0.245755,0.921042,0.271254,0.039205,-0.029030,0.042233,0.001050
855,1146.00,0.000,-8.933,31.3571,3.2127,55.4256,0.1946,1.9940,0.4991,0.0000,9.2331,0.0000,30.5753,0.0000,0.0000,2.0628,0.0154,0.0000,0.0000,0.0000,0.0000,0.0000,0.0000,0.0000,-512.417,-405.832,75.105,9.760,39.773,-0.246160,0.921293,0.271313,0.039308,-0.029022,0.042219,0.001050
856,1145.00,0.000,-8.945,31.4093,3.2128,55.4233,0.1966,1.9961,0.4988,0.0000,9.2351,0.0000,30.5784,0.0000,0.0000,2.0563,0.0154,0.0000,0.0000,0.0000,0.0000,0.0000,0.0000,0.0000,-513.192,-406.545,75.202,9.776,39.836,-0.246557,0.921540,0.271371,0.039406,-0.029015,0.042204,0.001049
857,1144.00,0.000,-8.957,31.4592,3.2130,55.4211,0.1986,1.9980,0.4985,0.0000,9.2371,0.0000,30.5814,0.0000,0.0000,2.0498,0.0154,0.0000,0.0000,0.0000,0.0000,0.0000,0.0000,0.0000,-513.930,-407.228,75.293,9.791,39.896,-0.246945,0.921785,0.271428,0.039501,-0.029008,0.042190,0.001048
858,1143.00,0.000,-8.969,31.5069,3.2132,55.4191,0.2004,1.9998,0.4982,0.0000,9.2391,0.0000,30.5845,0.0000,0.0000,2.0434,0.0154,0.0000,0.0000,0.0000,0.0000,0.0000,0.0000,0.0000,-514.632,-407.884,75.379,9.805,39.953,-0.247324,0.922026,0.271485,0.039593,-0.029001,0.042174,0.001048
859,1142.00,0.000,-8.982,31.5526,3.2134,55.4172,0.2022,2.0016,0.4979,0.0000,9.2411,0.0000,30.5876,0.0000,0.0000,2.0371,0.0154,0.0000,0.0000,0.0000,0.0000,0.0000,0.0000,0.0000,-515.300,-408.512,75.461,9.819,40.008,-0.247696,0.922264,0.271540,0.039681,-0.028995,0.042159,0.001047
860,1141.00,0.000,-8.994,31.5962,3.2136,55.4154,0.2039,2.0033,0.4975,0.0000,9.2430,0.0000,30.5907,0.0000,0.0000,2.0309,0.0154,0.0000,0.0000,0.0000,0.0000,0.0000,0.0000,0.0000,-515.935,-409.115,75.537,9.832,40.060,-0.248061,0.922500,0.271595,0.039766,-0.028989,0.042143,0.001046
861,1140.00,0.000,-9.006,31.6379,3.2137,55.4137,0.2056,2.0048,0.4971,0.0000,9.2449,0.0000,30.5938,0.0000,0.0000,2.0248,0.0153,0.0000,0.0000,0.0000,0.0000,0.0000,0.0000,0.0000,-516.538,-409.693,75.608,9.845,40.109,-0.248418,0.922732,0.271650,0.039848,-0.028984,0.042127,0.001045
862,1139.00,0.000,-9.018,31.6777,3.2139,55.4121,0.2072,2.0063,0.4967,0.0000,9.2468,0.0000,30.5968,0.0000,0.0000,2.0187,0.0153,0.0000,0.0000,0.0000,0.0000,0.0000,0.0000,0.0000,-517.111,-410.247,75.675,9.856,40.157,-0.248769,0.922962,0.271704,0.039926,-0.028979,0.042111,0.001044
863,1138.00,0.000,-9.031,31.7158,3.2141,55.4107,0.2087,2.0077,0.4962,0.0000,9.2487,0.0000,30.5999,0.0000,0.0000,2.0127,0.0153,0.0000,0.0000,0.0000,0.0000,0.0000,0.0000,0.0000,-517.655,-410.778,75.738,9.868,40.201,-0.249113,0.923189,0.271758,0.040002,-0.028974,0.042095,0.001043
864,1137.00,0.000,-9.043,31.7522,3.2143,55.4093,0.2101,2.0091,0.4958,0.0000,9.2506,0.0000,30.6030,0.0000,0.0000,2.0068,0.0153,0.0000,0.0000,0.0000,0.0000,0.0000,0.0000,0.0000,-518.171,-411.288,75.796,9.878,40.244,-0.249451,0.923414,0.271813,0.040074,-0.028970,0.042078,0.001042
865,1136.00,0.000,-9.055,31.7869,3.2144,55.4081,0.2115,2.0103,0.4953,0.0000,9.2525,0.0000,30.6060,0.0000,0.0000,2.0009,0.0153,0.0000,0.0000,0.0000,0.0000,0.0000,0.0000,0.0000,-518.661,-411.776,75.851,9.889,40.285,-0.249784,0.923636,0.271867,0.040144,-0.028966,0.042061,0.001041
866,1135.00,0.000,-9.068,31.8201,3.2146,55.4069,0.2129,2.0115,0.4948,0.0000,9.2544,0.0000,30.6090,0.0000,0.0000,1.9951,0.0153,0.0000,0.0000,0.0000,0.0000,0.0000,0.0000,0.0000,-519.125,-412.245,75.901,9.899,40.324,-0.250110,0.923856,0.271921,0.040211,-0.028962,0.042044,0.001040
867,1134.00,0.000,-9.080,31.8518,3.2148,55.4058,0.2142,2.0127,0.4943,0.0000,9.2563,0.0000,30.6121,0.0000,0.0000,1.9894,0.0152,0.0000,0.0000,0.0000,0.0000,0.0000,0.0000,0.0000,-519.565,-412.694,75.948,9.908,40.360,-0.250432,0.924074,0.271975,0.040275,-0.028958,0.042027,0.001039
868,1133.00,0.000,-9.092,31.8821,3.2150,55.4048,0.2154,2.0137,0.4938,0.0000,9.2583,0.0000,30.6151,0.0000,0.0000,1.9837,0.0152,0.0000,0.0000,0.0000,0.0000,0.0000,0.0000,0.0000,-519.982,-413.125,75.992,9.917,40.396,-0.250749,0.924289,0.272030,0.040337,-0.028955,0.042010,0.001037
869,1132.00,0.000,-9.105,31.9110,3.2151,55.4039,0.2166,2.0147,0.4933,0.0000,9.2602,0.0000,30.6181,0.0000,0.0000,1.9781,0.0152,0.0000,0.0000,0.0000,0.0000,0.0000,0.0000,0.0000,-520.376,-413.539,76.032,9.925,40.429,-0.251060,0.924503,0.272084,0.040397,-0.028952,0.041992,0.001036
870,1131.00,0.000,-9.117,31.9387,3.2153,55.4031,0.2177,2.0157,0.4927,0.0000,9.2621,0.0000,30.6210,0.0000,0.0000,1.9725,0.0152,0.0000,0.0000,0.0000,0.0000,0.0000,0.0000,0.0000,-520.750,-413.937,76.070,9.933,40.461,-0.251368,0.924714,0.272139,0.040454,-0.028949,0.041975,0.001035
871,1130.00,0.000,-9.129,31.9651,3.2155,55.4023,0.2188,2.0165,0.4921,0.0000,9.2640,0.0000,30.6240,0.0000,0.0000,1.9670,0.0152,0.0000,0.0000,0.0000,0.0000,0.0000,0.0000,0.0000,-521.103,-414.318,76.104,9.941,40.491,-0.251671,0.924924,0.272194,0.040509,-0.028946,0.041957,0.001034
872,1129.00,0.000,-9.142,31.9904,3.2156,55.4016,0.2199,2.0174,0.4915,0.0000,9.2660,0.0000,30.6270,0.0000,0.0000,1.9615,0.0152,0.0000,0.0000,0.0000,0.0000,0.0000,0.0000,0.0000,-521.437,-414.684,76.135,9.948,40.519,-0.251971,0.925131,0.272250,0.040562,-0.028943,0.041939,0.001032
873,1128.00,0.000,-9.154,32.0146,3.2158,55.4009,0.2209,2.0181,0.4910,0.0000,9.2680,0.0000,30.6299,0.0000,0.0000,1.9561,0.0151,0.0000,0.0000,0.0000,0.0000,0.0000,0.0000,0.0000,-521.753,-415.036,76.164,9.955,40.546,-0.252267,0.925337,0.272305,0.040613,-0.028941,0.041921,0.001031
874,1127.00,0.000,-9.167,32.0376,3.2159,55.4003,0.2219,2.0189,0.4904,0.0000,9.2699,0.0000,30.6328,0.0000,0.0000,1.9507,0.0151,0.0000,0.0000,0.0000,0.0000,0.0000,0.0000,0.0000,-522.052,-415.375,76.190,9.962,40.572,-0.252559,0.925542,0.272362,0.040663,-0.028939,0.041903,0.001029
875,1126.00,0.000,-9.179,32.0597,3.2161,55.3998,0.2228,2.0196,0.4897,0.0000,9.2719,0.0000,30.6357,0.0000,0.0000,1.9454,0.0151,0.0000,0.0000,0.0000,0.0000,0.0000,0.0000,0.0000,-522.334,-415.700,76.213,9.968,40.597,-0.252848,0.925745,0.272418,0.040710,-0.028937,0.041885,0.001028
876,1125.00,0.000,-9.192,32.0808,3.2163,55.3993,0.2237,2.0202,0.4891,0.0000,9.2739,0.0000,30.6386,0.0000,0.0000,1.9401,0.0151,0.0000,0.0000,0.0000,0.0000,0.0000,0.0000,0.0000,-522.600,-416.012,76.235,9.975,40.620,-0.253134,0.925946,0.272475,0.040756,-0.028936,0.041867,0.001026
877,1124.00,0.000,-9.204,32.1010,3.2164,55.3989,0.2246,2.0208,0.4885,0.0000,9.2759,0.0000,30.6414,0.0000,0.0000,1.9348,0.0150,0.0000,0.0000,0.0000,0.0000,0.0000,0.0000,0.0000,-522.851,-416.313,76.254,9.980,40.642,-0.253417,0.926146,0.272532,0.040800,-0.028934,0.041848,0.001025
878,1123.00,0.000,-9.217,32.1203,3.2166,55.3985,0.2254,2.0214,0.4878,0.0000,9.2779,0.0000,30.6443,0.0000,0.0000,1.9296,0.0150,0.0000,0.0000,0.0000,0.0000,0.0000,0.0000,0.0000,-523.088,-416.603,76.270,9.986,40.663,-0.253697,0.926344,0.272589,0.040843,-0.028933,0.041830,0.001023
879,1122.00,0.000,-9.229,32.1388,3.2168,55.3982,0.2262,2.0219,0.4872,0.0000,9.2799,0.0000,30.6471,0.0000,0.0000,1.9244,0.0150,0.0000,0.0000,0.0000,0.0000,0.0000,0.0000,0.0000,-523.311,-416.881,76.285,9.991,40.683,-0.253975,0.926542,0.272647,0.040885,-0.028932,0.041812,0.001022
880,1121.00,0.000,-9.242,32.1565,3.2169,55.3979,0.2270,2.0224,0.4865,0.0000,9.2820,0.0000,30.6499,0.0000,0.0000,1.9193,0.0150,0.0000,0.0000,0.0000,0.0000,0.0000,0.0000,0.0000,-523.521,-417.150,76.298,9.996,40.702,-0.254251,0.926738,0.272705,0.040925,-0.028931,0.041793,0.001020
881,1120.00,0.000,-9.254,32.1734,3.2171,55.3976,0.2277,2.0229,0.4859,0.0000,9.2840,0.0000,30.6527,0.0000,0.0000,1.9141,0.0150,0.0000,0.0000,0.0000,0.0000,0.0000,0.0000,0.0000,-523.719,-417.408,76.309,10.001,40.720,-0.254524,0.926933,0.272763,0.040964,-0.028930,0.041775,0.001019
882,1119.00,0.000,-9.267,32.1896,3.2172,55.3974,0.2285,2.0233,0.4852,0.0000,9.2861,0.0000,30.6555,0.0000,0.0000,1.9090,0.0149,0.0000,0.0000,0.0000,0.0000,0.0000,0.0000,0.0000,-523.904,-417.658,76.318,10.005,40.737,-0.254795,0.927127,0.272822,0.041002,-0.028930,0.041757,0.001017
883,1118.00,0.000,-9.280,32.2052,3.2174,55.3972,0.2292,2.0238,0.4845,0.0000,9.2881,0.0000,30.6583,0.0000,0.0000,1.9040,0.0149,0.0000,0.0000,0.0000,0.0000,0.0000,0.0000,0.0000,-524.079,-417.898,76.326,10.010,40.753,-0.255064,0.927319,0.272881,0.041038,-0.028929,0.041738,0.001016
884,1117.00,0.000,-9.292,32.2200,3.2175,55.3971,0.2299,2.0241,0.4838,0.0000,9.2902,0.0000,30.6610,0.0000,0.0000,1.8989,0.0149,0.0000,0.0000,0.0000,0.0000,0.0000,0.0000,0.0000,-524.243,-418.130,76.332,10.014,40.769,-0.255331,0.927511,0.272941,0.041074,-0.028929,0.041720,0.001014
885,1116.00,0.000,-9.305,32.2343,3.2177,55.3970,0.2305,2.0245,0.4832,0.0000,9.2923,0.0000,30.6638,0.0000,0.0000,1.8939,0.0149,0.0000,0.0000,0.0000,0.0000,0.0000,0.0000,0.0000,-524.396,-418.354,76.336,10.018,40.783,-0.255596,0.927702,0.273000,0.041108,-0.028929,0.041701,0.001013
886,1115.00,0.000,-9.318,32.2479,3.2179,55.3969,0.2311,2.0248,0.4825,0.0000,9.2944,0.0000,30.6665,0.0000,0.0000,1.8889,0.0148,0.0000,0.0000,0.0000,0.0000,0.0000,0.0000,0.0000,-524.540,-418.570,76.339,10.022,40.797,-0.255859,0.927892,0.273061,0.041142,-0.028929,0.041683,0.001011
887,1114.00,0.000,-9.330,32.2610,3.2180,55.3968,0.2318,2.0252,0.4818,0.0000,9.2965,0.0000,30.6692,0.0000,0.0000,1.8840,0.0148,0.0000,0.0000,0.0000,0.0000,0.0000,0.0000,0.0000,-524.675,-418.779,76.341,10.025,40.810,-0.256121,0.928081,0.273121,0.041175,-0.028929,0.041664,0.001009
888,1113.00,0.000,-9.343,32.2735,3.2182,55.3967,0.2324,2.0255,0.4811,0.0000,9.2986,0.0000,30.6719,0.0000,0.0000,1.8790,0.0148,0.0000,0.0000,0.0000,0.0000,0.0000,0.0000,0.0000,-524.800,-418.980,76.341,10.029,40.822,-0.256381,0.928269,0.273181,0.041206,-0.028929,0.041646,0.001008
889,1112.00,0.000,-9.356,32.2855,3.2183,55.3967,0.2329,2.0257,0.4803,0.0000,9.3008,0.0000,30.6746,0.0000,0.0000,1.8741,0.0148,0.0000,0.0000,0.0000,0.0000,0.0000,0.0000,0.0000,-524.918,-419.175,76.340,10.032,40.834,-0.256640,0.928457,0.273242,0.041237,-0.028930,0.041628,0.001006
890,1111.00,0.000,-9.368,32.2971,3.2185,55.3967,0.2335,2.0260,0.4796,0.0000,9.3029,0.0000,30.6773,0.0000,0.0000,1.8692,0.0147,0.0000,0.0000,0.0000,0.0000,0.0000,0.0000,0.0000,-525.027,-419.363,76.338,10.035,40.845,-0.256898,0.928643,0.273304,0.041268,-0.028930,0.041609,0.001004
891,1110.00,0.000,-9.381,32.3081,3.2186,55.3968,0.2341,2.0262,0.4789,0.0000,9.3051,0.0000,30.6800,0.0000,0.0000,1.8643,0.0147,0.0000,0.0000,0.0000,0.0000,0.0000,0.0000,0.0000,-525.128,-419.546,76.334,10.038,40.856,-0.257154,0.928829,0.273365,0.041297,-0.028931,0.041591,0.001003
892,1109.00,0.000,-9.394,32.3187,3.2188,55.3968,0.2346,2.0265,0.4782,0.0000,9.3072,0.0000,30.6826,0.0000,0.0000,1.8594,0.0147,0.0000,0.0000,0.0000,0.0000,0.0000,0.0000,0.0000,-525.222,-419.722,76.330,10.041,40.865,-0.257409,0.929014,0.273427,0.041326,-0.028932,0.041573,0.001001
893,1108.00,0.000,-9.407,32.3289,3.2189,55.3969,0.2351,2.0267,0.4775,0.0000,9.3094,0.0000,30.6852,0.0000,0.0000,1.8546,0.0147,0.0000,0.0000,0.0000,0.0000,0.0000,0.0000,0.0000,-525.308,-419.893,76.324,10.043,40.875,-0.257663,0.929199,0.273489,0.041354,-0.028933,0.041554,0.000999
894,1107.00,0.000,-9.420,32.3386,3.2191,55.3969,0.2356,2.0269,0.4767,0.0000,9.3115,0.0000,30.6879,0.0000,0.0000,1.8498,0.0146,0.0000,0.0000,0.0000,0.0000,0.0000,0.0000,0.0000,-525.389,-420.059,76.318,10.046,40.884,-0.257915,0.929383,0.273551,0.041382,-0.028934,0.041536,0.000998
895,1106.00,0.000,-9.433,32.3480,3.2193,55.3970,0.2361,2.0271,0.4760,0.0000,9.3137,0.0000,30.6905,0.0000,0.0000,1.8449,0.0146,0.0000,0.0000,0.0000,0.0000,0.0000,0.0000,0.0000,-525.462,-420.219,76.310,10.048,40.892,-0.258167,0.929566,0.273613,0.041409,-0.028935,0.041518,0.000996
896,1105.00,0.000,-9.445,32.3569,3.2194,55.3972,0.2366,2.0272,0.4753,0.0000,9.3159,0.0000,30.6931,0.0000,0.0000,1.8402,0.0146,0.0000,0.0000,0.0000,0.0000,0.0000,0.0000,0.0000,-525.529,-420.374,76.302,10.051,40.900,-0.258418,0.929748,0.273676,0.041435,-0.028936,0.041499,0.000994
897,1104.00,0.000,-9.458,32.3655,3.2196,55.3973,0.2371,2.0274,0.4745,0.0000,9.3181,0.0000,30.6957,0.0000,0.0000,1.8354,0.0146,0.0000,0.0000,0.0000,0.0000,0.0000,0.0000,0.0000,-525.591,-420.525,76.292,10.053,40.907,-0.258667,0.929930,0.273739,0.041461,-0.028937,0.041481,0.000992
898,1103.00,0.000,-9.471,32.3738,3.2197,55.3974,0.2375,2.0275,0.4738,0.0000,9.3203,0.0000,30.6983,0.0000,0.0000,1.8306,0.0145,0.0000,0.0000,0.0000,0.0000,0.0000,0.0000,0.0000,-525.647,-420.671,76.282,10.055,40.914,-0.258916,0.930112,0.273802,0.041487,-0.028939,0.041463,0.000991
899,1102.00,0.000,-9.484,32.3817,3.2199,55.3976,0.2380,2.0277,0.4731,0.0000,9.3225,0.0000,30.7008,0.0000,0.0000,1.8259,0.0145,0.0000,0.0000,0.0000,0.0000,0.0000,0.0000,0.0000,-525.697,-420.813,76.271,10.057,40.920,-0.259164,0.930293,0.273865,0.041512,-0.028940,0.041445,0.000989
900,1101.00,0.000,-9.497,32.3893,3.2200,55.3978,0.2384,2.0278,0.4723,0.0000,9.3247,0.0000,30.7034,0.0000,0.0000,1.8211,0.0145,0.0000,0.0000,0.0000,0.0000,0.0000,0.0000,0.0000,-525.742,-420.951,76.259,10.059,40.926,-0.259411,0.930473,0.273929,0.041536,-0.028942,0.041427,0.000987
901,1100.00,0.000,-9.510,32.3966,3.2202,55.3979,0.2388,2.0279,0.4716,0.0000,9.3269,0.0000,30.7060,0.0000,0.0000,1.8164,0.0145,0.0000,0.0000,0.0000,0.0000,0.0000,0.0000,0.0000,-525.782,-421.084,76.247,10.061,40.932,-0.259657,0.930653,0.273993,0.041560,-0.028943,0.041409,0.000986
902,1099.00,0.000,-9.523,32.4036,3.2203,55.3981,0.2392,2.0280,0.4708,0.0000,9.3292,0.0000,30.7085,0.0000,0.0000,1.8117,0.0144,0.0000,0.0000,0.0000,0.0000,0.0000,0.0000,0.0000,-525.817,-421.214,76.233,10.062,40.937,-0.259902,0.930832,0.274056,0.041584,-0.028945,0.041391,0.000984
903,1098.00,0.000,-9.536,32.4104,3.2205,55.3983,0.2396,2.0281,0.4701,0.0000,9.3314,0.0000,30.7110,0.0000,0.0000,1.8070,0.0144,0.0000,0.0000,0.0000,0.0000,0.0000,0.0000,0.0000,-525.848,-421.340,76.219,10.064,40.942,-0.260147,0.931011,0.274121,0.041607,-0.028947,0.041373,0.000982
904,1097.00,0.000,-9.549,32.4168,3.2206,55.3986,0.2400,2.0282,0.4693,0.0000,9.3336,0.0000,30.7135,0.0000,0.0000,1.8023,0.0144,0.0000,0.0000,0.0000,0.0000,0.0000,0.0000,0.0000,-525.874,-421.463,76.204,10.065,40.946,-0.260391,0.931189,0.274185,0.041630,-0.028949,0.041355,0.000980
905,1096.00,0.000,-9.562,32.4230,3.2208,55.3988,0.2404,2.0283,0.4686,0.0000,9.3359,0.0000,30.7161,0.0000,0.0000,1.7976,0.0144,0.0000,0.0000,0.0000,0.0000,0.0000,0.0000,0.0000,-525.897,-421.582,76.189,10.067,40.951,-0.260634,0.931367,0.274249,0.041653,-0.028951,0.041337,0.000979
906,1095.00,0.000,-9.575,32.4290,3.2209,55.3990,0.2408,2.0283,0.4678,0.0000,9.3381,0.0000,30.7186,0.0000,0.0000,1.7930,0.0143,0.0000,0.0000,0.0000,0.0000,0.0000,0.0000,0.0000,-525.915,-421.698,76.173,10.068,40.954,-0.260877,0.931545,0.274314,0.041675,-0.028953,0.041319,0.000977
907,1094.00,0.000,-9.588,32.4347,3.2211,55.3992,0.2412,2.0284,0.4671,0.0000,9.3404,0.0000,30.7210,0.0000,0.0000,1.7883,0.0143,0.0000,0.0000,0.0000,0.0000,0.0000,0.0000,0.0000,-525.929,-421.811,76.157,10.069,40.958,-0.261119,0.931722,0.274379,0.041697,-0.028956,0.041302,0.000975
908,1093.00,0.000,-9.601,32.4402,3.2212,55.3995,0.2415,2.0285,0.4663,0.0000,9.3427,0.0000,30.7235,0.0000,0.0000,1.7837,0.0143,0.0000,0.0000,0.0000,0.0000,0.0000,0.0000,0.0000,-525.939,-421.921,76.139,10.071,40.961,-0.261360,0.931898,0.274444,0.041718,-0.028958,0.041284,0.000973
909,1092.00,0.000,-9.614,32.4454,3.2214,55.3998,0.2419,2.0285,0.4656,0.0000,9.3449,0.0000,30.7260,0.0000,0.0000,1.7791,0.0143,0.0000,0.0000,0.0000,0.0000,0.0000,0.0000,0.0000,-525.946,-422.028,76.122,10.072,40.964,-0.261601,0.932075,0.274509,0.041740,-0.028960,0.041266,0.000972
910,1091.00,0.000,-9.627,32.4505,3.2215,55.4000,0.2423,2.0286,0.4648,0.0000,9.3472,0.0000,30.7285,0.0000,0.0000,1.7745,0.0142,0.0000,0.0000,0.0000,0.0000,0.0000,0.0000,0.0000,-525.949,-422.132,76.103,10.073,40.967,-0.261841,0.932250,0.274574,0.041761,-0.028963,0.041248,0.000970
911,1090.00,0.000,-9.641,32.4553,3.2217,55.4003,0.2426,2.0286,0.4640,0.0000,9.3495,0.0000,30.7309,0.0000,0.0000,1.7698,0.0142,0.0000,0.0000,0.0000,0.0000,0.0000,0.0000,0.0000,-525.949,-422.234,76.085,10.074,40.969,-0.262080,0.932426,0.274640,0.041781,-0.028965,0.041231,0.000968
