MgO-SiO2 Phase Diagram (Digitized with DataThief II PPC on 10/31/04)
3099.15   1.00      -10.00
 0.00     0.00      0.00      0.00      0.00      0.00      0.00      100.0
 0.00     0.00      0.00      0.00      0.00      0.00      0.00      0.00 
$PERICLASE
 0.00     0.00      0.00      0.00      0.00      0.00      0.00      100.0
 0.00     0.00      0.00      0.00      0.00      0.00      0.00      0.00 
$ENTROPY
416.37    0.00      0.00      0.00      0.00      0.00      0.00      0.00
 0.00     0.00      0.00      0.00      0.00      0.00      0.00      0.00 
$ENTHALPY
-937.660  0.00      0.00      0.00      0.00      0.00      0.00      0.00
 0.00     0.00      0.00      0.00      0.00      0.00      0.00      0.00 
MgO-SiO2 Phase Diagram (Digitized with DataThief II PPC on 10/31/04)
2973.15   1.00      -10.00
 5.50     0.00      0.00      0.00      0.00      0.00      0.00      94.50
 0.00     0.00      0.00      0.00      0.00      0.00      0.00      0.00 
$PERICLASE
 0.00     0.00      0.00      0.00      0.00      0.00      0.00      100.0
 0.00     0.00      0.00      0.00      0.00      0.00      0.00      0.00 
MgO-SiO2 Phase Diagram (Digitized with DataThief II PPC on 10/31/04)
2878.15   1.00      -10.00
 9.43     0.00      0.00      0.00      0.00      0.00      0.00      90.58
 0.00     0.00      0.00      0.00      0.00      0.00      0.00      0.00 
$PERICLASE
 0.00     0.00      0.00      0.00      0.00      0.00      0.00      100.0
 0.00     0.00      0.00      0.00      0.00      0.00      0.00      0.00 
MgO-SiO2 Phase Diagram (Digitized with DataThief II PPC on 10/31/04)
2776.15   1.00      -10.00
13.35     0.00      0.00      0.00      0.00      0.00      0.00      86.65
 0.00     0.00      0.00      0.00      0.00      0.00      0.00      0.00 
$PERICLASE
 0.00     0.00      0.00      0.00      0.00      0.00      0.00      100.0
 0.00     0.00      0.00      0.00      0.00      0.00      0.00      0.00 
MgO-SiO2 Phase Diagram (Digitized with DataThief II PPC on 10/31/04)
2684.15   1.00      -10.00
16.62     0.00      0.00      0.00      0.00      0.00      0.00      83.38
 0.00     0.00      0.00      0.00      0.00      0.00      0.00      0.00 
$PERICLASE
 0.00     0.00      0.00      0.00      0.00      0.00      0.00      100.0
 0.00     0.00      0.00      0.00      0.00      0.00      0.00      0.00 
MgO-SiO2 Phase Diagram (Digitized with DataThief II PPC on 10/31/04)
2586.15   1.00      -10.00
20.54     0.00      0.00      0.00      0.00      0.00      0.00      79.46
 0.00     0.00      0.00      0.00      0.00      0.00      0.00      0.00 
$PERICLASE
 0.00     0.00      0.00      0.00      0.00      0.00      0.00      100.0
 0.00     0.00      0.00      0.00      0.00      0.00      0.00      0.00 
MgO-SiO2 Phase Diagram (Digitized with DataThief II PPC on 10/31/04)
2487.15   1.00      -10.00
24.14     0.00      0.00      0.00      0.00      0.00      0.00      75.86
 0.00     0.00      0.00      0.00      0.00      0.00      0.00      0.00 
$PERICLASE
 0.00     0.00      0.00      0.00      0.00      0.00      0.00      100.0
 0.00     0.00      0.00      0.00      0.00      0.00      0.00      0.00 
MgO-SiO2 Phase Diagram (Digitized with DataThief II PPC on 10/31/04)
2381.15   1.00      -10.00
28.07     0.00      0.00      0.00      0.00      0.00      0.00      71.93
 0.00     0.00      0.00      0.00      0.00      0.00      0.00      0.00 
$PERICLASE
 0.00     0.00      0.00      0.00      0.00      0.00      0.00      100.0
 0.00     0.00      0.00      0.00      0.00      0.00      0.00      0.00 
MgO-SiO2 Phase Diagram (Digitized with DataThief II PPC on 10/31/04)
2286.15   1.00      -10.00
31.67     0.00      0.00      0.00      0.00      0.00      0.00      68.33
 0.00     0.00      0.00      0.00      0.00      0.00      0.00      0.00 
$PERICLASE
 0.00     0.00      0.00      0.00      0.00      0.00      0.00      100.0
 0.00     0.00      0.00      0.00      0.00      0.00      0.00      0.00 
MgO-SiO2 Phase Diagram (Digitized with DataThief II PPC on 10/31/04)
2177.15   1.00      -10.00
35.92     0.00      0.00      0.00      0.00      0.00      0.00      64.08
 0.00     0.00      0.00      0.00      0.00      0.00      0.00      0.00 
$PERICLASE
 0.00     0.00      0.00      0.00      0.00      0.00      0.00      100.0
 0.00     0.00      0.00      0.00      0.00      0.00      0.00      0.00 
MgO-SiO2 Phase Diagram (Digitized with DataThief II PPC on 10/31/04)
2123.15   1.00      -10.00
37.88     0.00      0.00      0.00      0.00      0.00      0.00      62.12
 0.00     0.00      0.00      0.00      0.00      0.00      0.00      0.00 
$PERICLASE
 0.00     0.00      0.00      0.00      0.00      0.00      0.00      100.0
 0.00     0.00      0.00      0.00      0.00      0.00      0.00      0.00 
$FORSTERITE
42.71     0.00      0.00      0.00      0.00      0.00      0.00      57.29
 0.00     0.00      0.00      0.00      0.00      0.00      0.00      0.00 
MgO-SiO2 Phase Diagram (Digitized with DataThief II PPC on 10/31/04)
2167.15   1.00      -10.00
42.39     0.00      0.00      0.00      0.00      0.00      0.00      57.61
 0.00     0.00      0.00      0.00      0.00      0.00      0.00      0.00 
$FORSTERITE
42.71     0.00      0.00      0.00      0.00      0.00      0.00      57.29
 0.00     0.00      0.00      0.00      0.00      0.00      0.00      0.00 
MgO-SiO2 Phase Diagram (Digitized with DataThief II PPC on 10/31/04)
2174.0    1.00      -10.00
42.71     0.00      0.00      0.00      0.00      0.00      0.00      57.29
 0.00     0.00      0.00      0.00      0.00      0.00      0.00      0.00 
$ENTROPY
345.43    0.00      0.00      0.00      0.00      0.00      0.00      0.00
 0.00     0.00      0.00      0.00      0.00      0.00      0.00      0.00 
$ENTHALPY
-1210.408 0.00      0.00      0.00      0.00      0.00      0.00      0.00
 0.00     0.00      0.00      0.00      0.00      0.00      0.00      0.00 
MgO-SiO2 Phase Diagram (Digitized with DataThief II PPC on 10/31/04)
2161.15   1.00      -10.00
45.31     0.00      0.00      0.00      0.00      0.00      0.00      54.69
 0.00     0.00      0.00      0.00      0.00      0.00      0.00      0.00 
$FORSTERITE
42.71     0.00      0.00      0.00      0.00      0.00      0.00      57.29
 0.00     0.00      0.00      0.00      0.00      0.00      0.00      0.00 
MgO-SiO2 Phase Diagram (Digitized with DataThief II PPC on 10/31/04)
2120.15   1.00      -10.00
48.24     0.00      0.00      0.00      0.00      0.00      0.00      51.76
 0.00     0.00      0.00      0.00      0.00      0.00      0.00      0.00 
$FORSTERITE
42.71     0.00      0.00      0.00      0.00      0.00      0.00      57.29
 0.00     0.00      0.00      0.00      0.00      0.00      0.00      0.00 
MgO-SiO2 Phase Diagram (Digitized with DataThief II PPC on 10/31/04)
2062.15   1.00      -10.00
51.17     0.00      0.00      0.00      0.00      0.00      0.00      48.83
 0.00     0.00      0.00      0.00      0.00      0.00      0.00      0.00 
$FORSTERITE
42.71     0.00      0.00      0.00      0.00      0.00      0.00      57.29
 0.00     0.00      0.00      0.00      0.00      0.00      0.00      0.00 
MgO-SiO2 Phase Diagram (Digitized with DataThief II PPC on 10/31/04)
2001.15   1.00      -10.00
53.79     0.00      0.00      0.00      0.00      0.00      0.00      46.21
 0.00     0.00      0.00      0.00      0.00      0.00      0.00      0.00 
$FORSTERITE
42.71     0.00      0.00      0.00      0.00      0.00      0.00      57.29
 0.00     0.00      0.00      0.00      0.00      0.00      0.00      0.00 
MgO-SiO2 Phase Diagram (Digitized with DataThief II PPC on 10/31/04)
1947.15   1.00      -10.00
56.07     0.00      0.00      0.00      0.00      0.00      0.00      43.93
 0.00     0.00      0.00      0.00      0.00      0.00      0.00      0.00 
$FORSTERITE
42.71     0.00      0.00      0.00      0.00      0.00      0.00      57.29
 0.00     0.00      0.00      0.00      0.00      0.00      0.00      0.00 
MgO-SiO2 Phase Diagram (Digitized with DataThief II PPC on 10/31/04)
1899.15   1.00      -10.00
58.03     0.00      0.00      0.00      0.00      0.00      0.00      41.97
 0.00     0.00      0.00      0.00      0.00      0.00      0.00      0.00 
$FORSTERITE
42.71     0.00      0.00      0.00      0.00      0.00      0.00      57.29
 0.00     0.00      0.00      0.00      0.00      0.00      0.00      0.00 
MgO-SiO2 Phase Diagram (Digitized with DataThief II PPC on 10/31/04)
1862.15   1.00      -10.00
59.67     0.00      0.00      0.00      0.00      0.00      0.00      40.33
 0.00     0.00      0.00      0.00      0.00      0.00      0.00      0.00 
$FORSTERITE
42.71     0.00      0.00      0.00      0.00      0.00      0.00      57.29
 0.00     0.00      0.00      0.00      0.00      0.00      0.00      0.00 
MgO-SiO2 Phase Diagram (Digitized with DataThief II PPC on 10/31/04)
1832.00   1.00      -10.00
59.85     0.00      0.00      0.00      0.00      0.00      0.00      40.15
 0.00     0.00      0.00      0.00      0.00      0.00      0.00      0.00 
$ENTROPY
315.10    0.00      0.00      0.00      0.00      0.00      0.00      0.00
 0.00     0.00      0.00      0.00      0.00      0.00      0.00      0.00 
$ENTHALPY
-1279.384 0.00      0.00      0.00      0.00      0.00      0.00      0.00
 0.00     0.00      0.00      0.00      0.00      0.00      0.00      0.00 
MgO-SiO2 Phase Diagram (Digitized with DataThief II PPC on 10/31/04)
1830.15   1.00      -10.00
60.65     0.00      0.00      0.00      0.00      0.00      0.00      39.35
 0.00     0.00      0.00      0.00      0.00      0.00      0.00      0.00 
$FORSTERITE
42.71     0.00      0.00      0.00      0.00      0.00      0.00      57.29
 0.00     0.00      0.00      0.00      0.00      0.00      0.00      0.00 
$PROTOENSTATITE
59.85     0.00      0.00      0.00      0.00      0.00      0.00      40.15
 0.00     0.00      0.00      0.00      0.00      0.00      0.00      0.00 
MgO-SiO2 Phase Diagram (Digitized with DataThief II PPC on 10/31/04)
1824.15   1.00      -10.00
62.27     0.00      0.00      0.00      0.00      0.00      0.00      37.73
 0.00     0.00      0.00      0.00      0.00      0.00      0.00      0.00 
$PROTOENSTATITE
59.85     0.00      0.00      0.00      0.00      0.00      0.00      40.15
 0.00     0.00      0.00      0.00      0.00      0.00      0.00      0.00 
MgO-SiO2 Phase Diagram (Digitized with DataThief II PPC on 10/31/04)
1816.15   1.00      -10.00
64.21     0.00      0.00      0.00      0.00      0.00      0.00      35.79
 0.00     0.00      0.00      0.00      0.00      0.00      0.00      0.00 
$PROTOENSTATITE
59.85     0.00      0.00      0.00      0.00      0.00      0.00      40.15
 0.00     0.00      0.00      0.00      0.00      0.00      0.00      0.00 
$CRISTOBALITE
100.0     0.00      0.00      0.00      0.00      0.00      0.00      0.00
 0.00     0.00      0.00      0.00      0.00      0.00      0.00      0.00 
MgO-SiO2 Phase Diagram (Digitized with DataThief II PPC on 10/31/04)
1848.15   1.00      -10.00
65.17     0.00      0.00      0.00      0.00      0.00      0.00      34.83
 0.00     0.00      0.00      0.00      0.00      0.00      0.00      0.00 
$CRISTOBALITE
100.0     0.00      0.00      0.00      0.00      0.00      0.00      0.00
 0.00     0.00      0.00      0.00      0.00      0.00      0.00      0.00 
MgO-SiO2 Phase Diagram (Digitized with DataThief II PPC on 10/31/04)
1883.15   1.00      -10.00
65.81     0.00      0.00      0.00      0.00      0.00      0.00      34.19
 0.00     0.00      0.00      0.00      0.00      0.00      0.00      0.00 
$CRISTOBALITE
100.0     0.00      0.00      0.00      0.00      0.00      0.00      0.00
 0.00     0.00      0.00      0.00      0.00      0.00      0.00      0.00 
MgO-SiO2 Phase Diagram (Digitized with DataThief II PPC on 10/31/04)
1917.15   1.00      -10.00
67.09     0.00      0.00      0.00      0.00      0.00      0.00      32.91
 0.00     0.00      0.00      0.00      0.00      0.00      0.00      0.00 
$CRISTOBALITE
100.0     0.00      0.00      0.00      0.00      0.00      0.00      0.00
 0.00     0.00      0.00      0.00      0.00      0.00      0.00      0.00 
MgO-SiO2 Phase Diagram (Digitized with DataThief II PPC on 10/31/04)
1948.15   1.00      -10.00
68.37     0.00      0.00      0.00      0.00      0.00      0.00      31.63
 0.00     0.00      0.00      0.00      0.00      0.00      0.00      0.00 
$CRISTOBALITE
100.0     0.00      0.00      0.00      0.00      0.00      0.00      0.00
 0.00     0.00      0.00      0.00      0.00      0.00      0.00      0.00 
MgO-SiO2 Phase Diagram (Digitized with DataThief II PPC on 10/31/04)
1975.15   1.00      -10.00
69.65     0.00      0.00      0.00      0.00      0.00      0.00      30.35
 0.00     0.00      0.00      0.00      0.00      0.00      0.00      0.00 
$CRISTOBALITE
100.0     0.00      0.00      0.00      0.00      0.00      0.00      0.00
 0.00     0.00      0.00      0.00      0.00      0.00      0.00      0.00 
MgO-SiO2 Phase Diagram (Digitized with DataThief II PPC on 10/31/04)
1987.00   1.00      -10.00
98.51     0.00      0.00      0.00      0.00      0.00      0.00      1.49
 0.00     0.00      0.00      0.00      0.00      0.00      0.00      0.00 
$LIQUID
68.21     0.00      0.00      0.00      0.00      0.00      0.00      31.79
 0.00     0.00      0.00      0.00      0.00      0.00      0.00      0.00 
MgO-SiO2 Phase Diagram (Digitized with DataThief II PPC on 10/31/04)
2025.00   1.00      -10.00
98.10     0.00      0.00      0.00      0.00      0.00      0.00      1.90
 0.00     0.00      0.00      0.00      0.00      0.00      0.00      0.00 
$LIQUID
72.00     0.00      0.00      0.00      0.00      0.00      0.00      28.00
 0.00     0.00      0.00      0.00      0.00      0.00      0.00      0.00 
MgO-SiO2 Phase Diagram (Digitized with DataThief II PPC on 10/31/04)
2120.00   1.00      -10.00
97.28     0.00      0.00      0.00      0.00      0.00      0.00      2.72
 0.00     0.00      0.00      0.00      0.00      0.00      0.00      0.00 
$LIQUID
75.17     0.00      0.00      0.00      0.00      0.00      0.00      24.83
 0.00     0.00      0.00      0.00      0.00      0.00      0.00      0.00 
MgO-SiO2 Phase Diagram (Digitized with DataThief II PPC on 10/31/04)
2170.00   1.00      -10.00
93.78     0.00      0.00      0.00      0.00      0.00      0.00      6.22
 0.00     0.00      0.00      0.00      0.00      0.00      0.00      0.00 
$LIQUID
81.89     0.00      0.00      0.00      0.00      0.00      0.00      18.11
 0.00     0.00      0.00      0.00      0.00      0.00      0.00      0.00 
MgO-SiO2 Phase Diagram (Digitized with DataThief II PPC on 10/31/04)
2211.00   1.00      -10.00
93.28     0.00      0.00      0.00      0.00      0.00      0.00      6.72
 0.00     0.00      0.00      0.00      0.00      0.00      0.00      0.00 
$LIQUID
84.17     0.00      0.00      0.00      0.00      0.00      0.00      15.83
 0.00     0.00      0.00      0.00      0.00      0.00      0.00      0.00 
MgO-SiO2 Phase Diagram (Digitized with DataThief II PPC on 10/31/04)
2240.00   1.00      -10.00
91.84     0.00      0.00      0.00      0.00      0.00      0.00      8.16
 0.00     0.00      0.00      0.00      0.00      0.00      0.00      0.00 
$LIQUID
90.23     0.00      0.00      0.00      0.00      0.00      0.00      9.77
 0.00     0.00      0.00      0.00      0.00      0.00      0.00      0.00 
Dummy Entry -- LAST --
   1000.00      1.00    0.0000
   0.00000   0.00000   0.00000   0.00000   0.00000   0.00000   0.00000   0.00000
   0.00000   0.00000   0.00000   0.00000   0.00000   0.00000   0.00000   0.00000
