Index,T (C),P (kbars),log(10) f O2,mass (gm),rho (gm/cc),wt% SiO2,wt% TiO2,wt% Al2O3,wt% Fe2O3,wt% Cr2O3,wt% FeO,wt% MnO,wt% MgO,wt% NiO,wt% CoO,wt% CaO,wt% Na2O,wt% K2O,wt% P2O5,wt% H2O,wt% CO2,wt% SO3,wt% Cl2O-1,wt% F2O-1,G (kJ),H (kJ),S (J/K),V (cc),Cp (J/K),     diopside,clinoenstatit, hedenbergite,alumino-buffo,    buffonite,     essenite,      jadeite
990,1011.00,0.000,-10.744,0.2279,3.3053,51.2630,0.4432,2.1687,2.0189,0.0000,10.8070,0.0000,13.5908,0.0000,0.0000,19.2871,0.4212,0.0000,0.0000,0.0000,0.0000,0.0000,0.0000,0.0000,-3.464,-2.826,0.496,0.069,0.262,0.363137,0.192827,0.339603,0.016660,0.008388,0.048699,0.030687
991,1010.00,0.000,-10.758,0.4918,3.3058,51.2680,0.4420,2.1506,2.0167,0.0000,10.8385,0.0000,13.5647,0.0000,0.0000,19.2968,0.4228,0.0000,0.0000,0.0000,0.0000,0.0000,0.0000,0.0000,-7.472,-6.098,1.071,0.149,0.565,0.363127,0.192180,0.340652,0.016197,0.008785,0.048248,0.030810
992,1009.00,0.000,-10.773,0.7434,3.3062,51.2723,0.4409,2.1329,2.0148,0.0000,10.8697,0.0000,13.5375,0.0000,0.0000,19.3075,0.4245,0.0000,0.0000,0.0000,0.0000,0.0000,0.0000,0.0000,-11.290,-9.215,1.618,0.225,0.854,0.363153,0.191488,0.341690,0.015745,0.009179,0.047810,0.030935
993,1008.00,0.000,-10.788,0.9834,3.3067,51.2759,0.4399,2.1158,2.0132,0.0000,10.9004,0.0000,13.5095,0.0000,0.0000,19.3192,0.4261,0.0000,0.0000,0.0000,0.0000,0.0000,0.0000,0.0000,-14.928,-12.188,2.139,0.297,1.129,0.363214,0.190752,0.342716,0.015302,0.009569,0.047385,0.031062
994,1007.00,0.000,-10.803,1.2126,3.3072,51.2789,0.4390,2.0992,2.0119,0.0000,10.9307,0.0000,13.4806,0.0000,0.0000,19.3319,0.4278,0.0000,0.0000,0.0000,0.0000,0.0000,0.0000,0.0000,-18.399,-15.025,2.636,0.367,1.392,0.363308,0.189974,0.343730,0.014869,0.009957,0.046973,0.031190
995,1006.00,0.000,-10.818,1.4316,3.3077,51.2812,0.4382,2.0832,2.0110,0.0000,10.9606,0.0000,13.4508,0.0000,0.0000,19.3454,0.4295,0.0000,0.0000,0.0000,0.0000,0.0000,0.0000,0.0000,-21.714,-17.735,3.110,0.433,1.643,0.363432,0.189156,0.344734,0.014444,0.010341,0.046572,0.031320
996,1005.00,0.000,-10.833,1.6412,3.3082,51.2830,0.4375,2.0676,2.0104,0.0000,10.9902,0.0000,13.4203,0.0000,0.0000,19.3598,0.4312,0.0000,0.0000,0.0000,0.0000,0.0000,0.0000,0.0000,-24.883,-20.327,3.564,0.496,1.883,0.363586,0.188302,0.345728,0.014029,0.010723,0.046183,0.031451
997,1004.00,0.000,-10.848,1.8419,3.3086,51.2842,0.4369,2.0524,2.0100,0.0000,11.0194,0.0000,13.3890,0.0000,0.0000,19.3750,0.4330,0.0000,0.0000,0.0000,0.0000,0.0000,0.0000,0.0000,-27.914,-22.809,3.998,0.557,2.113,0.363766,0.187412,0.346712,0.013622,0.011102,0.045804,0.031583
998,1003.00,0.000,-10.863,2.0343,3.3091,51.2849,0.4365,2.0378,2.0099,0.0000,11.0483,0.0000,13.3571,0.0000,0.0000,19.3909,0.4347,0.0000,0.0000,0.0000,0.0000,0.0000,0.0000,0.0000,-30.817,-25.186,4.413,0.615,2.333,0.363970,0.186491,0.347687,0.013223,0.011479,0.045436,0.031716
999,1002.00,0.000,-10.878,2.2189,3.3096,51.2851,0.4361,2.0235,2.0101,0.0000,11.0769,0.0000,13.3245,0.0000,0.0000,19.4074,0.4365,0.0000,0.0000,0.0000,0.0000,0.0000,0.0000,0.0000,-33.600,-27.466,4.811,0.670,2.543,0.364195,0.185539,0.348654,0.012832,0.011853,0.045077,0.031850
1000,1001.00,0.000,-10.893,2.3962,3.3101,51.2847,0.4358,2.0097,2.0105,0.0000,11.1052,0.0000,13.2912,0.0000,0.0000,19.4246,0.4382,0.0000,0.0000,0.0000,0.0000,0.0000,0.0000,0.0000,-36.271,-29.655,5.192,0.724,2.746,0.364439,0.184560,0.349613,0.012448,0.012226,0.044728,0.031986
1001,1000.00,0.000,-10.908,2.5667,3.3106,51.2839,0.4356,1.9962,2.0112,0.0000,11.1334,0.0000,13.2574,0.0000,0.0000,19.4423,0.4400,0.0000,0.0000,0.0000,0.0000,0.0000,0.0000,0.0000,-38.835,-31.758,5.558,0.775,2.940,0.364699,0.183555,0.350567,0.012072,0.012596,0.044387,0.032123
1002,999.00,0.000,-10.923,2.7308,3.3112,51.2826,0.4355,1.9831,2.0121,0.0000,11.1613,0.0000,13.2231,0.0000,0.0000,19.4605,0.4418,0.0000,0.0000,0.0000,0.0000,0.0000,0.0000,0.0000,-41.300,-33.781,5.910,0.825,3.127,0.364973,0.182528,0.351515,0.011703,0.012965,0.044055,0.032260
1003,998.00,0.000,-10.938,2.8888,3.3117,51.2809,0.4355,1.9704,2.0132,0.0000,11.1890,0.0000,13.1883,0.0000,0.0000,19.4792,0.4436,0.0000,0.0000,0.0000,0.0000,0.0000,0.0000,0.0000,-43.672,-35.728,6.249,0.872,3.307,0.365258,0.181481,0.352459,0.011341,0.013331,0.043731,0.032399
1004,997.00,0.000,-10.953,3.0410,3.3122,51.2787,0.4356,1.9580,2.0144,0.0000,11.2166,0.0000,13.1530,0.0000,0.0000,19.4982,0.4455,0.0000,0.0000,0.0000,0.0000,0.0000,0.0000,0.0000,-45.955,-37.604,6.575,0.918,3.480,0.365551,0.180415,0.353399,0.010986,0.013696,0.043414,0.032539
1005,996.00,0.000,-10.969,3.1880,3.3127,51.2762,0.4358,1.9459,2.0159,0.0000,11.2441,0.0000,13.1173,0.0000,0.0000,19.5176,0.4473,0.0000,0.0000,0.0000,0.0000,0.0000,0.0000,0.0000,-48.155,-39.412,6.889,0.962,3.647,0.365850,0.179334,0.354337,0.010637,0.014060,0.043104,0.032679
1006,995.00,0.000,-10.984,3.3298,3.3132,51.2733,0.4360,1.9342,2.0176,0.0000,11.2715,0.0000,13.0812,0.0000,0.0000,19.5372,0.4491,0.0000,0.0000,0.0000,0.0000,0.0000,0.0000,0.0000,-50.277,-41.157,7.191,1.005,3.809,0.366153,0.178238,0.355272,0.010295,0.014421,0.042801,0.032820
1007,994.00,0.000,-10.999,3.4669,3.3138,51.2700,0.4363,1.9227,2.0194,0.0000,11.2988,0.0000,13.0447,0.0000,0.0000,19.5571,0.4510,0.0000,0.0000,0.0000,0.0000,0.0000,0.0000,0.0000,-52.325,-42.843,7.483,1.046,3.964,0.366458,0.177130,0.356207,0.009958,0.014781,0.042504,0.032962
1008,993.00,0.000,-11.014,3.5995,3.3143,51.2664,0.4367,1.9115,2.0214,0.0000,11.3261,0.0000,13.0079,0.0000,0.0000,19.5772,0.4528,0.0000,0.0000,0.0000,0.0000,0.0000,0.0000,0.0000,-54.303,-44.471,7.765,1.086,4.114,0.366761,0.176013,0.357141,0.009627,0.015140,0.042213,0.033105
1009,992.00,0.000,-11.029,3.7278,3.3148,51.2624,0.4372,1.9006,2.0235,0.0000,11.3534,0.0000,12.9708,0.0000,0.0000,19.5974,0.4547,0.0000,0.0000,0.0000,0.0000,0.0000,0.0000,0.0000,-56.214,-46.046,8.037,1.125,4.260,0.367062,0.174887,0.358075,0.009301,0.015498,0.041928,0.033248
1010,991.00,0.000,-11.045,3.8520,3.3154,51.2581,0.4377,1.8900,2.0258,0.0000,11.3806,0.0000,12.9334,0.0000,0.0000,19.6178,0.4566,0.0000,0.0000,0.0000,0.0000,0.0000,0.0000,0.0000,-58.063,-47.571,8.300,1.162,4.400,0.367359,0.173755,0.359011,0.008981,0.015854,0.041649,0.033392
1011,990.00,0.000,-11.060,3.9724,3.3159,51.2536,0.4384,1.8796,2.0282,0.0000,11.4079,0.0000,12.8957,0.0000,0.0000,19.6382,0.4585,0.0000,0.0000,0.0000,0.0000,0.0000,0.0000,0.0000,-59.853,-49.047,8.555,1.198,4.536,0.367649,0.172618,0.359948,0.008666,0.016208,0.041374,0.033537
1012,989.00,0.000,-11.075,4.0893,3.3165,51.2487,0.4390,1.8694,2.0307,0.0000,11.4353,0.0000,12.8578,0.0000,0.0000,19.6587,0.4603,0.0000,0.0000,0.0000,0.0000,0.0000,0.0000,0.0000,-61.587,-50.478,8.801,1.233,4.668,0.367931,0.171477,0.360887,0.008356,0.016562,0.041105,0.033682
1013,988.00,0.000,-11.091,4.2026,3.3170,51.2436,0.4398,1.8595,2.0333,0.0000,11.4627,0.0000,12.8198,0.0000,0.0000,19.6791,0.4622,0.0000,0.0000,0.0000,0.0000,0.0000,0.0000,0.0000,-63.268,-51.866,9.040,1.267,4.796,0.368203,0.170335,0.361830,0.008051,0.016914,0.040840,0.033827
1014,987.00,0.000,-11.106,4.3128,3.3176,51.2382,0.4406,1.8497,2.0361,0.0000,11.4902,0.0000,12.7815,0.0000,0.0000,19.6996,0.4641,0.0000,0.0000,0.0000,0.0000,0.0000,0.0000,0.0000,-64.898,-53.214,9.272,1.300,4.920,0.368464,0.169193,0.362776,0.007750,0.017265,0.040579,0.033973
1015,986.00,0.000,-11.122,4.4198,3.3182,51.2326,0.4414,1.8402,2.0389,0.0000,11.5178,0.0000,12.7431,0.0000,0.0000,19.7199,0.4660,0.0000,0.0000,0.0000,0.0000,0.0000,0.0000,0.0000,-66.480,-54.522,9.497,1.332,5.040,0.368712,0.168052,0.363725,0.007454,0.017614,0.040323,0.034120
1016,985.00,0.000,-11.137,4.5239,3.3187,51.2267,0.4423,1.8309,2.0419,0.0000,11.5455,0.0000,12.7046,0.0000,0.0000,19.7402,0.4679,0.0000,0.0000,0.0000,0.0000,0.0000,0.0000,0.0000,-68.016,-55.794,9.715,1.363,5.157,0.368947,0.166912,0.364679,0.007163,0.017963,0.040070,0.034267
1017,984.00,0.000,-11.152,4.6252,3.3193,51.2207,0.4433,1.8217,2.0449,0.0000,11.5734,0.0000,12.6659,0.0000,0.0000,19.7604,0.4698,0.0000,0.0000,0.0000,0.0000,0.0000,0.0000,0.0000,-69.510,-57.030,9.927,1.393,5.271,0.369166,0.165776,0.365637,0.006875,0.018310,0.039821,0.034414
1018,983.00,0.000,-11.168,4.7239,3.3199,51.2144,0.4443,1.8128,2.0480,0.0000,11.6013,0.0000,12.6272,0.0000,0.0000,19.7804,0.4718,0.0000,0.0000,0.0000,0.0000,0.0000,0.0000,0.0000,-70.962,-58.233,10.133,1.423,5.382,0.369370,0.164645,0.366601,0.006592,0.018656,0.039575,0.034561
1019,982.00,0.000,-11.183,4.8201,3.3205,51.2079,0.4453,1.8040,2.0511,0.0000,11.6295,0.0000,12.5883,0.0000,0.0000,19.8002,0.4737,0.0000,0.0000,0.0000,0.0000,0.0000,0.0000,0.0000,-72.375,-59.405,10.333,1.452,5.489,0.369557,0.163518,0.367569,0.006313,0.019001,0.039333,0.034709
1020,981.00,0.000,-11.199,4.9138,3.3210,51.2012,0.4464,1.7953,2.0544,0.0000,11.6577,0.0000,12.5494,0.0000,0.0000,19.8199,0.4756,0.0000,0.0000,0.0000,0.0000,0.0000,0.0000,0.0000,-73.750,-60.546,10.528,1.480,5.594,0.369726,0.162398,0.368543,0.006037,0.019345,0.039094,0.034857
1021,980.00,0.000,-11.214,5.0053,3.3216,51.1944,0.4476,1.7869,2.0576,0.0000,11.6862,0.0000,12.5105,0.0000,0.0000,19.8394,0.4775,0.0000,0.0000,0.0000,0.0000,0.0000,0.0000,0.0000,-75.090,-61.659,10.718,1.507,5.696,0.369876,0.161285,0.369523,0.005765,0.019688,0.038857,0.035005
1022,979.00,0.000,-11.230,5.0946,3.3222,51.1874,0.4488,1.7785,2.0610,0.0000,11.7148,0.0000,12.4715,0.0000,0.0000,19.8586,0.4794,0.0000,0.0000,0.0000,0.0000,0.0000,0.0000,0.0000,-76.396,-62.744,10.903,1.533,5.796,0.370007,0.160180,0.370509,0.005497,0.020029,0.038624,0.035153
1023,978.00,0.000,-11.246,5.1818,3.3228,51.1802,0.4500,1.7704,2.0644,0.0000,11.7436,0.0000,12.4325,0.0000,0.0000,19.8777,0.4813,0.0000,0.0000,0.0000,0.0000,0.0000,0.0000,0.0000,-77.670,-63.803,11.084,1.559,5.893,0.370119,0.159084,0.371501,0.005232,0.020370,0.038393,0.035301
1024,977.00,0.000,-11.261,5.2671,3.3234,51.1729,0.4513,1.7623,2.0678,0.0000,11.7725,0.0000,12.3935,0.0000,0.0000,19.8964,0.4832,0.0000,0.0000,0.0000,0.0000,0.0000,0.0000,0.0000,-78.913,-64.837,11.260,1.585,5.988,0.370210,0.157996,0.372499,0.004971,0.020709,0.038164,0.035450
1025,976.00,0.000,-11.277,5.3505,3.3240,51.1654,0.4526,1.7544,2.0713,0.0000,11.8017,0.0000,12.3546,0.0000,0.0000,19.9149,0.4852,0.0000,0.0000,0.0000,0.0000,0.0000,0.0000,0.0000,-80.127,-65.847,11.431,1.610,6.081,0.370281,0.156919,0.373504,0.004713,0.021047,0.037938,0.035599
1026,975.00,0.000,-11.293,5.4321,3.3246,51.1579,0.4539,1.7466,2.0748,0.0000,11.8310,0.0000,12.3156,0.0000,0.0000,19.9332,0.4871,0.0000,0.0000,0.0000,0.0000,0.0000,0.0000,0.0000,-81.312,-66.835,11.599,1.634,6.172,0.370330,0.155852,0.374515,0.004458,0.021384,0.037713,0.035747
1027,974.00,0.000,-11.308,5.5119,3.3252,51.1502,0.4553,1.7389,2.0783,0.0000,11.8605,0.0000,12.2767,0.0000,0.0000,19.9511,0.4890,0.0000,0.0000,0.0000,0.0000,0.0000,0.0000,0.0000,-82.471,-67.801,11.763,1.658,6.260,0.370359,0.154796,0.375532,0.004207,0.021720,0.037491,0.035896
1028,973.00,0.000,-11.324,5.5901,3.3258,51.1424,0.4567,1.7314,2.0818,0.0000,11.8902,0.0000,12.2378,0.0000,0.0000,19.9688,0.4909,0.0000,0.0000,0.0000,0.0000,0.0000,0.0000,0.0000,-83.604,-68.746,11.923,1.681,6.347,0.370366,0.153751,0.376556,0.003958,0.022054,0.037270,0.036045
1029,972.00,0.000,-11.340,5.6668,3.3264,51.1345,0.4582,1.7239,2.0854,0.0000,11.9201,0.0000,12.1990,0.0000,0.0000,19.9861,0.4928,0.0000,0.0000,0.0000,0.0000,0.0000,0.0000,0.0000,-84.712,-69.671,12.080,1.704,6.432,0.370351,0.152718,0.377587,0.003713,0.022388,0.037052,0.036193
1030,971.00,0.000,-11.356,5.7419,3.3270,51.1265,0.4596,1.7166,2.0889,0.0000,11.9501,0.0000,12.1603,0.0000,0.0000,20.0032,0.4947,0.0000,0.0000,0.0000,0.0000,0.0000,0.0000,0.0000,-85.797,-70.577,12.233,1.726,6.515,0.370314,0.151697,0.378623,0.003470,0.022720,0.036834,0.036342
1031,970.00,0.000,-11.371,5.8156,3.3276,51.1184,0.4611,1.7093,2.0925,0.0000,11.9804,0.0000,12.1217,0.0000,0.0000,20.0199,0.4967,0.0000,0.0000,0.0000,0.0000,0.0000,0.0000,0.0000,-86.859,-71.465,12.383,1.748,6.596,0.370255,0.150688,0.379666,0.003230,0.023051,0.036619,0.036490
1032,969.00,0.000,-11.387,5.8880,3.3283,51.1102,0.4626,1.7021,2.0961,0.0000,12.0108,0.0000,12.0831,0.0000,0.0000,20.0363,0.4986,0.0000,0.0000,0.0000,0.0000,0.0000,0.0000,0.0000,-87.899,-72.335,12.530,1.769,6.676,0.370175,0.149692,0.380716,0.002993,0.023380,0.036404,0.036639
1033,968.00,0.000,-11.403,5.9590,3.3289,51.1020,0.4642,1.6951,2.0997,0.0000,12.0415,0.0000,12.0447,0.0000,0.0000,20.0524,0.5005,0.0000,0.0000,0.0000,0.0000,0.0000,0.0000,0.0000,-88.919,-73.189,12.674,1.790,6.754,0.370073,0.148709,0.381771,0.002759,0.023709,0.036191,0.036787
1034,967.00,0.000,-11.419,6.0288,3.3295,51.0937,0.4658,1.6881,2.1032,0.0000,12.0723,0.0000,12.0063,0.0000,0.0000,20.0682,0.5024,0.0000,0.0000,0.0000,0.0000,0.0000,0.0000,0.0000,-89.919,-74.027,12.815,1.811,6.831,0.369949,0.147739,0.382833,0.002527,0.024036,0.035980,0.036935
1035,966.00,0.000,-11.435,6.0973,3.3301,51.0853,0.4674,1.6812,2.1068,0.0000,12.1032,0.0000,11.9681,0.0000,0.0000,20.0836,0.5043,0.0000,0.0000,0.0000,0.0000,0.0000,0.0000,0.0000,-90.900,-74.849,12.953,1.831,6.906,0.369804,0.146783,0.383901,0.002299,0.024362,0.035769,0.037083
1036,965.00,0.000,-11.451,6.1647,3.3307,51.0769,0.4690,1.6744,2.1104,0.0000,12.1344,0.0000,11.9300,0.0000,0.0000,20.0987,0.5062,0.0000,0.0000,0.0000,0.0000,0.0000,0.0000,0.0000,-91.862,-75.656,13.089,1.851,6.980,0.369637,0.145840,0.384974,0.002072,0.024686,0.035559,0.037231
1037,964.00,0.000,-11.467,6.2309,3.3314,51.0685,0.4706,1.6676,2.1139,0.0000,12.1657,0.0000,11.8921,0.0000,0.0000,20.1135,0.5081,0.0000,0.0000,0.0000,0.0000,0.0000,0.0000,0.0000,-92.807,-76.450,13.222,1.870,7.053,0.369449,0.144910,0.386053,0.001848,0.025009,0.035350,0.037379
1038,963.00,0.000,-11.483,6.2961,3.3320,51.0600,0.4723,1.6610,2.1174,0.0000,12.1972,0.0000,11.8543,0.0000,0.0000,20.1279,0.5100,0.0000,0.0000,0.0000,0.0000,0.0000,0.0000,0.0000,-93.735,-77.229,13.353,1.890,7.124,0.369240,0.143995,0.387138,0.001627,0.025331,0.035142,0.037526
1039,962.00,0.000,-11.499,6.3602,3.3326,51.0515,0.4739,1.6544,2.1209,0.0000,12.2288,0.0000,11.8166,0.0000,0.0000,20.1420,0.5118,0.0000,0.0000,0.0000,0.0000,0.0000,0.0000,0.0000,-94.647,-77.995,13.481,1.908,7.194,0.369011,0.143093,0.388228,0.001408,0.025652,0.034935,0.037673
1040,961.00,0.000,-11.515,6.4234,3.3332,51.0429,0.4756,1.6478,2.1244,0.0000,12.2606,0.0000,11.7791,0.0000,0.0000,20.1558,0.5137,0.0000,0.0000,0.0000,0.0000,0.0000,0.0000,0.0000,-95.543,-78.749,13.607,1.927,7.263,0.368761,0.142205,0.389323,0.001192,0.025971,0.034729,0.037820
1041,960.00,0.000,-11.531,6.4856,3.3339,51.0343,0.4773,1.6413,2.1278,0.0000,12.2925,0.0000,11.7418,0.0000,0.0000,20.1692,0.5156,0.0000,0.0000,0.0000,0.0000,0.0000,0.0000,0.0000,-96.423,-79.490,13.731,1.945,7.331,0.368491,0.141330,0.390424,0.000978,0.026288,0.034523,0.037967
1042,959.00,0.000,-11.547,6.5468,3.3345,51.0258,0.4791,1.6349,2.1312,0.0000,12.3246,0.0000,11.7046,0.0000,0.0000,20.1823,0.5175,0.0000,0.0000,0.0000,0.0000,0.0000,0.0000,0.0000,-97.289,-80.220,13.853,1.963,7.398,0.368201,0.140470,0.391529,0.000766,0.026604,0.034317,0.038113
1043,958.00,0.000,-11.563,6.6072,3.3351,51.0172,0.4808,1.6286,2.1346,0.0000,12.3568,0.0000,11.6676,0.0000,0.0000,20.1951,0.5193,0.0000,0.0000,0.0000,0.0000,0.0000,0.0000,0.0000,-98.141,-80.938,13.973,1.981,7.464,0.367891,0.139624,0.392638,0.000556,0.026919,0.034112,0.038259
1044,957.00,0.000,-11.579,6.6667,3.3358,51.0085,0.4825,1.6223,2.1379,0.0000,12.3892,0.0000,11.6308,0.0000,0.0000,20.2075,0.5212,0.0000,0.0000,0.0000,0.0000,0.0000,0.0000,0.0000,-98.979,-81.646,14.091,1.999,7.528,0.367563,0.138791,0.393752,0.000349,0.027232,0.033908,0.038405
1045,956.00,0.000,-11.595,6.7254,3.3364,50.9999,0.4843,1.6160,2.1412,0.0000,12.4216,0.0000,11.5942,0.0000,0.0000,20.2197,0.5231,0.0000,0.0000,0.0000,0.0000,0.0000,0.0000,0.0000,-99.805,-82.342,14.207,2.016,7.592,0.367215,0.137972,0.394870,0.000144,0.027544,0.033704,0.038550
1046,955.00,0.000,-11.611,6.7832,3.3370,50.9913,0.4861,1.6098,2.1445,0.0000,12.4542,0.0000,11.5577,0.0000,0.0000,20.2314,0.5249,0.0000,0.0000,0.0000,0.0000,0.0000,0.0000,0.0000,-100.617,-83.029,14.321,2.033,7.655,0.366850,0.137168,0.395992,-0.000059,0.027854,0.033500,0.038695
1047,954.00,0.000,-11.628,6.8403,3.3377,50.9827,0.4879,1.6037,2.1477,0.0000,12.4869,0.0000,11.5215,0.0000,0.0000,20.2429,0.5268,0.0000,0.0000,0.0000,0.0000,0.0000,0.0000,0.0000,-101.417,-83.705,14.433,2.049,7.717,0.366466,0.136377,0.397118,-0.000259,0.028162,0.033297,0.038839
1048,953.00,0.000,-11.644,6.8966,3.3383,50.9742,0.4896,1.5976,2.1508,0.0000,12.5197,0.0000,11.4855,0.0000,0.0000,20.2540,0.5286,0.0000,0.0000,0.0000,0.0000,0.0000,0.0000,0.0000,-102.205,-84.372,14.544,2.066,7.778,0.366065,0.135599,0.398247,-0.000458,0.028469,0.033094,0.038983
1049,952.00,0.000,-11.660,6.9522,3.3389,50.9656,0.4914,1.5916,2.1539,0.0000,12.5525,0.0000,11.4496,0.0000,0.0000,20.2649,0.5304,0.0000,0.0000,0.0000,0.0000,0.0000,0.0000,0.0000,-102.982,-85.030,14.653,2.082,7.838,0.365647,0.134836,0.399379,-0.000654,0.028774,0.032891,0.039127
1050,951.00,0.000,-11.677,7.0071,3.3396,50.9571,0.4933,1.5856,2.1570,0.0000,12.5855,0.0000,11.4140,0.0000,0.0000,20.2754,0.5323,0.0000,0.0000,0.0000,0.0000,0.0000,0.0000,0.0000,-103.747,-85.678,14.761,2.098,7.897,0.365212,0.134086,0.400515,-0.000848,0.029078,0.032688,0.039270
1051,950.00,0.000,-11.693,7.0614,3.3402,50.9485,0.4951,1.5796,2.1600,0.0000,12.6186,0.0000,11.3786,0.0000,0.0000,20.2856,0.5341,0.0000,0.0000,0.0000,0.0000,0.0000,0.0000,0.0000,-104.502,-86.318,14.866,2.114,7.956,0.364761,0.133349,0.401653,-0.001040,0.029380,0.032485,0.039413
1052,949.00,0.000,-11.709,7.1149,3.3408,50.9400,0.4969,1.5737,2.1629,0.0000,12.6517,0.0000,11.3434,0.0000,0.0000,20.2955,0.5359,0.0000,0.0000,0.0000,0.0000,0.0000,0.0000,0.0000,-105.246,-86.949,14.971,2.130,8.013,0.364294,0.132626,0.402794,-0.001230,0.029680,0.032282,0.039555
1053,948.00,0.000,-11.726,7.1678,3.3415,50.9316,0.4987,1.5678,2.1658,0.0000,12.6849,0.0000,11.3085,0.0000,0.0000,20.3051,0.5377,0.0000,0.0000,0.0000,0.0000,0.0000,0.0000,0.0000,-105.980,-87.573,15.074,2.145,8.070,0.363811,0.131916,0.403937,-0.001418,0.029978,0.032079,0.039696
1054,947.00,0.000,-11.742,7.2201,3.3421,50.9232,0.5005,1.5619,2.1686,0.0000,12.7181,0.0000,11.2737,0.0000,0.0000,20.3144,0.5395,0.0000,0.0000,0.0000,0.0000,0.0000,0.0000,0.0000,-106.704,-88.188,15.175,2.160,8.127,0.363314,0.131219,0.405082,-0.001603,0.030275,0.031877,0.039837
1055,946.00,0.000,-11.758,7.2717,3.3427,50.9148,0.5024,1.5561,2.1714,0.0000,12.7514,0.0000,11.2392,0.0000,0.0000,20.3234,0.5413,0.0000,0.0000,0.0000,0.0000,0.0000,0.0000,0.0000,-107.418,-88.795,15.275,2.175,8.182,0.362802,0.130535,0.406229,-0.001787,0.030570,0.031674,0.039978
1056,945.00,0.000,-11.775,7.3228,3.3434,50.9065,0.5042,1.5503,2.1740,0.0000,12.7848,0.0000,11.2049,0.0000,0.0000,20.3321,0.5430,0.0000,0.0000,0.0000,0.0000,0.0000,0.0000,0.0000,-108.123,-89.395,15.374,2.190,8.237,0.362276,0.129864,0.407377,-0.001969,0.030863,0.031471,0.040117
1057,944.00,0.000,-11.791,7.3733,3.3440,50.8982,0.5060,1.5446,2.1767,0.0000,12.8182,0.0000,11.1709,0.0000,0.0000,20.3406,0.5448,0.0000,0.0000,0.0000,0.0000,0.0000,0.0000,0.0000,-108.818,-89.988,15.471,2.205,8.291,0.361737,0.129206,0.408527,-0.002149,0.031154,0.031268,0.040257
1058,943.00,0.000,-11.808,7.4232,3.3446,50.8900,0.5079,1.5389,2.1792,0.0000,12.8516,0.0000,11.1371,0.0000,0.0000,20.3487,0.5466,0.0000,0.0000,0.0000,0.0000,0.0000,0.0000,0.0000,-109.505,-90.573,15.567,2.219,8.344,0.361184,0.128561,0.409678,-0.002326,0.031443,0.031065,0.040395
1059,942.00,0.000,-11.824,7.4726,3.3453,50.8818,0.5097,1.5332,2.1817,0.0000,12.8851,0.0000,11.1036,0.0000,0.0000,20.3566,0.5483,0.0000,0.0000,0.0000,0.0000,0.0000,0.0000,0.0000,-110.183,-91.151,15.662,2.234,8.397,0.360618,0.127928,0.410830,-0.002502,0.031730,0.030862,0.040533
1060,941.00,0.000,-11.841,7.5214,3.3459,50.8736,0.5116,1.5276,2.1841,0.0000,12.9186,0.0000,11.0702,0.0000,0.0000,20.3642,0.5501,0.0000,0.0000,0.0000,0.0000,0.0000,0.0000,0.0000,-110.852,-91.723,15.756,2.248,8.449,0.360040,0.127307,0.411983,-0.002675,0.032015,0.030659,0.040671
1061,940.00,0.000,-11.858,7.5697,3.3465,50.8656,0.5134,1.5220,2.1864,0.0000,12.9521,0.0000,11.0372,0.0000,0.0000,20.3716,0.5518,0.0000,0.0000,0.0000,0.0000,0.0000,0.0000,0.0000,-111.514,-92.288,15.848,2.262,8.501,0.359450,0.126699,0.413136,-0.002847,0.032299,0.030456,0.040807
1062,939.00,0.000,-11.874,7.6175,3.3471,50.8576,0.5152,1.5164,2.1887,0.0000,12.9856,0.0000,11.0044,0.0000,0.0000,20.3787,0.5535,0.0000,0.0000,0.0000,0.0000,0.0000,0.0000,0.0000,-112.167,-92.846,15.939,2.276,8.552,0.358849,0.126103,0.414289,-0.003017,0.032580,0.030252,0.040943
1063,938.00,0.000,-11.891,7.6648,3.3478,50.8496,0.5171,1.5108,2.1909,0.0000,13.0191,0.0000,10.9718,0.0000,0.0000,20.3855,0.5553,0.0000,0.0000,0.0000,0.0000,0.0000,0.0000,0.0000,-112.812,-93.398,16.029,2.290,8.602,0.358237,0.125519,0.415443,-0.003184,0.032859,0.030048,0.041078
1064,937.00,0.000,-11.908,7.7116,3.3484,50.8418,0.5189,1.5053,2.1930,0.0000,13.0526,0.0000,10.9395,0.0000,0.0000,20.3921,0.5570,0.0000,0.0000,0.0000,0.0000,0.0000,0.0000,0.0000,-113.449,-93.944,16.118,2.303,8.652,0.357614,0.124947,0.416596,-0.003350,0.033136,0.029844,0.041213
1065,936.00,0.000,-11.924,7.7579,3.3490,50.8340,0.5207,1.4998,2.1950,0.0000,13.0860,0.0000,10.9074,0.0000,0.0000,20.3984,0.5587,0.0000,0.0000,0.0000,0.0000,0.0000,0.0000,0.0000,-114.079,-94.484,16.206,2.316,8.702,0.356981,0.124386,0.417749,-0.003514,0.033411,0.029640,0.041347
1066,935.00,0.000,-11.941,7.8037,3.3496,50.8262,0.5226,1.4943,2.1969,0.0000,13.1195,0.0000,10.8756,0.0000,0.0000,20.4045,0.5603,0.0000,0.0000,0.0000,0.0000,0.0000,0.0000,0.0000,-114.701,-95.018,16.292,2.330,8.750,0.356338,0.123837,0.418902,-0.003676,0.033684,0.029436,0.041480
1067,934.00,0.000,-11.958,7.8491,3.3502,50.8186,0.5244,1.4888,2.1988,0.0000,13.1530,0.0000,10.8441,0.0000,0.0000,20.4103,0.5620,0.0000,0.0000,0.0000,0.0000,0.0000,0.0000,0.0000,-115.317,-95.546,16.378,2.343,8.798,0.355685,0.123299,0.420053,-0.003836,0.033955,0.029231,0.041612
1068,933.00,0.000,-11.974,7.8940,3.3509,50.8110,0.5262,1.4834,2.2006,0.0000,13.1864,0.0000,10.8128,0.0000,0.0000,20.4160,0.5637,0.0000,0.0000,0.0000,0.0000,0.0000,0.0000,0.0000,-115.924,-96.068,16.463,2.356,8.846,0.355024,0.122773,0.421204,-0.003993,0.034223,0.029026,0.041743
1069,932.00,0.000,-11.991,7.9384,3.3515,50.8035,0.5280,1.4780,2.2023,0.0000,13.2198,0.0000,10.7818,0.0000,0.0000,20.4213,0.5653,0.0000,0.0000,0.0000,0.0000,0.0000,0.0000,0.0000,-116.525,-96.585,16.546,2.369,8.893,0.354354,0.122258,0.422353,-0.004149,0.034490,0.028821,0.041874
1070,931.00,0.000,-12.008,7.9825,3.3521,50.7960,0.5299,1.4726,2.2039,0.0000,13.2531,0.0000,10.7511,0.0000,0.0000,20.4265,0.5670,0.0000,0.0000,0.0000,0.0000,0.0000,0.0000,0.0000,-117.120,-97.096,16.629,2.381,8.940,0.353676,0.121753,0.423501,-0.004303,0.034754,0.028616,0.042003
1071,930.00,0.000,-12.025,8.0261,3.3527,50.7887,0.5317,1.4672,2.2054,0.0000,13.2864,0.0000,10.7206,0.0000,0.0000,20.4314,0.5686,0.0000,0.0000,0.0000,0.0000,0.0000,0.0000,0.0000,-117.707,-97.602,16.710,2.394,8.986,0.352990,0.121260,0.424648,-0.004455,0.035015,0.028410,0.042132
1072,929.00,0.000,-12.042,8.0692,3.3533,50.7814,0.5335,1.4619,2.2069,0.0000,13.3197,0.0000,10.6903,0.0000,0.0000,20.4362,0.5702,0.0000,0.0000,0.0000,0.0000,0.0000,0.0000,0.0000,-118.288,-98.102,16.791,2.406,9.032,0.352296,0.120777,0.425793,-0.004606,0.035275,0.028204,0.042260
1073,928.00,0.000,-12.059,8.1120,3.3539,50.7742,0.5353,1.4566,2.2082,0.0000,13.3529,0.0000,10.6604,0.0000,0.0000,20.4407,0.5718,0.0000,0.0000,0.0000,0.0000,0.0000,0.0000,0.0000,-118.862,-98.598,16.871,2.419,9.077,0.351595,0.120305,0.426936,-0.004754,0.035532,0.027998,0.042387
1074,927.00,0.000,-12.076,8.1543,3.3545,50.7671,0.5370,1.4513,2.2095,0.0000,13.3860,0.0000,10.6307,0.0000,0.0000,20.4450,0.5734,0.0000,0.0000,0.0000,0.0000,0.0000,0.0000,0.0000,-119.430,-99.088,16.949,2.431,9.121,0.350888,0.119843,0.428077,-0.004900,0.035787,0.027792,0.042513
1075,926.00,0.000,-12.093,8.1963,3.3551,50.7601,0.5388,1.4460,2.2107,0.0000,13.4191,0.0000,10.6013,0.0000,0.0000,20.4491,0.5750,0.0000,0.0000,0.0000,0.0000,0.0000,0.0000,0.0000,-119.991,-99.573,17.027,2.443,9.166,0.350174,0.119391,0.429216,-0.005044,0.036040,0.027586,0.042639
1076,925.00,0.000,-12.110,8.2378,3.3557,50.7532,0.5406,1.4407,2.2118,0.0000,13.4521,0.0000,10.5721,0.0000,0.0000,20.4530,0.5766,0.0000,0.0000,0.0000,0.0000,0.0000,0.0000,0.0000,-120.547,-100.054,17.104,2.455,9.209,0.349454,0.118950,0.430352,-0.005187,0.036290,0.027379,0.042763
1077,924.00,0.000,-12.127,8.2789,3.3563,50.7463,0.5424,1.4355,2.2128,0.0000,13.4850,0.0000,10.5432,0.0000,0.0000,20.4567,0.5781,0.0000,0.0000,0.0000,0.0000,0.0000,0.0000,0.0000,-121.096,-100.529,17.180,2.467,9.253,0.348728,0.118518,0.431486,-0.005327,0.036537,0.027172,0.042886
1078,923.00,0.000,-12.144,8.3197,3.3569,50.7396,0.5441,1.4303,2.2137,0.0000,13.5179,0.0000,10.5146,0.0000,0.0000,20.4602,0.5797,0.0000,0.0000,0.0000,0.0000,0.0000,0.0000,0.0000,-121.639,-101.000,17.255,2.478,9.296,0.347996,0.118096,0.432617,-0.005466,0.036783,0.026965,0.043009
1079,922.00,0.000,-12.161,8.3600,3.3575,50.7329,0.5459,1.4251,2.2145,0.0000,13.5506,0.0000,10.4862,0.0000,0.0000,20.4636,0.5812,0.0000,0.0000,0.0000,0.0000,0.0000,0.0000,0.0000,-122.177,-101.466,17.329,2.490,9.338,0.347260,0.117684,0.433745,-0.005602,0.037026,0.026758,0.043130
1080,921.00,0.000,-12.178,8.4000,3.3581,50.7263,0.5476,1.4199,2.2153,0.0000,13.5833,0.0000,10.4582,0.0000,0.0000,20.4667,0.5827,0.0000,0.0000,0.0000,0.0000,0.0000,0.0000,0.0000,-122.708,-101.927,17.402,2.501,9.380,0.346519,0.117281,0.434871,-0.005737,0.037266,0.026550,0.043250
1081,920.00,0.000,-12.195,8.4396,3.3587,50.7198,0.5493,1.4147,2.2159,0.0000,13.6159,0.0000,10.4303,0.0000,0.0000,20.4697,0.5842,0.0000,0.0000,0.0000,0.0000,0.0000,0.0000,0.0000,-123.234,-102.384,17.475,2.513,9.421,0.345773,0.116888,0.435993,-0.005870,0.037504,0.026343,0.043369
1082,919.00,0.000,-12.212,8.4788,3.3592,50.7135,0.5510,1.4096,2.2165,0.0000,13.6484,0.0000,10.4028,0.0000,0.0000,20.4725,0.5857,0.0000,0.0000,0.0000,0.0000,0.0000,0.0000,0.0000,-123.754,-102.836,17.547,2.524,9.463,0.345023,0.116504,0.437112,-0.006001,0.037739,0.026135,0.043488
1083,918.00,0.000,-12.230,8.5177,3.3598,50.7072,0.5527,1.4045,2.2169,0.0000,13.6808,0.0000,10.3755,0.0000,0.0000,20.4752,0.5872,0.0000,0.0000,0.0000,0.0000,0.0000,0.0000,0.0000,-124.268,-103.283,17.617,2.535,9.503,0.344269,0.116129,0.438228,-0.006130,0.037972,0.025927,0.043605
1084,917.00,0.000,-12.247,8.5562,3.3604,50.7009,0.5544,1.3994,2.2173,0.0000,13.7131,0.0000,10.3485,0.0000,0.0000,20.4776,0.5886,0.0000,0.0000,0.0000,0.0000,0.0000,0.0000,0.0000,-124.777,-103.727,17.687,2.546,9.544,0.343511,0.115763,0.439341,-0.006257,0.038202,0.025719,0.043721
1085,916.00,0.000,-12.264,8.5943,3.3610,50.6948,0.5561,1.3943,2.2176,0.0000,13.7454,0.0000,10.3218,0.0000,0.0000,20.4800,0.5901,0.0000,0.0000,0.0000,0.0000,0.0000,0.0000,0.0000,-125.281,-104.166,17.756,2.557,9.583,0.342750,0.115406,0.440450,-0.006382,0.038430,0.025510,0.043836
1086,915.00,0.000,-12.281,8.6321,3.3615,50.6888,0.5578,1.3892,2.2178,0.0000,13.7775,0.0000,10.2953,0.0000,0.0000,20.4821,0.5915,0.0000,0.0000,0.0000,0.0000,0.0000,0.0000,0.0000,-125.779,-104.600,17.825,2.568,9.623,0.341986,0.115058,0.441555,-0.006505,0.038655,0.025302,0.043950
1087,914.00,0.000,-12.299,8.6696,3.3621,50.6829,0.5594,1.3842,2.2179,0.0000,13.8094,0.0000,10.2691,0.0000,0.0000,20.4841,0.5929,0.0000,0.0000,0.0000,0.0000,0.0000,0.0000,0.0000,-126.271,-105.031,17.892,2.579,9.662,0.341219,0.114718,0.442656,-0.006626,0.038878,0.025094,0.044063
1088,913.00,0.000,-12.316,8.7067,3.3627,50.6771,0.5611,1.3792,2.2179,0.0000,13.8413,0.0000,10.2432,0.0000,0.0000,20.4860,0.5943,0.0000,0.0000,0.0000,0.0000,0.0000,0.0000,0.0000,-126.759,-105.457,17.959,2.589,9.701,0.340449,0.114387,0.443754,-0.006746,0.039097,0.024885,0.044175
1089,912.00,0.000,-12.334,8.7434,3.3632,50.6713,0.5627,1.3742,2.2178,0.0000,13.8731,0.0000,10.2175,0.0000,0.0000,20.4877,0.5957,0.0000,0.0000,0.0000,0.0000,0.0000,0.0000,0.0000,-127.241,-105.879,18.025,2.600,9.739,0.339677,0.114064,0.444847,-0.006863,0.039315,0.024676,0.044285
1090,911.00,0.000,-12.351,8.7906,3.3641,50.6628,0.5597,1.3670,2.2213,0.0000,13.9367,0.0000,10.1786,0.0000,0.0000,20.4770,0.5971,0.0000,0.0000,0.0000,0.0000,0.0000,0.0000,0.0000,-127.843,-106.396,18.112,2.613,9.788,0.337552,0.114140,0.447016,-0.007218,0.039502,0.024607,0.044401
1091,910.00,0.000,-12.368,8.8349,3.3650,50.6550,0.5577,1.3603,2.2237,0.0000,13.9924,0.0000,10.1432,0.0000,0.0000,20.4692,0.5985,0.0000,0.0000,0.0000,0.0000,0.0000,0.0000,0.0000,-128.410,-106.885,18.193,2.626,9.834,0.335752,0.114131,0.448919,-0.007512,0.039693,0.024503,0.044515
1092,909.00,0.000,-12.386,8.8790,3.3658,50.6474,0.5558,1.3537,2.2261,0.0000,14.0480,0.0000,10.1082,0.0000,0.0000,20.4611,0.5998,0.0000,0.0000,0.0000,0.0000,0.0000,0.0000,0.0000,-128.973,-107.371,18.273,2.638,9.879,0.333945,0.114132,0.450821,-0.007805,0.039881,0.024399,0.044627
1093,908.00,0.000,-12.403,8.9228,3.3666,50.6399,0.5538,1.3470,2.2283,0.0000,14.1036,0.0000,10.0734,0.0000,0.0000,20.4529,0.6012,0.0000,0.0000,0.0000,0.0000,0.0000,0.0000,0.0000,-129.531,-107.854,18.353,2.650,9.925,0.332133,0.114144,0.452721,-0.008097,0.040066,0.024295,0.044738
1094,907.00,0.000,-12.421,8.9663,3.3674,50.6325,0.5518,1.3404,2.2304,0.0000,14.1591,0.0000,10.0388,0.0000,0.0000,20.4445,0.6025,0.0000,0.0000,0.0000,0.0000,0.0000,0.0000,0.0000,-130.086,-108.333,18.432,2.663,9.970,0.330315,0.114165,0.454619,-0.008387,0.040249,0.024191,0.044848
1095,906.00,0.000,-12.438,9.0096,3.3682,50.6251,0.5498,1.3338,2.2325,0.0000,14.2146,0.0000,10.0046,0.0000,0.0000,20.4359,0.6038,0.0000,0.0000,0.0000,0.0000,0.0000,0.0000,0.0000,-130.636,-108.808,18.511,2.675,10.014,0.328491,0.114196,0.456515,-0.008675,0.040428,0.024087,0.044957
1096,905.00,0.000,-12.456,9.0526,3.3690,50.6179,0.5477,1.3272,2.2344,0.0000,14.2699,0.0000,9.9706,0.0000,0.0000,20.4271,0.6051,0.0000,0.0000,0.0000,0.0000,0.0000,0.0000,0.0000,-131.181,-109.281,18.589,2.687,10.059,0.326662,0.114237,0.458409,-0.008962,0.040605,0.023982,0.045065
1097,904.00,0.000,-12.474,9.0953,3.3698,50.6108,0.5457,1.3206,2.2363,0.0000,14.3252,0.0000,9.9369,0.0000,0.0000,20.4181,0.6064,0.0000,0.0000,0.0000,0.0000,0.0000,0.0000,0.0000,-131.723,-109.750,18.666,2.699,10.103,0.324828,0.114288,0.460302,-0.009247,0.040779,0.023877,0.045172
1098,903.00,0.000,-12.491,9.1379,3.3706,50.6038,0.5436,1.3141,2.2380,0.0000,14.3805,0.0000,9.9034,0.0000,0.0000,20.4090,0.6076,0.0000,0.0000,0.0000,0.0000,0.0000,0.0000,0.0000,-132.260,-110.216,18.743,2.711,10.147,0.322989,0.114348,0.462192,-0.009530,0.040951,0.023772,0.045278
1099,902.00,0.000,-12.509,9.1801,3.3714,50.5969,0.5415,1.3075,2.2396,0.0000,14.4356,0.0000,9.8702,0.0000,0.0000,20.3997,0.6089,0.0000,0.0000,0.0000,0.0000,0.0000,0.0000,0.0000,-132.794,-110.678,18.819,2.723,10.190,0.321145,0.114418,0.464081,-0.009812,0.041119,0.023667,0.045382
1100,901.00,0.000,-12.527,9.2222,3.3722,50.5901,0.5394,1.3010,2.2412,0.0000,14.4907,0.0000,9.8373,0.0000,0.0000,20.3902,0.6101,0.0000,0.0000,0.0000,0.0000,0.0000,0.0000,0.0000,-133.323,-111.138,18.895,2.735,10.233,0.319295,0.114498,0.465967,-0.010092,0.041285,0.023562,0.045485
1101,900.00,0.000,-12.545,9.2639,3.3730,50.5834,0.5373,1.2944,2.2426,0.0000,14.5458,0.0000,9.8046,0.0000,0.0000,20.3806,0.6113,0.0000,0.0000,0.0000,0.0000,0.0000,0.0000,0.0000,-133.849,-111.594,18.970,2.747,10.276,0.317441,0.114586,0.467851,-0.010370,0.041447,0.023457,0.045587
1102,899.00,0.000,-12.562,9.3055,3.3737,50.5768,0.5351,1.2879,2.2439,0.0000,14.6007,0.0000,9.7722,0.0000,0.0000,20.3708,0.6125,0.0000,0.0000,0.0000,0.0000,0.0000,0.0000,0.0000,-134.370,-112.047,19.044,2.758,10.319,0.315582,0.114684,0.469733,-0.010646,0.041607,0.023352,0.045688
1103,898.00,0.000,-12.580,9.3468,3.3745,50.5703,0.5329,1.2814,2.2452,0.0000,14.6556,0.0000,9.7400,0.0000,0.0000,20.3608,0.6137,0.0000,0.0000,0.0000,0.0000,0.0000,0.0000,0.0000,-134.888,-112.497,19.118,2.770,10.361,0.313719,0.114792,0.471613,-0.010921,0.041764,0.023246,0.045788
1104,897.00,0.000,-12.598,9.3878,3.3753,50.5639,0.5308,1.2749,2.2463,0.0000,14.7103,0.0000,9.7082,0.0000,0.0000,20.3507,0.6149,0.0000,0.0000,0.0000,0.0000,0.0000,0.0000,0.0000,-135.401,-112.945,19.191,2.781,10.403,0.311850,0.114908,0.473490,-0.011194,0.041918,0.023141,0.045886
1105,896.00,0.000,-12.616,9.4287,3.3761,50.5576,0.5286,1.2685,2.2473,0.0000,14.7651,0.0000,9.6765,0.0000,0.0000,20.3404,0.6161,0.0000,0.0000,0.0000,0.0000,0.0000,0.0000,0.0000,-135.911,-113.389,19.264,2.793,10.445,0.309977,0.115033,0.475366,-0.011465,0.042070,0.023035,0.045984
1106,895.00,0.000,-12.634,9.4693,3.3769,50.5514,0.5264,1.2620,2.2483,0.0000,14.8197,0.0000,9.6451,0.0000,0.0000,20.3299,0.6172,0.0000,0.0000,0.0000,0.0000,0.0000,0.0000,0.0000,-136.417,-113.830,19.336,2.804,10.487,0.308100,0.115168,0.477239,-0.011734,0.042218,0.022930,0.046080
1107,894.00,0.000,-12.652,9.5096,3.3776,50.5453,0.5241,1.2556,2.2491,0.0000,14.8743,0.0000,9.6140,0.0000,0.0000,20.3193,0.6183,0.0000,0.0000,0.0000,0.0000,0.0000,0.0000,0.0000,-136.919,-114.268,19.408,2.815,10.528,0.306218,0.115311,0.479110,-0.012001,0.042364,0.022824,0.046174
1108,893.00,0.000,-12.670,9.5498,3.3784,50.5392,0.5219,1.2492,2.2499,0.0000,14.9288,0.0000,9.5831,0.0000,0.0000,20.3086,0.6194,0.0000,0.0000,0.0000,0.0000,0.0000,0.0000,0.0000,-137.418,-114.703,19.479,2.827,10.569,0.304332,0.115463,0.480979,-0.012267,0.042507,0.022718,0.046268
1109,892.00,0.000,-12.688,9.5897,3.3792,50.5333,0.5196,1.2428,2.2505,0.0000,14.9832,0.0000,9.5524,0.0000,0.0000,20.2976,0.6205,0.0000,0.0000,0.0000,0.0000,0.0000,0.0000,0.0000,-137.913,-115.135,19.549,2.838,10.610,0.302441,0.115624,0.482846,-0.012530,0.042647,0.022613,0.046360
1110,891.00,0.000,-12.706,9.6294,3.3800,50.5274,0.5174,1.2364,2.2511,0.0000,15.0375,0.0000,9.5220,0.0000,0.0000,20.2866,0.6216,0.0000,0.0000,0.0000,0.0000,0.0000,0.0000,0.0000,-138.404,-115.564,19.619,2.849,10.650,0.300546,0.115793,0.484711,-0.012792,0.042784,0.022507,0.046451
1111,890.00,0.000,-12.724,9.6688,3.3807,50.5216,0.5151,1.2301,2.2516,0.0000,15.0918,0.0000,9.4919,0.0000,0.0000,20.2754,0.6226,0.0000,0.0000,0.0000,0.0000,0.0000,0.0000,0.0000,-138.891,-115.991,19.689,2.860,10.691,0.298646,0.115972,0.486574,-0.013052,0.042918,0.022402,0.046541
1112,889.00,0.000,-12.742,9.7080,3.3815,50.5159,0.5128,1.2237,2.2519,0.0000,15.1460,0.0000,9.4620,0.0000,0.0000,20.2640,0.6237,0.0000,0.0000,0.0000,0.0000,0.0000,0.0000,0.0000,-139.375,-116.414,19.757,2.871,10.731,0.296742,0.116158,0.488434,-0.013310,0.043050,0.022296,0.046629
1113,888.00,0.000,-12.760,9.7471,3.3822,50.5103,0.5105,1.2174,2.2522,0.0000,15.2001,0.0000,9.4323,0.0000,0.0000,20.2525,0.6247,0.0000,0.0000,0.0000,0.0000,0.0000,0.0000,0.0000,-139.856,-116.835,19.826,2.882,10.770,0.294833,0.116354,0.490293,-0.013565,0.043179,0.022191,0.046716
1114,887.00,0.000,-12.778,9.7859,3.3830,50.5047,0.5082,1.2111,2.2524,0.0000,15.2542,0.0000,9.4028,0.0000,0.0000,20.2409,0.6257,0.0000,0.0000,0.0000,0.0000,0.0000,0.0000,0.0000,-140.333,-117.253,19.894,2.893,10.810,0.292920,0.116557,0.492150,-0.013819,0.043305,0.022085,0.046802
1115,886.00,0.000,-12.796,9.8245,3.3838,50.4993,0.5058,1.2049,2.2525,0.0000,15.3082,0.0000,9.3736,0.0000,0.0000,20.2291,0.6267,0.0000,0.0000,0.0000,0.0000,0.0000,0.0000,0.0000,-140.806,-117.668,19.961,2.903,10.849,0.291003,0.116770,0.494005,-0.014071,0.043428,0.021980,0.046886
1116,885.00,0.000,-12.814,9.8628,3.3845,50.4939,0.5035,1.1986,2.2525,0.0000,15.3621,0.0000,9.3446,0.0000,0.0000,20.2171,0.6277,0.0000,0.0000,0.0000,0.0000,0.0000,0.0000,0.0000,-141.276,-118.081,20.028,2.914,10.888,0.289081,0.116990,0.495858,-0.014321,0.043548,0.021875,0.046970
1117,884.00,0.000,-12.833,9.9010,3.3853,50.4886,0.5011,1.1924,2.2525,0.0000,15.4160,0.0000,9.3158,0.0000,0.0000,20.2050,0.6286,0.0000,0.0000,0.0000,0.0000,0.0000,0.0000,0.0000,-141.743,-118.491,20.094,2.925,10.927,0.287154,0.117219,0.497709,-0.014569,0.043666,0.021770,0.047052
1118,883.00,0.000,-12.851,9.9390,3.3860,50.4833,0.4988,1.1862,2.2523,0.0000,15.4698,0.0000,9.2873,0.0000,0.0000,20.1928,0.6295,0.0000,0.0000,0.0000,0.0000,0.0000,0.0000,0.0000,-142.206,-118.898,20.160,2.935,10.965,0.285223,0.117456,0.499558,-0.014815,0.043781,0.021665,0.047132
1119,882.00,0.000,-12.869,9.9767,3.3868,50.4782,0.4964,1.1800,2.2521,0.0000,15.5235,0.0000,9.2590,0.0000,0.0000,20.1805,0.6305,0.0000,0.0000,0.0000,0.0000,0.0000,0.0000,0.0000,-142.666,-119.303,20.225,2.946,11.003,0.283287,0.117701,0.501406,-0.015059,0.043893,0.021560,0.047211
1120,881.00,0.000,-12.887,10.0143,3.3875,50.4731,0.4940,1.1738,2.2517,0.0000,15.5772,0.0000,9.2308,0.0000,0.0000,20.1680,0.6314,0.0000,0.0000,0.0000,0.0000,0.0000,0.0000,0.0000,-143.122,-119.705,20.290,2.956,11.041,0.281347,0.117954,0.503252,-0.015300,0.044003,0.021455,0.047289
1121,880.00,0.000,-12.906,10.0516,3.3883,50.4680,0.4916,1.1677,2.2513,0.0000,15.6308,0.0000,9.2030,0.0000,0.0000,20.1553,0.6322,0.0000,0.0000,0.0000,0.0000,0.0000,0.0000,0.0000,-143.576,-120.104,20.354,2.967,11.079,0.279401,0.118216,0.505097,-0.015540,0.044109,0.021351,0.047366
1122,879.00,0.000,-12.924,10.0887,3.3890,50.4630,0.4892,1.1616,2.2508,0.0000,15.6844,0.0000,9.1753,0.0000,0.0000,20.1426,0.6331,0.0000,0.0000,0.0000,0.0000,0.0000,0.0000,0.0000,-144.026,-120.501,20.418,2.977,11.117,0.277451,0.118485,0.506940,-0.015778,0.044214,0.021247,0.047441
1123,878.00,0.000,-12.943,10.1257,3.3897,50.4581,0.4868,1.1555,2.2502,0.0000,15.7380,0.0000,9.1478,0.0000,0.0000,20.1297,0.6340,0.0000,0.0000,0.0000,0.0000,0.0000,0.0000,0.0000,-144.473,-120.895,20.482,2.987,11.154,0.275497,0.118762,0.508782,-0.016013,0.044315,0.021143,0.047515
1124,877.00,0.000,-12.961,10.1625,3.3905,50.4533,0.4844,1.1494,2.2496,0.0000,15.7914,0.0000,9.1205,0.0000,0.0000,20.1166,0.6348,0.0000,0.0000,0.0000,0.0000,0.0000,0.0000,0.0000,-144.916,-121.287,20.545,2.997,11.191,0.273537,0.119048,0.510622,-0.016247,0.044414,0.021039,0.047588
1125,876.00,0.000,-12.980,10.1990,3.3912,50.4485,0.4819,1.1434,2.2488,0.0000,15.8449,0.0000,9.0935,0.0000,0.0000,20.1035,0.6356,0.0000,0.0000,0.0000,0.0000,0.0000,0.0000,0.0000,-145.357,-121.677,20.607,3.007,11.228,0.271572,0.119341,0.512461,-0.016478,0.044510,0.020935,0.047659
1126,875.00,0.000,-12.998,10.2354,3.3919,50.4437,0.4795,1.1374,2.2480,0.0000,15.8983,0.0000,9.0666,0.0000,0.0000,20.0902,0.6364,0.0000,0.0000,0.0000,0.0000,0.0000,0.0000,0.0000,-145.795,-122.064,20.669,3.018,11.265,0.269602,0.119642,0.514300,-0.016708,0.044604,0.020832,0.047729
1127,874.00,0.000,-13.017,10.2716,3.3927,50.4391,0.4770,1.1314,2.2471,0.0000,15.9516,0.0000,9.0399,0.0000,0.0000,20.0767,0.6372,0.0000,0.0000,0.0000,0.0000,0.0000,0.0000,0.0000,-146.229,-122.448,20.731,3.028,11.301,0.267627,0.119951,0.516137,-0.016935,0.044695,0.020728,0.047798
1128,873.00,0.000,-13.035,10.3076,3.3934,50.4344,0.4746,1.1254,2.2461,0.0000,16.0049,0.0000,9.0135,0.0000,0.0000,20.0631,0.6379,0.0000,0.0000,0.0000,0.0000,0.0000,0.0000,0.0000,-146.661,-122.831,20.792,3.038,11.337,0.265646,0.120268,0.517973,-0.017160,0.044783,0.020626,0.047865
1129,872.00,0.000,-13.054,10.3434,3.3941,50.4298,0.4721,1.1195,2.2450,0.0000,16.0582,0.0000,8.9872,0.0000,0.0000,20.0494,0.6387,0.0000,0.0000,0.0000,0.0000,0.0000,0.0000,0.0000,-147.090,-123.211,20.852,3.047,11.373,0.263660,0.120592,0.519808,-0.017383,0.044869,0.020523,0.047931
1130,871.00,0.000,-13.073,10.3791,3.3949,50.4253,0.4697,1.1136,2.2439,0.0000,16.1114,0.0000,8.9611,0.0000,0.0000,20.0356,0.6394,0.0000,0.0000,0.0000,0.0000,0.0000,0.0000,0.0000,-147.515,-123.588,20.913,3.057,11.409,0.261669,0.120924,0.521643,-0.017604,0.044952,0.020421,0.047995
1131,870.00,0.000,-13.091,10.4146,3.3956,50.4208,0.4672,1.1077,2.2427,0.0000,16.1647,0.0000,8.9352,0.0000,0.0000,20.0216,0.6401,0.0000,0.0000,0.0000,0.0000,0.0000,0.0000,0.0000,-147.938,-123.964,20.972,3.067,11.445,0.259672,0.121264,0.523477,-0.017823,0.045033,0.020319,0.048058
1132,869.00,0.000,-13.110,10.4499,3.3963,50.4164,0.4647,1.1018,2.2414,0.0000,16.2179,0.0000,8.9094,0.0000,0.0000,20.0076,0.6408,0.0000,0.0000,0.0000,0.0000,0.0000,0.0000,0.0000,-148.358,-124.337,21.032,3.077,11.480,0.257670,0.121612,0.525310,-0.018040,0.045111,0.020217,0.048120
1133,868.00,0.000,-13.129,10.4850,3.3970,50.4120,0.4622,1.0960,2.2401,0.0000,16.2710,0.0000,8.8839,0.0000,0.0000,19.9933,0.6415,0.0000,0.0000,0.0000,0.0000,0.0000,0.0000,0.0000,-148.775,-124.708,21.091,3.087,11.515,0.255661,0.121967,0.527143,-0.018255,0.045187,0.020116,0.048181
1134,867.00,0.000,-13.148,10.5266,3.3976,50.4071,0.4617,1.0911,2.2445,0.0000,16.3041,0.0000,8.8562,0.0000,0.0000,19.9910,0.6443,0.0000,0.0000,0.0000,0.0000,0.0000,0.0000,0.0000,-149.298,-125.169,21.163,3.098,11.557,0.254705,0.121697,0.528310,-0.018555,0.045463,0.019980,0.048401
1135,866.00,0.000,-13.166,10.5728,3.3982,50.4021,0.4627,1.0869,2.2534,0.0000,16.3212,0.0000,8.8272,0.0000,0.0000,19.9977,0.6488,0.0000,0.0000,0.0000,0.0000,0.0000,0.0000,0.0000,-149.896,-125.697,21.243,3.111,11.605,0.254578,0.120946,0.528942,-0.018924,0.045895,0.019817,0.048746
1136,865.00,0.000,-13.185,10.6183,3.3986,50.3974,0.4637,1.0826,2.2622,0.0000,16.3378,0.0000,8.7989,0.0000,0.0000,20.0042,0.6533,0.0000,0.0000,0.0000,0.0000,0.0000,0.0000,0.0000,-150.484,-126.215,21.322,3.124,11.652,0.254450,0.120213,0.529560,-0.019291,0.046323,0.019654,0.049091
1137,864.00,0.000,-13.204,10.6629,3.3991,50.3929,0.4647,1.0784,2.2708,0.0000,16.3542,0.0000,8.7711,0.0000,0.0000,20.0102,0.6577,0.0000,0.0000,0.0000,0.0000,0.0000,0.0000,0.0000,-151.060,-126.725,21.400,3.137,11.697,0.254321,0.119498,0.530164,-0.019657,0.046749,0.019490,0.049435
1138,863.00,0.000,-13.223,10.7069,3.3996,50.3886,0.4656,1.0742,2.2793,0.0000,16.3701,0.0000,8.7440,0.0000,0.0000,20.0160,0.6622,0.0000,0.0000,0.0000,0.0000,0.0000,0.0000,0.0000,-151.627,-127.227,21.476,3.149,11.742,0.254193,0.118799,0.530756,-0.020022,0.047171,0.019326,0.049778
1139,862.00,0.000,-13.242,10.7500,3.4001,50.3846,0.4665,1.0700,2.2877,0.0000,16.3857,0.0000,8.7174,0.0000,0.0000,20.0215,0.6667,0.0000,0.0000,0.0000,0.0000,0.0000,0.0000,0.0000,-152.183,-127.720,21.550,3.162,11.787,0.254065,0.118116,0.531333,-0.020386,0.047589,0.019161,0.050121
1140,861.00,0.000,-13.261,10.7925,3.4006,50.3808,0.4673,1.0658,2.2960,0.0000,16.4009,0.0000,8.6915,0.0000,0.0000,20.0266,0.6712,0.0000,0.0000,0.0000,0.0000,0.0000,0.0000,0.0000,-152.729,-128.205,21.623,3.174,11.830,0.253938,0.117448,0.531898,-0.020748,0.048005,0.018996,0.050463
1141,860.00,0.000,-13.280,10.8342,3.4010,50.3772,0.4681,1.0616,2.3041,0.0000,16.4158,0.0000,8.6660,0.0000,0.0000,20.0315,0.6756,0.0000,0.0000,0.0000,0.0000,0.0000,0.0000,0.0000,-153.266,-128.682,21.695,3.186,11.873,0.253813,0.116795,0.532448,-0.021110,0.048417,0.018830,0.050805
1142,859.00,0.000,-13.299,10.8753,3.4015,50.3738,0.4689,1.0574,2.3122,0.0000,16.4303,0.0000,8.6411,0.0000,0.0000,20.0362,0.6801,0.0000,0.0000,0.0000,0.0000,0.0000,0.0000,0.0000,-153.793,-129.152,21.765,3.197,11.915,0.253690,0.116156,0.532986,-0.021470,0.048827,0.018664,0.051146
1143,858.00,0.000,-13.318,10.9157,3.4019,50.3707,0.4697,1.0532,2.3202,0.0000,16.4444,0.0000,8.6167,0.0000,0.0000,20.0406,0.6845,0.0000,0.0000,0.0000,0.0000,0.0000,0.0000,0.0000,-154.311,-129.614,21.834,3.209,11.956,0.253570,0.115530,0.533510,-0.021830,0.049234,0.018498,0.051487
1144,857.00,0.000,-13.337,10.9554,3.4023,50.3678,0.4704,1.0491,2.3280,0.0000,16.4582,0.0000,8.5929,0.0000,0.0000,20.0447,0.6890,0.0000,0.0000,0.0000,0.0000,0.0000,0.0000,0.0000,-154.819,-130.068,21.901,3.220,11.997,0.253452,0.114917,0.534021,-0.022188,0.049638,0.018332,0.051828
1145,856.00,0.000,-13.356,10.9945,3.4028,50.3650,0.4711,1.0449,2.3358,0.0000,16.4716,0.0000,8.5695,0.0000,0.0000,20.0486,0.6934,0.0000,0.0000,0.0000,0.0000,0.0000,0.0000,0.0000,-155.319,-130.516,21.967,3.231,12.036,0.253338,0.114316,0.534519,-0.022545,0.050039,0.018165,0.052168
1146,855.00,0.000,-13.376,11.0329,3.4032,50.3625,0.4718,1.0408,2.3435,0.0000,16.4847,0.0000,8.5466,0.0000,0.0000,20.0524,0.6978,0.0000,0.0000,0.0000,0.0000,0.0000,0.0000,0.0000,-155.810,-130.956,22.031,3.242,12.076,0.253226,0.113727,0.535004,-0.022901,0.050438,0.017998,0.052508
1147,854.00,0.000,-13.395,11.0707,3.4036,50.3601,0.4724,1.0367,2.3510,0.0000,16.4974,0.0000,8.5241,0.0000,0.0000,20.0559,0.7023,0.0000,0.0000,0.0000,0.0000,0.0000,0.0000,0.0000,-156.293,-131.389,22.094,3.253,12.114,0.253119,0.113149,0.535476,-0.023256,0.050835,0.017831,0.052847
1148,853.00,0.000,-13.414,11.1079,3.4040,50.3580,0.4731,1.0326,2.3586,0.0000,16.5097,0.0000,8.5022,0.0000,0.0000,20.0592,0.7067,0.0000,0.0000,0.0000,0.0000,0.0000,0.0000,0.0000,-156.767,-131.816,22.156,3.263,12.152,0.253015,0.112582,0.535935,-0.023610,0.051228,0.017664,0.053187
1149,852.00,0.000,-13.433,11.1445,3.4044,50.3560,0.4737,1.0285,2.3660,0.0000,16.5218,0.0000,8.4806,0.0000,0.0000,20.0623,0.7111,0.0000,0.0000,0.0000,0.0000,0.0000,0.0000,0.0000,-157.233,-132.236,22.217,3.274,12.189,0.252915,0.112025,0.536382,-0.023963,0.051620,0.017496,0.053526
1150,851.00,0.000,-13.453,11.1806,3.4048,50.3542,0.4743,1.0245,2.3733,0.0000,16.5334,0.0000,8.4595,0.0000,0.0000,20.0652,0.7156,0.0000,0.0000,0.0000,0.0000,0.0000,0.0000,0.0000,-157.691,-132.649,22.277,3.284,12.226,0.252819,0.111478,0.536816,-0.024315,0.052009,0.017329,0.053864
1151,850.00,0.000,-13.472,11.2160,3.4052,50.3525,0.4748,1.0204,2.3806,0.0000,16.5448,0.0000,8.4388,0.0000,0.0000,20.0680,0.7200,0.0000,0.0000,0.0000,0.0000,0.0000,0.0000,0.0000,-158.142,-133.056,22.335,3.294,12.262,0.252728,0.110941,0.537238,-0.024666,0.052396,0.017161,0.054203
1152,849.00,0.000,-13.491,11.2509,3.4056,50.3510,0.4754,1.0164,2.3878,0.0000,16.5558,0.0000,8.4186,0.0000,0.0000,20.0706,0.7244,0.0000,0.0000,0.0000,0.0000,0.0000,0.0000,0.0000,-158.585,-133.457,22.392,3.304,12.297,0.252641,0.110412,0.537648,-0.025017,0.052781,0.016994,0.054541
1153,848.00,0.000,-13.511,11.2852,3.4060,50.3497,0.4759,1.0124,2.3949,0.0000,16.5664,0.0000,8.3987,0.0000,0.0000,20.0731,0.7288,0.0000,0.0000,0.0000,0.0000,0.0000,0.0000,0.0000,-159.020,-133.852,22.448,3.313,12.332,0.252558,0.109893,0.538045,-0.025366,0.053163,0.016826,0.054880
1154,847.00,0.000,-13.530,11.3190,3.4064,50.3485,0.4764,1.0085,2.4020,0.0000,16.5768,0.0000,8.3792,0.0000,0.0000,20.0754,0.7333,0.0000,0.0000,0.0000,0.0000,0.0000,0.0000,0.0000,-159.448,-134.241,22.503,3.323,12.366,0.252481,0.109382,0.538431,-0.025714,0.053544,0.016659,0.055218
1155,846.00,0.000,-13.550,11.3523,3.4067,50.3475,0.4769,1.0045,2.4090,0.0000,16.5868,0.0000,8.3601,0.0000,0.0000,20.0775,0.7377,0.0000,0.0000,0.0000,0.0000,0.0000,0.0000,0.0000,-159.868,-134.624,22.557,3.332,12.400,0.252408,0.108880,0.538805,-0.026062,0.053923,0.016491,0.055556
1156,845.00,0.000,-13.569,11.3850,3.4071,50.3466,0.4774,1.0006,2.4160,0.0000,16.5965,0.0000,8.3414,0.0000,0.0000,20.0795,0.7421,0.0000,0.0000,0.0000,0.0000,0.0000,0.0000,0.0000,-160.282,-135.001,22.610,3.342,12.433,0.252340,0.108385,0.539167,-0.026409,0.054300,0.016324,0.055894
1157,844.00,0.000,-13.589,11.4172,3.4074,50.3459,0.4778,0.9966,2.4229,0.0000,16.6059,0.0000,8.3230,0.0000,0.0000,20.0814,0.7465,0.0000,0.0000,0.0000,0.0000,0.0000,0.0000,0.0000,-160.689,-135.373,22.661,3.351,12.465,0.252276,0.107898,0.539518,-0.026755,0.054675,0.016156,0.056232
1158,843.00,0.000,-13.608,11.4490,3.4078,50.3453,0.4783,0.9928,2.4297,0.0000,16.6149,0.0000,8.3050,0.0000,0.0000,20.0831,0.7510,0.0000,0.0000,0.0000,0.0000,0.0000,0.0000,0.0000,-161.089,-135.739,22.712,3.360,12.497,0.252218,0.107418,0.539857,-0.027100,0.055048,0.015989,0.056570
1159,842.00,0.000,-13.628,11.4802,3.4082,50.3448,0.4787,0.9889,2.4365,0.0000,16.6237,0.0000,8.2873,0.0000,0.0000,20.0847,0.7554,0.0000,0.0000,0.0000,0.0000,0.0000,0.0000,0.0000,-161.483,-136.100,22.761,3.368,12.529,0.252165,0.106945,0.540185,-0.027444,0.055420,0.015822,0.056908
1160,841.00,0.000,-13.648,11.5110,3.4085,50.3445,0.4791,0.9850,2.4432,0.0000,16.6321,0.0000,8.2699,0.0000,0.0000,20.0862,0.7598,0.0000,0.0000,0.0000,0.0000,0.0000,0.0000,0.0000,-161.870,-136.456,22.810,3.377,12.560,0.252116,0.106479,0.540502,-0.027788,0.055790,0.015655,0.057246
1161,840.00,0.000,-13.668,11.5413,3.4088,50.3443,0.4795,0.9812,2.4500,0.0000,16.6403,0.0000,8.2529,0.0000,0.0000,20.0876,0.7642,0.0000,0.0000,0.0000,0.0000,0.0000,0.0000,0.0000,-162.251,-136.807,22.858,3.386,12.590,0.252073,0.106019,0.540808,-0.028131,0.056158,0.015488,0.057584
1162,839.00,0.000,-13.687,11.5711,3.4092,50.3442,0.4799,0.9774,2.4566,0.0000,16.6481,0.0000,8.2362,0.0000,0.0000,20.0889,0.7687,0.0000,0.0000,0.0000,0.0000,0.0000,0.0000,0.0000,-162.625,-137.152,22.904,3.394,12.620,0.252035,0.105566,0.541104,-0.028473,0.056525,0.015321,0.057922
1163,838.00,0.000,-13.707,11.6005,3.4095,50.3442,0.4803,0.9736,2.4632,0.0000,16.6557,0.0000,8.2198,0.0000,0.0000,20.0900,0.7731,0.0000,0.0000,0.0000,0.0000,0.0000,0.0000,0.0000,-162.994,-137.493,22.950,3.402,12.650,0.252001,0.105119,0.541389,-0.028815,0.056890,0.015154,0.058261
1164,837.00,0.000,-13.727,11.6295,3.4098,50.3444,0.4806,0.9699,2.4698,0.0000,16.6630,0.0000,8.2037,0.0000,0.0000,20.0911,0.7775,0.0000,0.0000,0.0000,0.0000,0.0000,0.0000,0.0000,-163.356,-137.829,22.995,3.411,12.679,0.251973,0.104678,0.541663,-0.029155,0.057255,0.014988,0.058599
1165,836.00,0.000,-13.747,11.6580,3.4101,50.3446,0.4810,0.9661,2.4764,0.0000,16.6700,0.0000,8.1879,0.0000,0.0000,20.0920,0.7820,0.0000,0.0000,0.0000,0.0000,0.0000,0.0000,0.0000,-163.713,-138.160,23.039,3.419,12.707,0.251950,0.104242,0.541927,-0.029496,0.057617,0.014822,0.058938
1166,835.00,0.000,-13.767,11.6861,3.4105,50.3450,0.4813,0.9624,2.4829,0.0000,16.6767,0.0000,8.1724,0.0000,0.0000,20.0929,0.7864,0.0000,0.0000,0.0000,0.0000,0.0000,0.0000,0.0000,-164.064,-138.486,23.082,3.427,12.736,0.251932,0.103812,0.542181,-0.029835,0.057979,0.014656,0.059277
1167,834.00,0.000,-13.787,11.7137,3.4108,50.3455,0.4817,0.9588,2.4894,0.0000,16.6831,0.0000,8.1571,0.0000,0.0000,20.0937,0.7909,0.0000,0.0000,0.0000,0.0000,0.0000,0.0000,0.0000,-164.410,-138.808,23.124,3.434,12.763,0.251918,0.103387,0.542425,-0.030175,0.058339,0.014490,0.059616
1168,833.00,0.000,-13.806,11.7410,3.4111,50.3460,0.4820,0.9551,2.4958,0.0000,16.6892,0.0000,8.1422,0.0000,0.0000,20.0943,0.7953,0.0000,0.0000,0.0000,0.0000,0.0000,0.0000,0.0000,-164.750,-139.125,23.165,3.442,12.790,0.251910,0.102967,0.542659,-0.030513,0.058698,0.014325,0.059955
1169,832.00,0.000,-13.826,11.7679,3.4114,50.3467,0.4823,0.9515,2.5023,0.0000,16.6951,0.0000,8.1275,0.0000,0.0000,20.0949,0.7998,0.0000,0.0000,0.0000,0.0000,0.0000,0.0000,0.0000,-165.084,-139.439,23.206,3.450,12.817,0.251907,0.102553,0.542883,-0.030851,0.059055,0.014160,0.060294
1170,831.00,0.000,-13.846,11.7943,3.4117,50.3475,0.4826,0.9479,2.5087,0.0000,16.7007,0.0000,8.1131,0.0000,0.0000,20.0954,0.8042,0.0000,0.0000,0.0000,0.0000,0.0000,0.0000,0.0000,-165.414,-139.747,23.245,3.457,12.844,0.251908,0.102143,0.543097,-0.031189,0.059412,0.013995,0.060634
1171,830.00,0.000,-13.867,11.8204,3.4120,50.3483,0.4829,0.9443,2.5151,0.0000,16.7060,0.0000,8.0989,0.0000,0.0000,20.0958,0.8087,0.0000,0.0000,0.0000,0.0000,0.0000,0.0000,0.0000,-165.738,-140.052,23.284,3.464,12.870,0.251915,0.101737,0.543302,-0.031526,0.059768,0.013830,0.060974
1172,829.00,0.000,-13.887,11.8461,3.4123,50.3493,0.4832,0.9407,2.5214,0.0000,16.7111,0.0000,8.0849,0.0000,0.0000,20.0962,0.8132,0.0000,0.0000,0.0000,0.0000,0.0000,0.0000,0.0000,-166.057,-140.352,23.322,3.472,12.895,0.251926,0.101336,0.543497,-0.031862,0.060122,0.013666,0.061314
1173,828.00,0.000,-13.907,11.8714,3.4125,50.3503,0.4834,0.9372,2.5278,0.0000,16.7160,0.0000,8.0713,0.0000,0.0000,20.0964,0.8176,0.0000,0.0000,0.0000,0.0000,0.0000,0.0000,0.0000,-166.371,-140.649,23.359,3.479,12.920,0.251942,0.100940,0.543684,-0.032198,0.060476,0.013502,0.061655
1174,827.00,0.000,-13.927,11.8964,3.4128,50.3515,0.4837,0.9337,2.5341,0.0000,16.7205,0.0000,8.0578,0.0000,0.0000,20.0966,0.8221,0.0000,0.0000,0.0000,0.0000,0.0000,0.0000,0.0000,-166.680,-140.941,23.396,3.486,12.945,0.251963,0.100547,0.543861,-0.032534,0.060829,0.013339,0.061995
1175,826.00,0.000,-13.947,11.9210,3.4131,50.3527,0.4840,0.9302,2.5404,0.0000,16.7248,0.0000,8.0446,0.0000,0.0000,20.0967,0.8266,0.0000,0.0000,0.0000,0.0000,0.0000,0.0000,0.0000,-166.985,-141.230,23.432,3.493,12.970,0.251989,0.100159,0.544029,-0.032870,0.061181,0.013175,0.062337
1176,825.00,0.000,-13.967,11.9453,3.4134,50.3540,0.4842,0.9268,2.5467,0.0000,16.7289,0.0000,8.0316,0.0000,0.0000,20.0968,0.8311,0.0000,0.0000,0.0000,0.0000,0.0000,0.0000,0.0000,-167.285,-141.515,23.467,3.500,12.994,0.252019,0.099775,0.544188,-0.033205,0.061532,0.013012,0.062678
1177,824.00,0.000,-13.988,11.9692,3.4136,50.3553,0.4844,0.9233,2.5530,0.0000,16.7327,0.0000,8.0188,0.0000,0.0000,20.0967,0.8356,0.0000,0.0000,0.0000,0.0000,0.0000,0.0000,0.0000,-167.580,-141.796,23.501,3.506,13.017,0.252054,0.099394,0.544339,-0.033539,0.061882,0.012850,0.063020
1178,823.00,0.000,-14.008,11.9863,3.4138,50.3574,0.4846,0.9208,2.5566,0.0000,16.7333,0.0000,8.0100,0.0000,0.0000,20.0983,0.8390,0.0000,0.0000,0.0000,0.0000,0.0000,0.0000,0.0000,-167.788,-142.004,23.522,3.511,13.034,0.252234,0.099050,0.544370,-0.033774,0.062128,0.012712,0.063280
1179,822.00,0.000,-14.028,11.9826,3.4138,50.3613,0.4846,0.9213,2.5518,0.0000,16.7242,0.0000,8.0128,0.0000,0.0000,20.1049,0.8390,0.0000,0.0000,0.0000,0.0000,0.0000,0.0000,0.0000,-167.730,-141.990,23.503,3.510,13.029,0.252856,0.098811,0.544050,-0.033693,0.062044,0.012652,0.063280
1180,821.00,0.000,-14.049,11.9787,3.4138,50.3654,0.4846,0.9218,2.5468,0.0000,16.7147,0.0000,8.0158,0.0000,0.0000,20.1118,0.8391,0.0000,0.0000,0.0000,0.0000,0.0000,0.0000,0.0000,-167.670,-141.975,23.483,3.509,13.023,0.253507,0.098562,0.543713,-0.033608,0.061957,0.012589,0.063279
1181,820.00,0.000,-14.069,11.9767,3.4139,50.3670,0.4848,0.9221,2.5448,0.0000,16.7094,0.0000,8.0174,0.0000,0.0000,20.1154,0.8391,0.0000,0.0000,0.0000,0.0000,0.0000,0.0000,0.0000,-167.627,-141.973,23.468,3.508,13.020,0.253836,0.098436,0.543531,-0.033565,0.061926,0.012558,0.063278
1182,819.00,0.000,-14.090,11.9713,3.4138,50.3732,0.4846,0.9229,2.5372,0.0000,16.6960,0.0000,8.0217,0.0000,0.0000,20.1253,0.8391,0.0000,0.0000,0.0000,0.0000,0.0000,0.0000,0.0000,-167.552,-141.947,23.445,3.507,13.013,0.254770,0.098080,0.543056,-0.033442,0.061791,0.012467,0.063278
1183,818.00,0.000,-14.110,11.9708,3.4139,50.3730,0.4849,0.9229,2.5374,0.0000,16.6946,0.0000,8.0220,0.0000,0.0000,20.1261,0.8391,0.0000,0.0000,0.0000,0.0000,0.0000,0.0000,0.0000,-167.524,-141.956,23.432,3.506,13.011,0.254835,0.098053,0.543008,-0.033437,0.061800,0.012463,0.063276
1184,817.00,0.000,-14.131,11.9668,3.4139,50.3771,0.4850,0.9234,2.5324,0.0000,16.6845,0.0000,8.0253,0.0000,0.0000,20.1332,0.8391,0.0000,0.0000,0.0000,0.0000,0.0000,0.0000,0.0000,-167.462,-141.939,23.412,3.505,13.005,0.255510,0.097797,0.542652,-0.033347,0.061714,0.012398,0.063275
1185,816.00,0.000,-14.151,11.9628,3.4139,50.3812,0.4850,0.9240,2.5273,0.0000,16.6745,0.0000,8.0284,0.0000,0.0000,20.1404,0.8392,0.0000,0.0000,0.0000,0.0000,0.0000,0.0000,0.0000,-167.401,-141.923,23.392,3.504,13.000,0.256180,0.097542,0.542302,-0.033258,0.061627,0.012334,0.063274
1186,815.00,0.000,-14.172,11.9596,3.4139,50.3844,0.4851,0.9244,2.5233,0.0000,16.6664,0.0000,8.0310,0.0000,0.0000,20.1462,0.8392,0.0000,0.0000,0.0000,0.0000,0.0000,0.0000,0.0000,-167.347,-141.913,23.374,3.503,12.995,0.256722,0.097334,0.542016,-0.033187,0.061559,0.012282,0.063273
1187,814.00,0.000,-14.193,11.9564,3.4139,50.3876,0.4852,0.9248,2.5194,0.0000,16.6583,0.0000,8.0335,0.0000,0.0000,20.1519,0.8392,0.0000,0.0000,0.0000,0.0000,0.0000,0.0000,0.0000,-167.293,-141.902,23.356,3.502,12.990,0.257259,0.097129,0.541733,-0.033118,0.061493,0.012231,0.063273
1188,813.00,0.000,-14.213,11.9532,3.4139,50.3908,0.4852,0.9253,2.5155,0.0000,16.6503,0.0000,8.0360,0.0000,0.0000,20.1576,0.8392,0.0000,0.0000,0.0000,0.0000,0.0000,0.0000,0.0000,-167.240,-141.892,23.337,3.501,12.986,0.257795,0.096924,0.541450,-0.033048,0.061427,0.012180,0.063272
1189,812.00,0.000,-14.234,11.9500,3.4139,50.3940,0.4853,0.9257,2.5116,0.0000,16.6422,0.0000,8.0385,0.0000,0.0000,20.1633,0.8393,0.0000,0.0000,0.0000,0.0000,0.0000,0.0000,0.0000,-167.187,-141.882,23.319,3.500,12.981,0.258330,0.096720,0.541167,-0.032978,0.061361,0.012129,0.063271
1190,811.00,0.000,-14.255,11.9469,3.4139,50.3971,0.4854,0.9261,2.5078,0.0000,16.6342,0.0000,8.0411,0.0000,0.0000,20.1690,0.8393,0.0000,0.0000,0.0000,0.0000,0.0000,0.0000,0.0000,-167.133,-141.872,23.301,3.499,12.976,0.258864,0.096516,0.540884,-0.032909,0.061295,0.012079,0.063270
1191,810.00,0.000,-14.276,11.9437,3.4139,50.4003,0.4855,0.9266,2.5039,0.0000,16.6261,0.0000,8.0436,0.0000,0.0000,20.1747,0.8393,0.0000,0.0000,0.0000,0.0000,0.0000,0.0000,0.0000,-167.080,-141.862,23.283,3.499,12.972,0.259397,0.096313,0.540602,-0.032840,0.061230,0.012029,0.063269
1192,809.00,0.000,-14.297,11.9406,3.4139,50.4034,0.4856,0.9270,2.5001,0.0000,16.6181,0.0000,8.0461,0.0000,0.0000,20.1804,0.8393,0.0000,0.0000,0.0000,0.0000,0.0000,0.0000,0.0000,-167.027,-141.852,23.265,3.498,12.967,0.259928,0.096111,0.540320,-0.032771,0.061165,0.011979,0.063268
1193,808.00,0.000,-14.317,11.9375,3.4139,50.4065,0.4857,0.9274,2.4963,0.0000,16.6101,0.0000,8.0486,0.0000,0.0000,20.1860,0.8393,0.0000,0.0000,0.0000,0.0000,0.0000,0.0000,0.0000,-166.975,-141.842,23.247,3.497,12.962,0.260458,0.095909,0.540039,-0.032702,0.061101,0.011929,0.063267
1194,807.00,0.000,-14.338,11.9343,3.4139,50.4096,0.4858,0.9278,2.4925,0.0000,16.6021,0.0000,8.0512,0.0000,0.0000,20.1917,0.8393,0.0000,0.0000,0.0000,0.0000,0.0000,0.0000,0.0000,-166.922,-141.832,23.228,3.496,12.958,0.260986,0.095707,0.539758,-0.032633,0.061037,0.011879,0.063266
1195,806.00,0.000,-14.359,11.9312,3.4140,50.4127,0.4859,0.9283,2.4887,0.0000,16.5941,0.0000,8.0537,0.0000,0.0000,20.1973,0.8394,0.0000,0.0000,0.0000,0.0000,0.0000,0.0000,0.0000,-166.869,-141.822,23.210,3.495,12.953,0.261514,0.095506,0.539477,-0.032565,0.060973,0.011830,0.063265
1196,805.00,0.000,-14.380,11.9281,3.4140,50.4158,0.4860,0.9287,2.4850,0.0000,16.5861,0.0000,8.0562,0.0000,0.0000,20.2029,0.8394,0.0000,0.0000,0.0000,0.0000,0.0000,0.0000,0.0000,-166.817,-141.812,23.192,3.494,12.948,0.262040,0.095306,0.539197,-0.032497,0.060910,0.011780,0.063264
1197,804.00,0.000,-14.401,11.9250,3.4140,50.4188,0.4861,0.9291,2.4812,0.0000,16.5781,0.0000,8.0587,0.0000,0.0000,20.2085,0.8394,0.0000,0.0000,0.0000,0.0000,0.0000,0.0000,0.0000,-166.765,-141.803,23.174,3.493,12.944,0.262565,0.095106,0.538917,-0.032429,0.060847,0.011731,0.063263
1198,803.00,0.000,-14.422,11.9220,3.4140,50.4219,0.4862,0.9295,2.4775,0.0000,16.5702,0.0000,8.0612,0.0000,0.0000,20.2141,0.8394,0.0000,0.0000,0.0000,0.0000,0.0000,0.0000,0.0000,-166.712,-141.793,23.156,3.492,12.939,0.263088,0.094907,0.538637,-0.032361,0.060785,0.011682,0.063262
1199,802.00,0.000,-14.444,11.9189,3.4140,50.4249,0.4863,0.9300,2.4738,0.0000,16.5622,0.0000,8.0637,0.0000,0.0000,20.2196,0.8394,0.0000,0.0000,0.0000,0.0000,0.0000,0.0000,0.0000,-166.660,-141.783,23.138,3.491,12.935,0.263610,0.094708,0.538358,-0.032293,0.060723,0.011633,0.063261
1200,801.00,0.000,-14.465,11.9158,3.4140,50.4279,0.4864,0.9304,2.4702,0.0000,16.5543,0.0000,8.0662,0.0000,0.0000,20.2252,0.8395,0.0000,0.0000,0.0000,0.0000,0.0000,0.0000,0.0000,-166.608,-141.774,23.120,3.490,12.930,0.264131,0.094510,0.538079,-0.032226,0.060661,0.011585,0.063260
1201,800.00,0.000,-14.486,11.9128,3.4140,50.4309,0.4866,0.9308,2.4665,0.0000,16.5463,0.0000,8.0687,0.0000,0.0000,20.2307,0.8395,0.0000,0.0000,0.0000,0.0000,0.0000,0.0000,0.0000,-166.556,-141.765,23.102,3.489,12.925,0.264650,0.094313,0.537801,-0.032159,0.060599,0.011537,0.063259
1202,799.00,0.000,-14.507,11.9097,3.4140,50.4339,0.4867,0.9312,2.4629,0.0000,16.5384,0.0000,8.0712,0.0000,0.0000,20.2362,0.8395,0.0000,0.0000,0.0000,0.0000,0.0000,0.0000,0.0000,-166.505,-141.755,23.084,3.488,12.921,0.265168,0.094116,0.537523,-0.032092,0.060538,0.011488,0.063258
1203,798.00,0.000,-14.528,11.9067,3.4141,50.4369,0.4868,0.9317,2.4592,0.0000,16.5305,0.0000,8.0737,0.0000,0.0000,20.2417,0.8395,0.0000,0.0000,0.0000,0.0000,0.0000,0.0000,0.0000,-166.453,-141.746,23.066,3.488,12.916,0.265684,0.093920,0.537246,-0.032025,0.060478,0.011440,0.063257
1204,797.00,0.000,-14.550,11.9037,3.4141,50.4398,0.4869,0.9321,2.4556,0.0000,16.5226,0.0000,8.0762,0.0000,0.0000,20.2472,0.8395,0.0000,0.0000,0.0000,0.0000,0.0000,0.0000,0.0000,-166.402,-141.737,23.048,3.487,12.912,0.266199,0.093724,0.536969,-0.031958,0.060418,0.011393,0.063256
1205,796.00,0.000,-14.571,11.9007,3.4141,50.4428,0.4871,0.9325,2.4521,0.0000,16.5147,0.0000,8.0787,0.0000,0.0000,20.2527,0.8395,0.0000,0.0000,0.0000,0.0000,0.0000,0.0000,0.0000,-166.350,-141.728,23.030,3.486,12.907,0.266712,0.093529,0.536693,-0.031892,0.060358,0.011345,0.063255
1206,795.00,0.000,-14.593,11.8977,3.4141,50.4457,0.4872,0.9329,2.4485,0.0000,16.5068,0.0000,8.0812,0.0000,0.0000,20.2581,0.8396,0.0000,0.0000,0.0000,0.0000,0.0000,0.0000,0.0000,-166.299,-141.719,23.012,3.485,12.902,0.267224,0.093335,0.536417,-0.031826,0.060298,0.011298,0.063254
1207,794.00,0.000,-14.614,11.8947,3.4141,50.4486,0.4873,0.9334,2.4449,0.0000,16.4990,0.0000,8.0837,0.0000,0.0000,20.2635,0.8396,0.0000,0.0000,0.0000,0.0000,0.0000,0.0000,0.0000,-166.248,-141.710,22.994,3.484,12.898,0.267735,0.093141,0.536142,-0.031760,0.060239,0.011250,0.063252
1208,793.00,0.000,-14.635,11.8917,3.4141,50.4515,0.4875,0.9338,2.4414,0.0000,16.4911,0.0000,8.0862,0.0000,0.0000,20.2690,0.8396,0.0000,0.0000,0.0000,0.0000,0.0000,0.0000,0.0000,-166.197,-141.701,22.976,3.483,12.893,0.268244,0.092948,0.535867,-0.031694,0.060180,0.011203,0.063251
1209,792.00,0.000,-14.657,11.8888,3.4141,50.4544,0.4876,0.9342,2.4379,0.0000,16.4833,0.0000,8.0886,0.0000,0.0000,20.2744,0.8396,0.0000,0.0000,0.0000,0.0000,0.0000,0.0000,0.0000,-166.146,-141.692,22.958,3.482,12.889,0.268751,0.092756,0.535593,-0.031628,0.060122,0.011157,0.063250
1210,791.00,0.000,-14.679,11.8858,3.4142,50.4573,0.4877,0.9346,2.4344,0.0000,16.4755,0.0000,8.0911,0.0000,0.0000,20.2798,0.8396,0.0000,0.0000,0.0000,0.0000,0.0000,0.0000,0.0000,-166.095,-141.683,22.940,3.481,12.884,0.269258,0.092564,0.535318,-0.031563,0.060064,0.011110,0.063249
1211,790.00,0.000,-14.700,11.8829,3.4142,50.4601,0.4879,0.9350,2.4310,0.0000,16.4677,0.0000,8.0936,0.0000,0.0000,20.2851,0.8396,0.0000,0.0000,0.0000,0.0000,0.0000,0.0000,0.0000,-166.045,-141.675,22.922,3.480,12.880,0.269762,0.092373,0.535046,-0.031498,0.060007,0.011064,0.063248
1212,789.00,0.000,-14.722,11.8799,3.4142,50.4630,0.4880,0.9354,2.4275,0.0000,16.4599,0.0000,8.0960,0.0000,0.0000,20.2905,0.8397,0.0000,0.0000,0.0000,0.0000,0.0000,0.0000,0.0000,-165.994,-141.666,22.905,3.480,12.875,0.270265,0.092182,0.534773,-0.031433,0.059949,0.011017,0.063247
1213,788.00,0.000,-14.744,11.8770,3.4142,50.4658,0.4882,0.9359,2.4241,0.0000,16.4521,0.0000,8.0985,0.0000,0.0000,20.2958,0.8397,0.0000,0.0000,0.0000,0.0000,0.0000,0.0000,0.0000,-165.944,-141.658,22.887,3.479,12.871,0.270766,0.091992,0.534501,-0.031368,0.059892,0.010971,0.063245
1214,787.00,0.000,-14.765,11.8741,3.4142,50.4686,0.4884,0.9363,2.4207,0.0000,16.4443,0.0000,8.1010,0.0000,0.0000,20.3011,0.8397,0.0000,0.0000,0.0000,0.0000,0.0000,0.0000,0.0000,-165.894,-141.649,22.869,3.478,12.866,0.271266,0.091803,0.534229,-0.031304,0.059836,0.010926,0.063244
1215,786.00,0.000,-14.787,11.8712,3.4142,50.4714,0.4885,0.9367,2.4173,0.0000,16.4366,0.0000,8.1034,0.0000,0.0000,20.3064,0.8397,0.0000,0.0000,0.0000,0.0000,0.0000,0.0000,0.0000,-165.844,-141.641,22.851,3.477,12.862,0.271765,0.091614,0.533958,-0.031239,0.059780,0.010880,0.063243
1216,785.00,0.000,-14.809,11.8683,3.4143,50.4742,0.4887,0.9371,2.4139,0.0000,16.4289,0.0000,8.1059,0.0000,0.0000,20.3117,0.8397,0.0000,0.0000,0.0000,0.0000,0.0000,0.0000,0.0000,-165.794,-141.633,22.833,3.476,12.857,0.272260,0.091427,0.533688,-0.031175,0.059724,0.010834,0.063241
1217,784.00,0.000,-14.831,11.8654,3.4143,50.4769,0.4888,0.9375,2.4105,0.0000,16.4211,0.0000,8.1083,0.0000,0.0000,20.3170,0.8397,0.0000,0.0000,0.0000,0.0000,0.0000,0.0000,0.0000,-165.744,-141.624,22.816,3.475,12.853,0.272757,0.091239,0.533417,-0.031111,0.059669,0.010789,0.063240
1218,783.00,0.000,-14.853,11.8626,3.4143,50.4797,0.4890,0.9379,2.4072,0.0000,16.4134,0.0000,8.1108,0.0000,0.0000,20.3222,0.8397,0.0000,0.0000,0.0000,0.0000,0.0000,0.0000,0.0000,-165.694,-141.616,22.798,3.474,12.848,0.273250,0.091053,0.533148,-0.031047,0.059614,0.010744,0.063239
1219,782.00,0.000,-14.874,11.8597,3.4143,50.4824,0.4892,0.9383,2.4039,0.0000,16.4058,0.0000,8.1132,0.0000,0.0000,20.3274,0.8398,0.0000,0.0000,0.0000,0.0000,0.0000,0.0000,0.0000,-165.645,-141.608,22.780,3.474,12.844,0.273742,0.090867,0.532879,-0.030984,0.059559,0.010699,0.063237
1220,781.00,0.000,-14.896,11.8569,3.4143,50.4852,0.4893,0.9387,2.4006,0.0000,16.3981,0.0000,8.1157,0.0000,0.0000,20.3326,0.8398,0.0000,0.0000,0.0000,0.0000,0.0000,0.0000,0.0000,-165.595,-141.600,22.762,3.473,12.839,0.274233,0.090682,0.532611,-0.030921,0.059505,0.010654,0.063236
1221,780.00,0.000,-14.918,11.8540,3.4143,50.4879,0.4895,0.9391,2.3973,0.0000,16.3904,0.0000,8.1181,0.0000,0.0000,20.3378,0.8398,0.0000,0.0000,0.0000,0.0000,0.0000,0.0000,0.0000,-165.546,-141.592,22.745,3.472,12.835,0.274722,0.090497,0.532343,-0.030858,0.059451,0.010610,0.063235
1222,779.00,0.000,-14.941,11.8512,3.4144,50.4906,0.4897,0.9396,2.3941,0.0000,16.3828,0.0000,8.1206,0.0000,0.0000,20.3430,0.8398,0.0000,0.0000,0.0000,0.0000,0.0000,0.0000,0.0000,-165.497,-141.585,22.727,3.471,12.831,0.275209,0.090313,0.532076,-0.030795,0.059398,0.010566,0.063233
1223,778.00,0.000,-14.963,11.8484,3.4144,50.4932,0.4899,0.9400,2.3908,0.0000,16.3751,0.0000,8.1230,0.0000,0.0000,20.3482,0.8398,0.0000,0.0000,0.0000,0.0000,0.0000,0.0000,0.0000,-165.448,-141.577,22.709,3.470,12.826,0.275695,0.090130,0.531809,-0.030732,0.059345,0.010521,0.063232
1224,777.00,0.000,-14.985,11.8456,3.4144,50.4959,0.4901,0.9404,2.3876,0.0000,16.3675,0.0000,8.1254,0.0000,0.0000,20.3533,0.8398,0.0000,0.0000,0.0000,0.0000,0.0000,0.0000,0.0000,-165.399,-141.569,22.692,3.469,12.822,0.276179,0.089948,0.531544,-0.030670,0.059292,0.010478,0.063230
1225,776.00,0.000,-15.007,11.8428,3.4144,50.4986,0.4903,0.9408,2.3844,0.0000,16.3599,0.0000,8.1278,0.0000,0.0000,20.3584,0.8398,0.0000,0.0000,0.0000,0.0000,0.0000,0.0000,0.0000,-165.350,-141.562,22.674,3.468,12.817,0.276662,0.089766,0.531278,-0.030607,0.059240,0.010434,0.063229
1226,775.00,0.000,-15.029,11.8400,3.4144,50.5012,0.4904,0.9412,2.3812,0.0000,16.3524,0.0000,8.1303,0.0000,0.0000,20.3635,0.8398,0.0000,0.0000,0.0000,0.0000,0.0000,0.0000,0.0000,-165.302,-141.554,22.656,3.468,12.813,0.277142,0.089585,0.531013,-0.030545,0.059188,0.010390,0.063227
1227,774.00,0.000,-15.051,11.8372,3.4145,50.5038,0.4906,0.9416,2.3780,0.0000,16.3448,0.0000,8.1327,0.0000,0.0000,20.3686,0.8398,0.0000,0.0000,0.0000,0.0000,0.0000,0.0000,0.0000,-165.253,-141.547,22.639,3.467,12.809,0.277623,0.089404,0.530749,-0.030484,0.059136,0.010347,0.063226
1228,773.00,0.000,-15.074,11.8345,3.4145,50.5064,0.4908,0.9420,2.3749,0.0000,16.3372,0.0000,8.1351,0.0000,0.0000,20.3737,0.8398,0.0000,0.0000,0.0000,0.0000,0.0000,0.0000,0.0000,-165.205,-141.539,22.621,3.466,12.804,0.278101,0.089224,0.530485,-0.030422,0.059085,0.010303,0.063224
1229,772.00,0.000,-15.096,11.8317,3.4145,50.5090,0.4910,0.9424,2.3717,0.0000,16.3297,0.0000,8.1375,0.0000,0.0000,20.3788,0.8398,0.0000,0.0000,0.0000,0.0000,0.0000,0.0000,0.0000,-165.156,-141.532,22.604,3.465,12.800,0.278577,0.089045,0.530222,-0.030360,0.059034,0.010260,0.063222
1230,771.00,0.000,-15.119,11.8290,3.4145,50.5116,0.4912,0.9428,2.3686,0.0000,16.3222,0.0000,8.1399,0.0000,0.0000,20.3838,0.8399,0.0000,0.0000,0.0000,0.0000,0.0000,0.0000,0.0000,-165.108,-141.525,22.586,3.464,12.796,0.279051,0.088866,0.529960,-0.030299,0.058983,0.010218,0.063221
1231,770.00,0.000,-15.141,11.8263,3.4146,50.5142,0.4914,0.9432,2.3655,0.0000,16.3147,0.0000,8.1423,0.0000,0.0000,20.3888,0.8399,0.0000,0.0000,0.0000,0.0000,0.0000,0.0000,0.0000,-165.060,-141.518,22.569,3.463,12.791,0.279524,0.088688,0.529698,-0.030238,0.058933,0.010175,0.063219
1232,769.00,0.000,-15.163,11.8236,3.4146,50.5167,0.4916,0.9436,2.3624,0.0000,16.3072,0.0000,8.1447,0.0000,0.0000,20.3938,0.8399,0.0000,0.0000,0.0000,0.0000,0.0000,0.0000,0.0000,-165.012,-141.511,22.551,3.463,12.787,0.279996,0.088511,0.529437,-0.030177,0.058883,0.010132,0.063217
1233,768.00,0.000,-15.186,11.8208,3.4146,50.5192,0.4918,0.9440,2.3594,0.0000,16.2998,0.0000,8.1471,0.0000,0.0000,20.3988,0.8399,0.0000,0.0000,0.0000,0.0000,0.0000,0.0000,0.0000,-164.964,-141.504,22.534,3.462,12.782,0.280466,0.088335,0.529176,-0.030117,0.058834,0.010090,0.063216
1234,767.00,0.000,-15.209,11.8181,3.4146,50.5218,0.4921,0.9443,2.3563,0.0000,16.2923,0.0000,8.1495,0.0000,0.0000,20.4038,0.8399,0.0000,0.0000,0.0000,0.0000,0.0000,0.0000,0.0000,-164.917,-141.497,22.516,3.461,12.778,0.280935,0.088158,0.528916,-0.030056,0.058785,0.010048,0.063214
1235,766.00,0.000,-15.231,11.8155,3.4146,50.5243,0.4923,0.9447,2.3533,0.0000,16.2849,0.0000,8.1519,0.0000,0.0000,20.4087,0.8399,0.0000,0.0000,0.0000,0.0000,0.0000,0.0000,0.0000,-164.869,-141.490,22.499,3.460,12.774,0.281402,0.087983,0.528657,-0.029996,0.058736,0.010006,0.063212
1236,765.00,0.000,-15.254,11.8128,3.4147,50.5268,0.4925,0.9451,2.3503,0.0000,16.2774,0.0000,8.1543,0.0000,0.0000,20.4137,0.8399,0.0000,0.0000,0.0000,0.0000,0.0000,0.0000,0.0000,-164.822,-141.483,22.481,3.459,12.770,0.281867,0.087809,0.528398,-0.029936,0.058688,0.009964,0.063210
1237,764.00,0.000,-15.277,11.8101,3.4147,50.5293,0.4927,0.9455,2.3473,0.0000,16.2700,0.0000,8.1567,0.0000,0.0000,20.4186,0.8399,0.0000,0.0000,0.0000,0.0000,0.0000,0.0000,0.0000,-164.775,-141.476,22.464,3.459,12.765,0.282332,0.087635,0.528140,-0.029876,0.058640,0.009922,0.063208
1238,763.00,0.000,-15.299,11.8075,3.4147,50.5317,0.4929,0.9459,2.3443,0.0000,16.2626,0.0000,8.1591,0.0000,0.0000,20.4235,0.8399,0.0000,0.0000,0.0000,0.0000,0.0000,0.0000,0.0000,-164.727,-141.470,22.446,3.458,12.761,0.282795,0.087461,0.527882,-0.029816,0.058592,0.009881,0.063206
1239,762.00,0.000,-15.322,11.8048,3.4147,50.5342,0.4931,0.9463,2.3414,0.0000,16.2553,0.0000,8.1614,0.0000,0.0000,20.4284,0.8399,0.0000,0.0000,0.0000,0.0000,0.0000,0.0000,0.0000,-164.680,-141.463,22.429,3.457,12.757,0.283255,0.087289,0.527625,-0.029757,0.058545,0.009839,0.063204
1240,761.00,0.000,-15.345,11.8022,3.4148,50.5366,0.4934,0.9467,2.3384,0.0000,16.2479,0.0000,8.1638,0.0000,0.0000,20.4333,0.8399,0.0000,0.0000,0.0000,0.0000,0.0000,0.0000,0.0000,-164.633,-141.457,22.412,3.456,12.752,0.283714,0.087117,0.527369,-0.029698,0.058498,0.009798,0.063202
1241,760.00,0.000,-15.368,11.7996,3.4148,50.5391,0.4936,0.9471,2.3355,0.0000,16.2406,0.0000,8.1662,0.0000,0.0000,20.4381,0.8399,0.0000,0.0000,0.0000,0.0000,0.0000,0.0000,0.0000,-164.587,-141.450,22.394,3.455,12.748,0.284172,0.086945,0.527113,-0.029639,0.058451,0.009757,0.063200
1242,759.00,0.000,-15.391,11.7970,3.4148,50.5415,0.4938,0.9474,2.3326,0.0000,16.2333,0.0000,8.1685,0.0000,0.0000,20.4429,0.8399,0.0000,0.0000,0.0000,0.0000,0.0000,0.0000,0.0000,-164.540,-141.444,22.377,3.455,12.744,0.284628,0.086775,0.526858,-0.029580,0.058405,0.009716,0.063198
1243,758.00,0.000,-15.414,11.7944,3.4148,50.5439,0.4941,0.9478,2.3297,0.0000,16.2260,0.0000,8.1709,0.0000,0.0000,20.4478,0.8399,0.0000,0.0000,0.0000,0.0000,0.0000,0.0000,0.0000,-164.493,-141.438,22.359,3.454,12.740,0.285082,0.086605,0.526603,-0.029521,0.058359,0.009676,0.063196
1244,757.00,0.000,-15.437,11.7918,3.4149,50.5463,0.4943,0.9482,2.3268,0.0000,16.2187,0.0000,8.1733,0.0000,0.0000,20.4526,0.8399,0.0000,0.0000,0.0000,0.0000,0.0000,0.0000,0.0000,-164.447,-141.431,22.342,3.453,12.735,0.285536,0.086435,0.526349,-0.029463,0.058313,0.009635,0.063194
1245,756.00,0.000,-15.460,11.7892,3.4149,50.5486,0.4945,0.9486,2.3240,0.0000,16.2114,0.0000,8.1756,0.0000,0.0000,20.4573,0.8399,0.0000,0.0000,0.0000,0.0000,0.0000,0.0000,0.0000,-164.401,-141.425,22.325,3.452,12.731,0.285987,0.086267,0.526096,-0.029404,0.058268,0.009595,0.063192
1246,755.00,0.000,-15.483,11.7866,3.4149,50.5510,0.4948,0.9490,2.3211,0.0000,16.2041,0.0000,8.1780,0.0000,0.0000,20.4621,0.8399,0.0000,0.0000,0.0000,0.0000,0.0000,0.0000,0.0000,-164.355,-141.419,22.307,3.451,12.727,0.286438,0.086099,0.525843,-0.029346,0.058223,0.009555,0.063190
1247,754.00,0.000,-15.506,11.7840,3.4150,50.5533,0.4950,0.9493,2.3183,0.0000,16.1969,0.0000,8.1803,0.0000,0.0000,20.4669,0.8399,0.0000,0.0000,0.0000,0.0000,0.0000,0.0000,0.0000,-164.308,-141.413,22.290,3.451,12.723,0.286887,0.085931,0.525590,-0.029288,0.058178,0.009515,0.063188
1248,753.00,0.000,-15.529,11.7815,3.4150,50.5557,0.4953,0.9497,2.3155,0.0000,16.1897,0.0000,8.1827,0.0000,0.0000,20.4716,0.8399,0.0000,0.0000,0.0000,0.0000,0.0000,0.0000,0.0000,-164.262,-141.407,22.273,3.450,12.718,0.287334,0.085764,0.525338,-0.029230,0.058134,0.009475,0.063185
1249,752.00,0.000,-15.552,11.7789,3.4150,50.5580,0.4955,0.9501,2.3127,0.0000,16.1824,0.0000,8.1850,0.0000,0.0000,20.4763,0.8399,0.0000,0.0000,0.0000,0.0000,0.0000,0.0000,0.0000,-164.217,-141.401,22.256,3.449,12.714,0.287780,0.085598,0.525087,-0.029173,0.058090,0.009435,0.063183
1250,751.00,0.000,-15.576,11.7764,3.4150,50.5603,0.4958,0.9504,2.3100,0.0000,16.1753,0.0000,8.1874,0.0000,0.0000,20.4810,0.8399,0.0000,0.0000,0.0000,0.0000,0.0000,0.0000,0.0000,-164.171,-141.396,22.238,3.448,12.710,0.288224,0.085432,0.524837,-0.029115,0.058046,0.009396,0.063181
1251,750.00,0.000,-15.599,11.7739,3.4151,50.5626,0.4960,0.9508,2.3072,0.0000,16.1681,0.0000,8.1897,0.0000,0.0000,20.4857,0.8399,0.0000,0.0000,0.0000,0.0000,0.0000,0.0000,0.0000,-164.125,-141.390,22.221,3.448,12.706,0.288667,0.085267,0.524587,-0.029058,0.058003,0.009356,0.063178
1252,749.00,0.000,-15.622,11.7714,3.4151,50.5649,0.4963,0.9512,2.3044,0.0000,16.1609,0.0000,8.1920,0.0000,0.0000,20.4904,0.8399,0.0000,0.0000,0.0000,0.0000,0.0000,0.0000,0.0000,-164.080,-141.384,22.204,3.447,12.701,0.289108,0.085103,0.524338,-0.029001,0.057960,0.009317,0.063176
1253,748.00,0.000,-15.646,11.7689,3.4151,50.5671,0.4965,0.9515,2.3017,0.0000,16.1538,0.0000,8.1944,0.0000,0.0000,20.4951,0.8399,0.0000,0.0000,0.0000,0.0000,0.0000,0.0000,0.0000,-164.034,-141.379,22.187,3.446,12.697,0.289548,0.084939,0.524089,-0.028944,0.057917,0.009278,0.063174
1254,747.00,0.000,-15.669,11.7664,3.4152,50.5694,0.4968,0.9519,2.2990,0.0000,16.1466,0.0000,8.1967,0.0000,0.0000,20.4997,0.8399,0.0000,0.0000,0.0000,0.0000,0.0000,0.0000,0.0000,-163.989,-141.373,22.169,3.445,12.693,0.289987,0.084776,0.523840,-0.028888,0.057874,0.009239,0.063171
1255,746.00,0.000,-15.693,11.7639,3.4152,50.5716,0.4971,0.9523,2.2963,0.0000,16.1395,0.0000,8.1990,0.0000,0.0000,20.5043,0.8399,0.0000,0.0000,0.0000,0.0000,0.0000,0.0000,0.0000,-163.944,-141.368,22.152,3.445,12.689,0.290424,0.084614,0.523593,-0.028831,0.057832,0.009200,0.063169
1256,745.00,0.000,-15.716,11.7614,3.4152,50.5739,0.4973,0.9526,2.2936,0.0000,16.1324,0.0000,8.2013,0.0000,0.0000,20.5089,0.8399,0.0000,0.0000,0.0000,0.0000,0.0000,0.0000,0.0000,-163.899,-141.362,22.135,3.444,12.685,0.290859,0.084452,0.523346,-0.028775,0.057791,0.009161,0.063166
1257,744.00,0.000,-15.740,11.7590,3.4153,50.5761,0.4976,0.9530,2.2910,0.0000,16.1253,0.0000,8.2036,0.0000,0.0000,20.5135,0.8398,0.0000,0.0000,0.0000,0.0000,0.0000,0.0000,0.0000,-163.854,-141.357,22.118,3.443,12.681,0.291293,0.084290,0.523099,-0.028719,0.057749,0.009123,0.063163
1258,743.00,0.000,-15.764,11.7565,3.4153,50.5783,0.4979,0.9534,2.2883,0.0000,16.1182,0.0000,8.2060,0.0000,0.0000,20.5181,0.8398,0.0000,0.0000,0.0000,0.0000,0.0000,0.0000,0.0000,-163.809,-141.351,22.101,3.442,12.676,0.291726,0.084129,0.522853,-0.028662,0.057708,0.009084,0.063161
1259,742.00,0.000,-15.787,11.7540,3.4153,50.5805,0.4982,0.9537,2.2857,0.0000,16.1112,0.0000,8.2083,0.0000,0.0000,20.5227,0.8398,0.0000,0.0000,0.0000,0.0000,0.0000,0.0000,0.0000,-163.764,-141.346,22.084,3.442,12.672,0.292158,0.083969,0.522608,-0.028607,0.057667,0.009046,0.063158
1260,741.00,0.000,-15.811,11.7516,3.4153,50.5827,0.4984,0.9541,2.2831,0.0000,16.1042,0.0000,8.2106,0.0000,0.0000,20.5272,0.8398,0.0000,0.0000,0.0000,0.0000,0.0000,0.0000,0.0000,-163.720,-141.341,22.066,3.441,12.668,0.292588,0.083810,0.522363,-0.028551,0.057627,0.009008,0.063155
1261,740.00,0.000,-15.835,11.7492,3.4154,50.5848,0.4987,0.9544,2.2804,0.0000,16.0971,0.0000,8.2129,0.0000,0.0000,20.5318,0.8398,0.0000,0.0000,0.0000,0.0000,0.0000,0.0000,0.0000,-163.675,-141.336,22.049,3.440,12.664,0.293016,0.083651,0.522119,-0.028495,0.057587,0.008970,0.063153
1262,739.00,0.000,-15.859,11.7468,3.4154,50.5870,0.4990,0.9548,2.2779,0.0000,16.0901,0.0000,8.2152,0.0000,0.0000,20.5363,0.8398,0.0000,0.0000,0.0000,0.0000,0.0000,0.0000,0.0000,-163.631,-141.331,22.032,3.439,12.660,0.293444,0.083492,0.521875,-0.028440,0.057547,0.008932,0.063150
1263,738.00,0.000,-15.882,11.7443,3.4154,50.5891,0.4993,0.9551,2.2753,0.0000,16.0831,0.0000,8.2175,0.0000,0.0000,20.5408,0.8398,0.0000,0.0000,0.0000,0.0000,0.0000,0.0000,0.0000,-163.587,-141.326,22.015,3.439,12.656,0.293870,0.083334,0.521632,-0.028385,0.057507,0.008895,0.063147
1264,737.00,0.000,-15.906,11.7419,3.4155,50.5913,0.4996,0.9555,2.2727,0.0000,16.0761,0.0000,8.2198,0.0000,0.0000,20.5453,0.8398,0.0000,0.0000,0.0000,0.0000,0.0000,0.0000,0.0000,-163.542,-141.321,21.998,3.438,12.652,0.294295,0.083177,0.521389,-0.028330,0.057468,0.008857,0.063144
1265,736.00,0.000,-15.930,11.7395,3.4155,50.5934,0.4998,0.9558,2.2702,0.0000,16.0692,0.0000,8.2221,0.0000,0.0000,20.5498,0.8398,0.0000,0.0000,0.0000,0.0000,0.0000,0.0000,0.0000,-163.498,-141.316,21.981,3.437,12.648,0.294719,0.083020,0.521147,-0.028275,0.057429,0.008820,0.063141
1266,735.00,0.000,-15.954,11.7372,3.4155,50.5955,0.5001,0.9562,2.2676,0.0000,16.0622,0.0000,8.2244,0.0000,0.0000,20.5542,0.8397,0.0000,0.0000,0.0000,0.0000,0.0000,0.0000,0.0000,-163.454,-141.311,21.964,3.436,12.643,0.295140,0.082864,0.520905,-0.028220,0.057390,0.008782,0.063138
1267,734.00,0.000,-15.978,11.7348,3.4156,50.5976,0.5004,0.9565,2.2651,0.0000,16.0553,0.0000,8.2266,0.0000,0.0000,20.5587,0.8397,0.0000,0.0000,0.0000,0.0000,0.0000,0.0000,0.0000,-163.410,-141.307,21.947,3.436,12.639,0.295562,0.082708,0.520664,-0.028165,0.057352,0.008745,0.063135
1268,733.00,0.000,-16.003,11.7324,3.4156,50.5997,0.5007,0.9569,2.2626,0.0000,16.0483,0.0000,8.2289,0.0000,0.0000,20.5631,0.8397,0.0000,0.0000,0.0000,0.0000,0.0000,0.0000,0.0000,-163.367,-141.302,21.930,3.435,12.635,0.295981,0.082553,0.520423,-0.028111,0.057313,0.008708,0.063132
1269,732.00,0.000,-16.027,11.7300,3.4156,50.6018,0.5010,0.9572,2.2601,0.0000,16.0414,0.0000,8.2312,0.0000,0.0000,20.5676,0.8397,0.0000,0.0000,0.0000,0.0000,0.0000,0.0000,0.0000,-163.323,-141.297,21.913,3.434,12.631,0.296400,0.082398,0.520183,-0.028057,0.057275,0.008671,0.063129
1270,731.00,0.000,-16.051,11.7277,3.4157,50.6038,0.5013,0.9575,2.2576,0.0000,16.0345,0.0000,8.2335,0.0000,0.0000,20.5720,0.8397,0.0000,0.0000,0.0000,0.0000,0.0000,0.0000,0.0000,-163.279,-141.293,21.896,3.433,12.627,0.296817,0.082244,0.519943,-0.028002,0.057238,0.008634,0.063126
1271,730.00,0.000,-16.075,11.7253,3.4157,50.6059,0.5016,0.9579,2.2552,0.0000,16.0276,0.0000,8.2358,0.0000,0.0000,20.5764,0.8397,0.0000,0.0000,0.0000,0.0000,0.0000,0.0000,0.0000,-163.236,-141.288,21.879,3.433,12.623,0.297232,0.082091,0.519704,-0.027948,0.057201,0.008598,0.063123
1272,729.00,0.000,-16.100,11.7230,3.4157,50.6079,0.5019,0.9582,2.2527,0.0000,16.0207,0.0000,8.2380,0.0000,0.0000,20.5808,0.8397,0.0000,0.0000,0.0000,0.0000,0.0000,0.0000,0.0000,-163.192,-141.284,21.862,3.432,12.619,0.297647,0.081938,0.519465,-0.027894,0.057164,0.008561,0.063120
1273,728.00,0.000,-16.124,11.7207,3.4158,50.6100,0.5022,0.9586,2.2503,0.0000,16.0139,0.0000,8.2403,0.0000,0.0000,20.5851,0.8396,0.0000,0.0000,0.0000,0.0000,0.0000,0.0000,0.0000,-163.149,-141.279,21.845,3.431,12.615,0.298060,0.081785,0.519228,-0.027841,0.057127,0.008525,0.063116
1274,727.00,0.000,-16.148,11.7183,3.4158,50.6120,0.5025,0.9589,2.2478,0.0000,16.0070,0.0000,8.2426,0.0000,0.0000,20.5895,0.8396,0.0000,0.0000,0.0000,0.0000,0.0000,0.0000,0.0000,-163.106,-141.275,21.828,3.431,12.611,0.298473,0.081633,0.518990,-0.027787,0.057090,0.008488,0.063113
1275,726.00,0.000,-16.173,11.7160,3.4159,50.6140,0.5029,0.9592,2.2454,0.0000,16.0002,0.0000,8.2448,0.0000,0.0000,20.5939,0.8396,0.0000,0.0000,0.0000,0.0000,0.0000,0.0000,0.0000,-163.063,-141.271,21.811,3.430,12.607,0.298884,0.081481,0.518752,-0.027734,0.057054,0.008452,0.063110
1276,725.00,0.000,-16.197,11.7137,3.4159,50.6160,0.5032,0.9596,2.2430,0.0000,15.9934,0.0000,8.2471,0.0000,0.0000,20.5982,0.8396,0.0000,0.0000,0.0000,0.0000,0.0000,0.0000,0.0000,-163.020,-141.266,21.794,3.429,12.603,0.299294,0.081330,0.518516,-0.027680,0.057018,0.008416,0.063106
1277,724.00,0.000,-16.222,11.7114,3.4159,50.6180,0.5035,0.9599,2.2406,0.0000,15.9866,0.0000,8.2494,0.0000,0.0000,20.6025,0.8396,0.0000,0.0000,0.0000,0.0000,0.0000,0.0000,0.0000,-162.977,-141.262,21.777,3.428,12.598,0.299702,0.081180,0.518280,-0.027627,0.056982,0.008380,0.063103
1278,723.00,0.000,-16.246,11.7091,3.4160,50.6200,0.5038,0.9602,2.2382,0.0000,15.9798,0.0000,8.2516,0.0000,0.0000,20.6068,0.8395,0.0000,0.0000,0.0000,0.0000,0.0000,0.0000,0.0000,-162.934,-141.258,21.760,3.428,12.594,0.300110,0.081030,0.518044,-0.027574,0.056947,0.008344,0.063099
1279,722.00,0.000,-16.271,11.7068,3.4160,50.6220,0.5041,0.9605,2.2359,0.0000,15.9730,0.0000,8.2539,0.0000,0.0000,20.6111,0.8395,0.0000,0.0000,0.0000,0.0000,0.0000,0.0000,0.0000,-162.891,-141.254,21.743,3.427,12.590,0.300517,0.080880,0.517808,-0.027521,0.056912,0.008309,0.063096
1280,721.00,0.000,-16.296,11.7046,3.4160,50.6239,0.5044,0.9609,2.2335,0.0000,15.9662,0.0000,8.2561,0.0000,0.0000,20.6154,0.8395,0.0000,0.0000,0.0000,0.0000,0.0000,0.0000,0.0000,-162.849,-141.250,21.726,3.426,12.586,0.300922,0.080731,0.517573,-0.027468,0.056877,0.008273,0.063092
1281,720.00,0.000,-16.321,11.7023,3.4161,50.6259,0.5048,0.9612,2.2312,0.0000,15.9595,0.0000,8.2584,0.0000,0.0000,20.6197,0.8395,0.0000,0.0000,0.0000,0.0000,0.0000,0.0000,0.0000,-162.806,-141.246,21.709,3.426,12.582,0.301326,0.080582,0.517339,-0.027415,0.056842,0.008237,0.063088
1282,719.00,0.000,-16.345,11.7000,3.4161,50.6278,0.5051,0.9615,2.2289,0.0000,15.9527,0.0000,8.2606,0.0000,0.0000,20.6240,0.8394,0.0000,0.0000,0.0000,0.0000,0.0000,0.0000,0.0000,-162.764,-141.242,21.692,3.425,12.578,0.301730,0.080434,0.517104,-0.027363,0.056808,0.008202,0.063085
1283,718.00,0.000,-16.370,11.6618,3.4145,50.6694,0.5067,0.9681,2.1788,0.0000,15.8411,0.0000,8.2993,0.0000,0.0000,20.6970,0.8395,0.0000,0.0000,0.0000,0.0000,0.0000,0.0000,0.0000,-162.401,-140.985,21.607,3.415,12.540,0.308745,0.077895,0.513211,-0.026424,0.055949,0.007568,0.063056
1284,717.00,0.000,-16.395,11.6605,3.4146,50.6700,0.5071,0.9682,2.1782,0.0000,15.8370,0.0000,8.3006,0.0000,0.0000,20.6994,0.8395,0.0000,0.0000,0.0000,0.0000,0.0000,0.0000,0.0000,-162.368,-140.988,21.592,3.415,12.537,0.308970,0.077810,0.513068,-0.026399,0.055946,0.007552,0.063053
1285,716.00,0.000,-16.420,11.6589,3.4147,50.6710,0.5075,0.9685,2.1771,0.0000,15.8319,0.0000,8.3022,0.0000,0.0000,20.7024,0.8395,0.0000,0.0000,0.0000,0.0000,0.0000,0.0000,0.0000,-162.331,-140.989,21.577,3.414,12.534,0.309254,0.077704,0.512894,-0.026365,0.055933,0.007531,0.063050
1286,715.00,0.000,-16.445,11.6572,3.4147,50.6722,0.5079,0.9687,2.1758,0.0000,15.8264,0.0000,8.3039,0.0000,0.0000,20.7057,0.8394,0.0000,0.0000,0.0000,0.0000,0.0000,0.0000,0.0000,-162.294,-140.989,21.561,3.414,12.530,0.309562,0.077589,0.512706,-0.026328,0.055916,0.007507,0.063047
1287,714.00,0.000,-16.470,11.6554,3.4148,50.6735,0.5082,0.9690,2.1743,0.0000,15.8207,0.0000,8.3057,0.0000,0.0000,20.7092,0.8394,0.0000,0.0000,0.0000,0.0000,0.0000,0.0000,0.0000,-162.255,-140.988,21.545,3.413,12.527,0.309889,0.077468,0.512508,-0.026287,0.055897,0.007482,0.063043
1288,713.00,0.000,-16.495,11.6535,3.4148,50.6749,0.5086,0.9693,2.1726,0.0000,15.8147,0.0000,8.3077,0.0000,0.0000,20.7129,0.8394,0.0000,0.0000,0.0000,0.0000,0.0000,0.0000,0.0000,-162.216,-140.986,21.528,3.413,12.523,0.310236,0.077340,0.512300,-0.026244,0.055874,0.007454,0.063040
1289,712.00,0.000,-16.520,11.6350,3.4141,50.7085,0.5064,0.9630,2.1563,0.0000,15.7572,0.0000,8.3258,0.0000,0.0000,20.7361,0.8467,0.0000,0.0000,0.0000,0.0000,0.0000,0.0000,0.0000,-162.024,-140.862,21.481,3.408,12.504,0.313689,0.076098,0.510288,-0.026480,0.055976,0.006860,0.063568
1290,711.00,0.000,-16.546,11.6310,3.4140,50.7131,0.5066,0.9637,2.1513,0.0000,15.7449,0.0000,8.3299,0.0000,0.0000,20.7437,0.8468,0.0000,0.0000,0.0000,0.0000,0.0000,0.0000,0.0000,-161.968,-140.847,21.461,3.407,12.498,0.314442,0.075825,0.509861,-0.026390,0.055894,0.006792,0.063576
1291,710.00,0.000,-16.571,11.6244,3.4139,50.7215,0.5065,0.9647,2.1423,0.0000,15.7248,0.0000,8.3367,0.0000,0.0000,20.7562,0.8473,0.0000,0.0000,0.0000,0.0000,0.0000,0.0000,0.0000,-161.889,-140.814,21.436,3.405,12.490,0.315704,0.075369,0.509158,-0.026249,0.055746,0.006669,0.063603
1292,709.00,0.000,-16.596,11.6169,3.4136,50.7315,0.5064,0.9658,2.1321,0.0000,15.7019,0.0000,8.3445,0.0000,0.0000,20.7700,0.8479,0.0000,0.0000,0.0000,0.0000,0.0000,0.0000,0.0000,-161.802,-140.775,21.409,3.403,12.481,0.317135,0.074853,0.508358,-0.026104,0.055588,0.006524,0.063646
1293,708.00,0.000,-16.622,11.6092,3.4134,50.7419,0.5062,0.9667,2.1219,0.0000,15.6780,0.0000,8.3525,0.0000,0.0000,20.7840,0.8488,0.0000,0.0000,0.0000,0.0000,0.0000,0.0000,0.0000,-161.714,-140.735,21.382,3.401,12.472,0.318615,0.074319,0.507526,-0.025967,0.055437,0.006370,0.063701
1294,707.00,0.000,-16.647,11.6011,3.4131,50.7529,0.5060,0.9676,2.1114,0.0000,15.6530,0.0000,8.3608,0.0000,0.0000,20.7985,0.8498,0.0000,0.0000,0.0000,0.0000,0.0000,0.0000,0.0000,-161.623,-140.692,21.354,3.399,12.463,0.320162,0.073759,0.506652,-0.025834,0.055287,0.006206,0.063767
1295,706.00,0.000,-16.672,11.5928,3.4128,50.7644,0.5057,0.9685,2.1007,0.0000,15.6269,0.0000,8.3694,0.0000,0.0000,20.8134,0.8509,0.0000,0.0000,0.0000,0.0000,0.0000,0.0000,0.0000,-161.529,-140.648,21.326,3.397,12.453,0.321768,0.073178,0.505740,-0.025705,0.055140,0.006034,0.063845
1296,705.00,0.000,-16.698,11.5845,3.4126,50.7761,0.5055,0.9693,2.0903,0.0000,15.6005,0.0000,8.3781,0.0000,0.0000,20.8281,0.8522,0.0000,0.0000,0.0000,0.0000,0.0000,0.0000,0.0000,-161.436,-140.603,21.298,3.395,12.444,0.323380,0.072593,0.504819,-0.025585,0.055003,0.005860,0.063930
1297,704.00,0.000,-16.724,11.5765,3.4123,50.7874,0.5053,0.9701,2.0804,0.0000,15.5745,0.0000,8.3864,0.0000,0.0000,20.8424,0.8535,0.0000,0.0000,0.0000,0.0000,0.0000,0.0000,0.0000,-161.344,-140.560,21.270,3.393,12.434,0.324950,0.072023,0.503915,-0.025478,0.054881,0.005688,0.064022
1298,703.00,0.000,-16.749,11.5688,3.4121,50.7983,0.5051,0.9707,2.0714,0.0000,15.5495,0.0000,8.3944,0.0000,0.0000,20.8558,0.8549,0.0000,0.0000,0.0000,0.0000,0.0000,0.0000,0.0000,-161.256,-140.520,21.243,3.391,12.425,0.326453,0.071476,0.503042,-0.025386,0.054775,0.005523,0.064118
1299,702.00,0.000,-16.775,11.5615,3.4118,50.8085,0.5050,0.9711,2.0631,0.0000,15.5255,0.0000,8.4020,0.0000,0.0000,20.8684,0.8563,0.0000,0.0000,0.0000,0.0000,0.0000,0.0000,0.0000,-161.172,-140.483,21.217,3.389,12.417,0.327875,0.070957,0.502210,-0.025309,0.054686,0.005364,0.064215
1300,701.00,0.000,-16.801,11.5548,3.4116,50.8182,0.5049,0.9715,2.0557,0.0000,15.5029,0.0000,8.4091,0.0000,0.0000,20.8800,0.8577,0.0000,0.0000,0.0000,0.0000,0.0000,0.0000,0.0000,-161.092,-140.448,21.191,3.387,12.409,0.329208,0.070471,0.501424,-0.025245,0.054614,0.005214,0.064314
1301,700.00,0.000,-16.826,11.5485,3.4115,50.8271,0.5049,0.9717,2.0492,0.0000,15.4817,0.0000,8.4157,0.0000,0.0000,20.8907,0.8591,0.0000,0.0000,0.0000,0.0000,0.0000,0.0000,0.0000,-161.016,-140.417,21.167,3.385,12.401,0.330447,0.070019,0.500686,-0.025195,0.054558,0.005073,0.064411
