Index,T (C),P (kbars),log(10) f O2,mass (gm),rho (gm/cc),wt% SiO2,wt% TiO2,wt% Al2O3,wt% Fe2O3,wt% Cr2O3,wt% FeO,wt% MnO,wt% MgO,wt% NiO,wt% CoO,wt% CaO,wt% Na2O,wt% K2O,wt% P2O5,wt% H2O,wt% CO2,wt% SO3,wt% Cl2O-1,wt% F2O-1,G (kJ),H (kJ),S (J/K),V (cc),Cp (J/K),    tephroite,     fayalite,   co-olivine,   ni-olivine, monticellite,   forsterite
946,1055.00,0.000,-10.113,0.3493,3.5868,35.9235,0.0000,0.0000,0.0000,0.0000,34.2014,1.8536,27.7865,0.0000,0.0000,0.2350,0.0000,0.0000,0.0000,0.0000,0.0000,0.0000,0.0000,0.0000,-4.604,-3.571,0.778,0.097,0.394,0.021852,0.398098,0.000000,0.000000,0.007008,0.573041
947,1054.00,0.000,-10.127,0.4440,3.5924,35.8595,0.0000,0.0000,0.0000,0.0000,34.5239,1.8719,27.5078,0.0000,0.0000,0.2370,0.0000,0.0000,0.0000,0.0000,0.0000,0.0000,0.0000,0.0000,-5.832,-4.522,0.987,0.124,0.500,0.022107,0.402571,0.000000,0.000000,0.007080,0.568242
948,1053.00,0.000,-10.141,0.5390,3.5979,35.7953,0.0000,0.0000,0.0000,0.0000,34.8473,1.8899,27.2285,0.0000,0.0000,0.2391,0.0000,0.0000,0.0000,0.0000,0.0000,0.0000,0.0000,0.0000,-7.058,-5.470,1.197,0.150,0.606,0.022359,0.407070,0.000000,0.000000,0.007156,0.563415
949,1052.00,0.000,-10.155,0.6344,3.6035,35.7310,0.0000,0.0000,0.0000,0.0000,35.1711,1.9076,26.9490,0.0000,0.0000,0.2413,0.0000,0.0000,0.0000,0.0000,0.0000,0.0000,0.0000,0.0000,-8.281,-6.415,1.408,0.176,0.712,0.022610,0.411592,0.000000,0.000000,0.007235,0.558563
950,1051.00,0.000,-10.169,0.7302,3.6091,35.6667,0.0000,0.0000,0.0000,0.0000,35.4951,1.9251,26.6694,0.0000,0.0000,0.2436,0.0000,0.0000,0.0000,0.0000,0.0000,0.0000,0.0000,0.0000,-9.500,-7.357,1.618,0.202,0.819,0.022859,0.416132,0.000000,0.000000,0.007318,0.553691
951,1050.00,0.000,-10.183,0.8079,3.6098,35.6584,0.0000,0.0000,0.0000,0.0000,35.4997,1.9644,26.6318,0.0000,0.0000,0.2457,0.0000,0.0000,0.0000,0.0000,0.0000,0.0000,0.0000,0.0000,-10.505,-8.137,1.790,0.224,0.905,0.023330,0.416283,0.000000,0.000000,0.007383,0.553004
952,1049.00,0.000,-10.197,0.8901,3.6122,35.6312,0.0000,0.0000,0.0000,0.0000,35.6117,1.9962,26.5127,0.0000,0.0000,0.2481,0.0000,0.0000,0.0000,0.0000,0.0000,0.0000,0.0000,0.0000,-11.557,-8.952,1.971,0.246,0.997,0.023727,0.417915,0.000000,0.000000,0.007461,0.550898
953,1048.00,0.000,-10.211,0.9707,3.6145,35.6046,0.0000,0.0000,0.0000,0.0000,35.7207,2.0282,26.3958,0.0000,0.0000,0.2507,0.0000,0.0000,0.0000,0.0000,0.0000,0.0000,0.0000,0.0000,-12.586,-9.749,2.148,0.269,1.086,0.024124,0.419508,0.000000,0.000000,0.007544,0.548824
954,1047.00,0.000,-10.225,1.0497,3.6168,35.5785,0.0000,0.0000,0.0000,0.0000,35.8268,2.0601,26.2812,0.0000,0.0000,0.2534,0.0000,0.0000,0.0000,0.0000,0.0000,0.0000,0.0000,0.0000,-13.592,-10.528,2.321,0.290,1.174,0.024522,0.421062,0.000000,0.000000,0.007632,0.546784
955,1046.00,0.000,-10.239,1.1270,3.6190,35.5529,0.0000,0.0000,0.0000,0.0000,35.9298,2.0920,26.1689,0.0000,0.0000,0.2564,0.0000,0.0000,0.0000,0.0000,0.0000,0.0000,0.0000,0.0000,-14.573,-11.288,2.490,0.311,1.259,0.024920,0.422576,0.000000,0.000000,0.007726,0.544778
956,1045.00,0.000,-10.253,1.2025,3.6212,35.5280,0.0000,0.0000,0.0000,0.0000,36.0297,2.1239,26.0590,0.0000,0.0000,0.2594,0.0000,0.0000,0.0000,0.0000,0.0000,0.0000,0.0000,0.0000,-15.529,-12.029,2.656,0.332,1.343,0.025317,0.424049,0.000000,0.000000,0.007824,0.542810
957,1044.00,0.000,-10.267,1.2762,3.6234,35.5036,0.0000,0.0000,0.0000,0.0000,36.1265,2.1555,25.9517,0.0000,0.0000,0.2627,0.0000,0.0000,0.0000,0.0000,0.0000,0.0000,0.0000,0.0000,-16.459,-12.749,2.817,0.352,1.424,0.025712,0.425481,0.000000,0.000000,0.007927,0.540880
958,1043.00,0.000,-10.281,1.3480,3.6254,35.4798,0.0000,0.0000,0.0000,0.0000,36.2203,2.1869,25.8469,0.0000,0.0000,0.2661,0.0000,0.0000,0.0000,0.0000,0.0000,0.0000,0.0000,0.0000,-17.362,-13.449,2.973,0.372,1.503,0.026104,0.426871,0.000000,0.000000,0.008035,0.538990
959,1042.00,0.000,-10.295,1.4177,3.6275,35.4566,0.0000,0.0000,0.0000,0.0000,36.3110,2.2181,25.7447,0.0000,0.0000,0.2696,0.0000,0.0000,0.0000,0.0000,0.0000,0.0000,0.0000,0.0000,-18.239,-14.129,3.125,0.391,1.580,0.026493,0.428220,0.000000,0.000000,0.008147,0.537140
960,1041.00,0.000,-10.309,1.4855,3.6294,35.4341,0.0000,0.0000,0.0000,0.0000,36.3988,2.2488,25.6451,0.0000,0.0000,0.2733,0.0000,0.0000,0.0000,0.0000,0.0000,0.0000,0.0000,0.0000,-19.087,-14.787,3.273,0.409,1.654,0.026877,0.429528,0.000000,0.000000,0.008263,0.535331
961,1040.00,0.000,-10.323,1.5513,3.6313,35.4121,0.0000,0.0000,0.0000,0.0000,36.4836,2.2791,25.5481,0.0000,0.0000,0.2771,0.0000,0.0000,0.0000,0.0000,0.0000,0.0000,0.0000,0.0000,-19.908,-15.423,3.415,0.427,1.727,0.027257,0.430796,0.000000,0.000000,0.008383,0.533565
962,1039.00,0.000,-10.337,1.6150,3.6332,35.3908,0.0000,0.0000,0.0000,0.0000,36.5655,2.3090,25.4538,0.0000,0.0000,0.2810,0.0000,0.0000,0.0000,0.0000,0.0000,0.0000,0.0000,0.0000,-20.702,-16.039,3.554,0.444,1.796,0.027630,0.432024,0.000000,0.000000,0.008506,0.531840
963,1038.00,0.000,-10.352,1.6766,3.6350,35.3701,0.0000,0.0000,0.0000,0.0000,36.6447,2.3382,25.3620,0.0000,0.0000,0.2850,0.0000,0.0000,0.0000,0.0000,0.0000,0.0000,0.0000,0.0000,-21.468,-16.633,3.687,0.461,1.864,0.027997,0.433214,0.000000,0.000000,0.008632,0.530157
964,1037.00,0.000,-10.366,1.7362,3.6368,35.3499,0.0000,0.0000,0.0000,0.0000,36.7213,2.3669,25.2728,0.0000,0.0000,0.2891,0.0000,0.0000,0.0000,0.0000,0.0000,0.0000,0.0000,0.0000,-22.207,-17.207,3.816,0.477,1.929,0.028356,0.434366,0.000000,0.000000,0.008761,0.528516
965,1036.00,0.000,-10.380,1.7938,3.6385,35.3304,0.0000,0.0000,0.0000,0.0000,36.7953,2.3950,25.1861,0.0000,0.0000,0.2932,0.0000,0.0000,0.0000,0.0000,0.0000,0.0000,0.0000,0.0000,-22.919,-17.760,3.940,0.493,1.992,0.028709,0.435482,0.000000,0.000000,0.008893,0.526916
966,1035.00,0.000,-10.394,1.8495,3.6402,35.3114,0.0000,0.0000,0.0000,0.0000,36.8669,2.4224,25.1018,0.0000,0.0000,0.2975,0.0000,0.0000,0.0000,0.0000,0.0000,0.0000,0.0000,0.0000,-23.605,-18.294,4.060,0.508,2.052,0.029053,0.436564,0.000000,0.000000,0.009027,0.525356
967,1034.00,0.000,-10.409,1.9032,3.6418,35.2929,0.0000,0.0000,0.0000,0.0000,36.9362,2.4491,25.0199,0.0000,0.0000,0.3018,0.0000,0.0000,0.0000,0.0000,0.0000,0.0000,0.0000,0.0000,-24.266,-18.808,4.176,0.523,2.111,0.029389,0.437613,0.000000,0.000000,0.009162,0.523836
968,1033.00,0.000,-10.423,1.9551,3.6434,35.2750,0.0000,0.0000,0.0000,0.0000,37.0033,2.4752,24.9403,0.0000,0.0000,0.3062,0.0000,0.0000,0.0000,0.0000,0.0000,0.0000,0.0000,0.0000,-24.903,-19.303,4.287,0.537,2.167,0.029716,0.438631,0.000000,0.000000,0.009299,0.522354
969,1032.00,0.000,-10.437,2.0052,3.6449,35.2576,0.0000,0.0000,0.0000,0.0000,37.0683,2.5005,24.8630,0.0000,0.0000,0.3106,0.0000,0.0000,0.0000,0.0000,0.0000,0.0000,0.0000,0.0000,-25.516,-19.780,4.395,0.550,2.222,0.030035,0.439618,0.000000,0.000000,0.009438,0.520909
970,1031.00,0.000,-10.452,2.0536,3.6464,35.2408,0.0000,0.0000,0.0000,0.0000,37.1313,2.5251,24.7878,0.0000,0.0000,0.3150,0.0000,0.0000,0.0000,0.0000,0.0000,0.0000,0.0000,0.0000,-26.107,-20.240,4.498,0.563,2.274,0.030345,0.440576,0.000000,0.000000,0.009578,0.519501
971,1030.00,0.000,-10.466,2.1003,3.6478,35.2243,0.0000,0.0000,0.0000,0.0000,37.1925,2.5490,24.7146,0.0000,0.0000,0.3195,0.0000,0.0000,0.0000,0.0000,0.0000,0.0000,0.0000,0.0000,-26.676,-20.683,4.598,0.576,2.325,0.030647,0.441508,0.000000,0.000000,0.009718,0.518127
972,1029.00,0.000,-10.481,2.1454,3.6492,35.2084,0.0000,0.0000,0.0000,0.0000,37.2519,2.5723,24.6435,0.0000,0.0000,0.3240,0.0000,0.0000,0.0000,0.0000,0.0000,0.0000,0.0000,0.0000,-27.224,-21.111,4.695,0.588,2.373,0.030940,0.442413,0.000000,0.000000,0.009860,0.516786
973,1028.00,0.000,-10.495,2.1890,3.6506,35.1929,0.0000,0.0000,0.0000,0.0000,37.3096,2.5948,24.5742,0.0000,0.0000,0.3285,0.0000,0.0000,0.0000,0.0000,0.0000,0.0000,0.0000,0.0000,-27.752,-21.523,4.787,0.600,2.420,0.031225,0.443294,0.000000,0.000000,0.010002,0.515479
974,1027.00,0.000,-10.509,2.2312,3.6519,35.1778,0.0000,0.0000,0.0000,0.0000,37.3657,2.6167,24.5068,0.0000,0.0000,0.3331,0.0000,0.0000,0.0000,0.0000,0.0000,0.0000,0.0000,0.0000,-28.262,-21.921,4.877,0.611,2.466,0.031502,0.444151,0.000000,0.000000,0.010145,0.514202
975,1026.00,0.000,-10.524,2.2719,3.6532,35.1631,0.0000,0.0000,0.0000,0.0000,37.4203,2.6379,24.4411,0.0000,0.0000,0.3376,0.0000,0.0000,0.0000,0.0000,0.0000,0.0000,0.0000,0.0000,-28.754,-22.306,4.963,0.622,2.510,0.031770,0.444986,0.000000,0.000000,0.010288,0.512955
976,1025.00,0.000,-10.538,2.3114,3.6545,35.1488,0.0000,0.0000,0.0000,0.0000,37.4735,2.6584,24.3771,0.0000,0.0000,0.3422,0.0000,0.0000,0.0000,0.0000,0.0000,0.0000,0.0000,0.0000,-29.229,-22.677,5.047,0.632,2.552,0.032031,0.445800,0.000000,0.000000,0.010432,0.511737
977,1024.00,0.000,-10.553,2.3496,3.6558,35.1348,0.0000,0.0000,0.0000,0.0000,37.5253,2.6783,24.3147,0.0000,0.0000,0.3468,0.0000,0.0000,0.0000,0.0000,0.0000,0.0000,0.0000,0.0000,-29.688,-23.037,5.128,0.643,2.593,0.032283,0.446594,0.000000,0.000000,0.010575,0.510547
978,1023.00,0.000,-10.567,2.3866,3.6570,35.1212,0.0000,0.0000,0.0000,0.0000,37.5759,2.6976,24.2539,0.0000,0.0000,0.3514,0.0000,0.0000,0.0000,0.0000,0.0000,0.0000,0.0000,0.0000,-30.132,-23.384,5.206,0.653,2.633,0.032528,0.447369,0.000000,0.000000,0.010720,0.509383
979,1022.00,0.000,-10.582,2.4225,3.6582,35.1080,0.0000,0.0000,0.0000,0.0000,37.6252,2.7163,24.1945,0.0000,0.0000,0.3560,0.0000,0.0000,0.0000,0.0000,0.0000,0.0000,0.0000,0.0000,-30.560,-23.720,5.281,0.662,2.671,0.032766,0.448125,0.000000,0.000000,0.010864,0.508245
980,1021.00,0.000,-10.597,2.4573,3.6593,35.0951,0.0000,0.0000,0.0000,0.0000,37.6734,2.7344,24.1366,0.0000,0.0000,0.3606,0.0000,0.0000,0.0000,0.0000,0.0000,0.0000,0.0000,0.0000,-30.976,-24.046,5.355,0.672,2.709,0.032997,0.448864,0.000000,0.000000,0.011008,0.507131
981,1020.00,0.000,-10.611,2.4911,3.6605,35.0824,0.0000,0.0000,0.0000,0.0000,37.7204,2.7520,24.0800,0.0000,0.0000,0.3652,0.0000,0.0000,0.0000,0.0000,0.0000,0.0000,0.0000,0.0000,-31.378,-24.362,5.425,0.681,2.745,0.033221,0.449586,0.000000,0.000000,0.011152,0.506041
982,1019.00,0.000,-10.626,2.5239,3.6616,35.0701,0.0000,0.0000,0.0000,0.0000,37.7664,2.7690,24.0247,0.0000,0.0000,0.3698,0.0000,0.0000,0.0000,0.0000,0.0000,0.0000,0.0000,0.0000,-31.767,-24.668,5.494,0.689,2.780,0.033438,0.450292,0.000000,0.000000,0.011297,0.504973
983,1018.00,0.000,-10.640,2.5557,3.6626,35.0581,0.0000,0.0000,0.0000,0.0000,37.8113,2.7855,23.9707,0.0000,0.0000,0.3744,0.0000,0.0000,0.0000,0.0000,0.0000,0.0000,0.0000,0.0000,-32.145,-24.965,5.561,0.698,2.814,0.033649,0.450982,0.000000,0.000000,0.011441,0.503928
984,1017.00,0.000,-10.655,2.5867,3.6637,35.0464,0.0000,0.0000,0.0000,0.0000,37.8553,2.8015,23.9179,0.0000,0.0000,0.3790,0.0000,0.0000,0.0000,0.0000,0.0000,0.0000,0.0000,0.0000,-32.511,-25.254,5.625,0.706,2.847,0.033853,0.451658,0.000000,0.000000,0.011586,0.502903
985,1016.00,0.000,-10.670,2.6169,3.6647,35.0349,0.0000,0.0000,0.0000,0.0000,37.8984,2.8170,23.8662,0.0000,0.0000,0.3836,0.0000,0.0000,0.0000,0.0000,0.0000,0.0000,0.0000,0.0000,-32.866,-25.534,5.688,0.714,2.879,0.034052,0.452320,0.000000,0.000000,0.011730,0.501898
986,1015.00,0.000,-10.685,2.6462,3.6658,35.0237,0.0000,0.0000,0.0000,0.0000,37.9405,2.8320,23.8156,0.0000,0.0000,0.3882,0.0000,0.0000,0.0000,0.0000,0.0000,0.0000,0.0000,0.0000,-33.212,-25.806,5.749,0.722,2.910,0.034244,0.452969,0.000000,0.000000,0.011875,0.500913
987,1014.00,0.000,-10.699,2.6747,3.6668,35.0127,0.0000,0.0000,0.0000,0.0000,37.9819,2.8466,23.7661,0.0000,0.0000,0.3928,0.0000,0.0000,0.0000,0.0000,0.0000,0.0000,0.0000,0.0000,-33.547,-26.071,5.808,0.729,2.940,0.034431,0.453604,0.000000,0.000000,0.012019,0.499946
988,1013.00,0.000,-10.714,2.7026,3.6677,35.0019,0.0000,0.0000,0.0000,0.0000,38.0223,2.8607,23.7177,0.0000,0.0000,0.3974,0.0000,0.0000,0.0000,0.0000,0.0000,0.0000,0.0000,0.0000,-33.873,-26.329,5.865,0.737,2.970,0.034613,0.454227,0.000000,0.000000,0.012163,0.498997
989,1012.00,0.000,-10.729,2.7297,3.6687,34.9914,0.0000,0.0000,0.0000,0.0000,38.0620,2.8744,23.6702,0.0000,0.0000,0.4019,0.0000,0.0000,0.0000,0.0000,0.0000,0.0000,0.0000,0.0000,-34.190,-26.581,5.921,0.744,2.998,0.034789,0.454838,0.000000,0.000000,0.012307,0.498065
990,1011.00,0.000,-10.744,2.6648,3.6720,34.9533,0.0000,0.0000,0.0000,0.0000,38.1814,2.9590,23.5031,0.0000,0.0000,0.4032,0.0000,0.0000,0.0000,0.0000,0.0000,0.0000,0.0000,0.0000,-33.312,-25.895,5.776,0.726,2.924,0.035852,0.456762,0.000000,0.000000,0.012359,0.495027
991,1010.00,0.000,-10.758,2.5846,3.6759,34.9090,0.0000,0.0000,0.0000,0.0000,38.3179,3.0597,23.3096,0.0000,0.0000,0.4038,0.0000,0.0000,0.0000,0.0000,0.0000,0.0000,0.0000,0.0000,-32.238,-25.055,5.598,0.703,2.833,0.037119,0.458975,0.000000,0.000000,0.012392,0.491513
992,1009.00,0.000,-10.773,2.5087,3.6798,34.8646,0.0000,0.0000,0.0000,0.0000,38.4545,3.1615,23.1151,0.0000,0.0000,0.4044,0.0000,0.0000,0.0000,0.0000,0.0000,0.0000,0.0000,0.0000,-31.220,-24.260,5.429,0.682,2.746,0.038403,0.461199,0.000000,0.000000,0.012427,0.487972
993,1008.00,0.000,-10.788,2.4367,3.6836,34.8200,0.0000,0.0000,0.0000,0.0000,38.5910,3.2643,22.9197,0.0000,0.0000,0.4051,0.0000,0.0000,0.0000,0.0000,0.0000,0.0000,0.0000,0.0000,-30.256,-23.506,5.269,0.661,2.664,0.039702,0.463430,0.000000,0.000000,0.012463,0.484405
994,1007.00,0.000,-10.803,2.3685,3.6876,34.7752,0.0000,0.0000,0.0000,0.0000,38.7274,3.3680,22.7237,0.0000,0.0000,0.4058,0.0000,0.0000,0.0000,0.0000,0.0000,0.0000,0.0000,0.0000,-29.342,-22.792,5.117,0.642,2.586,0.041017,0.465667,0.000000,0.000000,0.012501,0.480815
995,1006.00,0.000,-10.818,2.3039,3.6915,34.7303,0.0000,0.0000,0.0000,0.0000,38.8635,3.4727,22.5271,0.0000,0.0000,0.4065,0.0000,0.0000,0.0000,0.0000,0.0000,0.0000,0.0000,0.0000,-28.476,-22.115,4.973,0.624,2.513,0.042346,0.467908,0.000000,0.000000,0.012540,0.477206
996,1005.00,0.000,-10.833,2.2426,3.6954,34.6852,0.0000,0.0000,0.0000,0.0000,38.9993,3.5781,22.3300,0.0000,0.0000,0.4073,0.0000,0.0000,0.0000,0.0000,0.0000,0.0000,0.0000,0.0000,-27.655,-21.473,4.837,0.607,2.443,0.043689,0.470152,0.000000,0.000000,0.012581,0.473579
997,1004.00,0.000,-10.848,2.1845,3.6994,34.6402,0.0000,0.0000,0.0000,0.0000,39.1346,3.6844,22.1327,0.0000,0.0000,0.4081,0.0000,0.0000,0.0000,0.0000,0.0000,0.0000,0.0000,0.0000,-26.876,-20.864,4.708,0.590,2.377,0.045045,0.472397,0.000000,0.000000,0.012622,0.469936
998,1003.00,0.000,-10.863,2.1293,3.7034,34.5951,0.0000,0.0000,0.0000,0.0000,39.2694,3.7914,21.9352,0.0000,0.0000,0.4089,0.0000,0.0000,0.0000,0.0000,0.0000,0.0000,0.0000,0.0000,-26.137,-20.286,4.585,0.575,2.314,0.046413,0.474642,0.000000,0.000000,0.012665,0.466280
999,1002.00,0.000,-10.878,2.0769,3.7073,34.5500,0.0000,0.0000,0.0000,0.0000,39.4035,3.8991,21.7376,0.0000,0.0000,0.4098,0.0000,0.0000,0.0000,0.0000,0.0000,0.0000,0.0000,0.0000,-25.435,-19.737,4.468,0.560,2.254,0.047794,0.476884,0.000000,0.000000,0.012708,0.462613
1000,1001.00,0.000,-10.893,2.0272,3.7113,34.5049,0.0000,0.0000,0.0000,0.0000,39.5369,4.0074,21.5401,0.0000,0.0000,0.4107,0.0000,0.0000,0.0000,0.0000,0.0000,0.0000,0.0000,0.0000,-24.769,-19.216,4.358,0.546,2.197,0.049186,0.479124,0.000000,0.000000,0.012753,0.458937
1001,1000.00,0.000,-10.908,1.9800,3.7153,34.4598,0.0000,0.0000,0.0000,0.0000,39.6695,4.1163,21.3427,0.0000,0.0000,0.4116,0.0000,0.0000,0.0000,0.0000,0.0000,0.0000,0.0000,0.0000,-24.136,-18.721,4.253,0.533,2.144,0.050588,0.481360,0.000000,0.000000,0.012798,0.455254
1002,999.00,0.000,-10.923,1.9352,3.7192,34.4148,0.0000,0.0000,0.0000,0.0000,39.8012,4.2257,21.1457,0.0000,0.0000,0.4126,0.0000,0.0000,0.0000,0.0000,0.0000,0.0000,0.0000,0.0000,-23.534,-18.251,4.153,0.520,2.092,0.052001,0.483589,0.000000,0.000000,0.012844,0.451566
1003,998.00,0.000,-10.938,1.8926,3.7232,34.3699,0.0000,0.0000,0.0000,0.0000,39.9320,4.3356,20.9489,0.0000,0.0000,0.4135,0.0000,0.0000,0.0000,0.0000,0.0000,0.0000,0.0000,0.0000,-22.963,-17.805,4.058,0.508,2.044,0.053422,0.485812,0.000000,0.000000,0.012891,0.447874
1004,997.00,0.000,-10.953,1.8521,3.7272,34.3252,0.0000,0.0000,0.0000,0.0000,40.0618,4.4458,20.7527,0.0000,0.0000,0.4145,0.0000,0.0000,0.0000,0.0000,0.0000,0.0000,0.0000,0.0000,-22.420,-17.380,3.968,0.497,1.998,0.054853,0.488028,0.000000,0.000000,0.012938,0.444181
1005,996.00,0.000,-10.969,1.8136,3.7312,34.2805,0.0000,0.0000,0.0000,0.0000,40.1906,4.5565,20.5570,0.0000,0.0000,0.4155,0.0000,0.0000,0.0000,0.0000,0.0000,0.0000,0.0000,0.0000,-21.903,-16.976,3.882,0.486,1.954,0.056291,0.490234,0.000000,0.000000,0.012986,0.440489
1006,995.00,0.000,-10.984,1.7771,3.7351,34.2360,0.0000,0.0000,0.0000,0.0000,40.3182,4.6674,20.3619,0.0000,0.0000,0.4165,0.0000,0.0000,0.0000,0.0000,0.0000,0.0000,0.0000,0.0000,-21.412,-16.592,3.800,0.476,1.912,0.057736,0.492430,0.000000,0.000000,0.013035,0.436800
1007,994.00,0.000,-10.999,1.7423,3.7391,34.1917,0.0000,0.0000,0.0000,0.0000,40.4447,4.7785,20.1676,0.0000,0.0000,0.4175,0.0000,0.0000,0.0000,0.0000,0.0000,0.0000,0.0000,0.0000,-20.945,-16.227,3.723,0.466,1.872,0.059187,0.494615,0.000000,0.000000,0.013084,0.433114
1008,993.00,0.000,-11.014,1.7093,3.7430,34.1475,0.0000,0.0000,0.0000,0.0000,40.5699,4.8898,19.9742,0.0000,0.0000,0.4186,0.0000,0.0000,0.0000,0.0000,0.0000,0.0000,0.0000,0.0000,-20.500,-15.880,3.649,0.457,1.835,0.060644,0.496787,0.000000,0.000000,0.013133,0.429435
1009,992.00,0.000,-11.029,1.6779,3.7469,34.1036,0.0000,0.0000,0.0000,0.0000,40.6939,5.0013,19.7816,0.0000,0.0000,0.4196,0.0000,0.0000,0.0000,0.0000,0.0000,0.0000,0.0000,0.0000,-20.077,-15.549,3.579,0.448,1.799,0.062107,0.498947,0.000000,0.000000,0.013182,0.425764
1010,991.00,0.000,-11.045,1.6481,3.7509,34.0599,0.0000,0.0000,0.0000,0.0000,40.8165,5.1128,19.5901,0.0000,0.0000,0.4206,0.0000,0.0000,0.0000,0.0000,0.0000,0.0000,0.0000,0.0000,-19.675,-15.235,3.512,0.439,1.765,0.063573,0.501093,0.000000,0.000000,0.013232,0.422102
1011,990.00,0.000,-11.060,1.6197,3.7548,34.0165,0.0000,0.0000,0.0000,0.0000,40.9379,5.2243,19.3996,0.0000,0.0000,0.4217,0.0000,0.0000,0.0000,0.0000,0.0000,0.0000,0.0000,0.0000,-19.292,-14.935,3.449,0.431,1.732,0.065042,0.503225,0.000000,0.000000,0.013282,0.418451
1012,989.00,0.000,-11.075,1.5927,3.7586,33.9733,0.0000,0.0000,0.0000,0.0000,41.0578,5.3358,19.2103,0.0000,0.0000,0.4227,0.0000,0.0000,0.0000,0.0000,0.0000,0.0000,0.0000,0.0000,-18.927,-14.650,3.389,0.424,1.701,0.066514,0.505341,0.000000,0.000000,0.013332,0.414813
1013,988.00,0.000,-11.091,1.5671,3.7625,33.9304,0.0000,0.0000,0.0000,0.0000,41.1764,5.4471,19.0223,0.0000,0.0000,0.4238,0.0000,0.0000,0.0000,0.0000,0.0000,0.0000,0.0000,0.0000,-18.580,-14.379,3.331,0.416,1.672,0.067989,0.507440,0.000000,0.000000,0.013381,0.411190
1014,987.00,0.000,-11.106,1.5427,3.7664,33.8878,0.0000,0.0000,0.0000,0.0000,41.2935,5.5584,18.8355,0.0000,0.0000,0.4248,0.0000,0.0000,0.0000,0.0000,0.0000,0.0000,0.0000,0.0000,-18.250,-14.121,3.277,0.410,1.644,0.069464,0.509523,0.000000,0.000000,0.013431,0.407582
1015,986.00,0.000,-11.122,1.5195,3.7702,33.8455,0.0000,0.0000,0.0000,0.0000,41.4091,5.6694,18.6501,0.0000,0.0000,0.4258,0.0000,0.0000,0.0000,0.0000,0.0000,0.0000,0.0000,0.0000,-17.935,-13.875,3.225,0.403,1.617,0.070939,0.511588,0.000000,0.000000,0.013481,0.403992
1016,985.00,0.000,-11.137,1.4975,3.7740,33.8036,0.0000,0.0000,0.0000,0.0000,41.5233,5.7801,18.4661,0.0000,0.0000,0.4269,0.0000,0.0000,0.0000,0.0000,0.0000,0.0000,0.0000,0.0000,-17.635,-13.641,3.175,0.397,1.592,0.072415,0.513635,0.000000,0.000000,0.013530,0.400420
1017,984.00,0.000,-11.152,1.4765,3.7778,33.7620,0.0000,0.0000,0.0000,0.0000,41.6359,5.8905,18.2836,0.0000,0.0000,0.4279,0.0000,0.0000,0.0000,0.0000,0.0000,0.0000,0.0000,0.0000,-17.350,-13.418,3.128,0.391,1.568,0.073889,0.515664,0.000000,0.000000,0.013579,0.396868
1018,983.00,0.000,-11.168,1.4566,3.7815,33.7207,0.0000,0.0000,0.0000,0.0000,41.7471,6.0006,18.1027,0.0000,0.0000,0.4289,0.0000,0.0000,0.0000,0.0000,0.0000,0.0000,0.0000,0.0000,-17.078,-13.205,3.083,0.385,1.545,0.075362,0.517672,0.000000,0.000000,0.013627,0.393338
1019,982.00,0.000,-11.183,1.4376,3.7852,33.6798,0.0000,0.0000,0.0000,0.0000,41.8567,6.1103,17.9233,0.0000,0.0000,0.4299,0.0000,0.0000,0.0000,0.0000,0.0000,0.0000,0.0000,0.0000,-16.819,-13.003,3.040,0.380,1.523,0.076833,0.519662,0.000000,0.000000,0.013675,0.389830
1020,981.00,0.000,-11.199,1.4196,3.7889,33.6393,0.0000,0.0000,0.0000,0.0000,41.9647,6.2195,17.7456,0.0000,0.0000,0.4309,0.0000,0.0000,0.0000,0.0000,0.0000,0.0000,0.0000,0.0000,-16.572,-12.810,3.000,0.375,1.502,0.078300,0.521630,0.000000,0.000000,0.013723,0.386346
1021,980.00,0.000,-11.214,1.4025,3.7926,33.5992,0.0000,0.0000,0.0000,0.0000,42.0712,6.3282,17.5696,0.0000,0.0000,0.4318,0.0000,0.0000,0.0000,0.0000,0.0000,0.0000,0.0000,0.0000,-16.336,-12.626,2.961,0.370,1.483,0.079764,0.523579,0.000000,0.000000,0.013770,0.382887
1022,979.00,0.000,-11.230,1.3862,3.7962,33.5595,0.0000,0.0000,0.0000,0.0000,42.1761,6.4364,17.3953,0.0000,0.0000,0.4328,0.0000,0.0000,0.0000,0.0000,0.0000,0.0000,0.0000,0.0000,-16.112,-12.451,2.924,0.365,1.464,0.081224,0.525506,0.000000,0.000000,0.013817,0.379454
1023,978.00,0.000,-11.246,1.3708,3.7999,33.5201,0.0000,0.0000,0.0000,0.0000,42.2795,6.5440,17.2227,0.0000,0.0000,0.4337,0.0000,0.0000,0.0000,0.0000,0.0000,0.0000,0.0000,0.0000,-15.898,-12.284,2.889,0.361,1.446,0.082678,0.527412,0.000000,0.000000,0.013863,0.376047
1024,977.00,0.000,-11.261,1.3561,3.8034,33.4812,0.0000,0.0000,0.0000,0.0000,42.3813,6.6510,17.0519,0.0000,0.0000,0.4346,0.0000,0.0000,0.0000,0.0000,0.0000,0.0000,0.0000,0.0000,-15.695,-12.125,2.856,0.357,1.429,0.084128,0.529296,0.000000,0.000000,0.013908,0.372668
1025,976.00,0.000,-11.277,1.3421,3.8070,33.4427,0.0000,0.0000,0.0000,0.0000,42.4815,6.7573,16.8830,0.0000,0.0000,0.4355,0.0000,0.0000,0.0000,0.0000,0.0000,0.0000,0.0000,0.0000,-15.500,-11.973,2.824,0.353,1.412,0.085571,0.531159,0.000000,0.000000,0.013952,0.369318
1026,975.00,0.000,-11.293,1.3288,3.8105,33.4046,0.0000,0.0000,0.0000,0.0000,42.5801,6.8630,16.7159,0.0000,0.0000,0.4364,0.0000,0.0000,0.0000,0.0000,0.0000,0.0000,0.0000,0.0000,-15.315,-11.828,2.794,0.349,1.397,0.087008,0.532999,0.000000,0.000000,0.013996,0.365997
1027,974.00,0.000,-11.308,1.3162,3.8140,33.3670,0.0000,0.0000,0.0000,0.0000,42.6772,6.9679,16.5507,0.0000,0.0000,0.4372,0.0000,0.0000,0.0000,0.0000,0.0000,0.0000,0.0000,0.0000,-15.138,-11.690,2.765,0.345,1.382,0.088438,0.534817,0.000000,0.000000,0.014039,0.362706
1028,973.00,0.000,-11.324,1.3043,3.8174,33.3297,0.0000,0.0000,0.0000,0.0000,42.7727,7.0721,16.3875,0.0000,0.0000,0.4380,0.0000,0.0000,0.0000,0.0000,0.0000,0.0000,0.0000,0.0000,-14.970,-11.559,2.737,0.342,1.368,0.089861,0.536613,0.000000,0.000000,0.014080,0.359446
1029,972.00,0.000,-11.340,1.2929,3.8209,33.2930,0.0000,0.0000,0.0000,0.0000,42.8667,7.1755,16.2261,0.0000,0.0000,0.4388,0.0000,0.0000,0.0000,0.0000,0.0000,0.0000,0.0000,0.0000,-14.809,-11.433,2.711,0.338,1.355,0.091275,0.538386,0.000000,0.000000,0.014121,0.356218
1030,971.00,0.000,-11.356,1.2821,3.8243,33.2566,0.0000,0.0000,0.0000,0.0000,42.9591,7.2780,16.0666,0.0000,0.0000,0.4396,0.0000,0.0000,0.0000,0.0000,0.0000,0.0000,0.0000,0.0000,-14.656,-11.314,2.686,0.335,1.342,0.092681,0.540136,0.000000,0.000000,0.014161,0.353021
1031,970.00,0.000,-11.371,1.2718,3.8276,33.2207,0.0000,0.0000,0.0000,0.0000,43.0500,7.3798,15.9092,0.0000,0.0000,0.4403,0.0000,0.0000,0.0000,0.0000,0.0000,0.0000,0.0000,0.0000,-14.510,-11.200,2.663,0.332,1.330,0.094079,0.541864,0.000000,0.000000,0.014200,0.349857
1032,969.00,0.000,-11.387,1.2621,3.8309,33.1853,0.0000,0.0000,0.0000,0.0000,43.1394,7.4807,15.7536,0.0000,0.0000,0.4410,0.0000,0.0000,0.0000,0.0000,0.0000,0.0000,0.0000,0.0000,-14.370,-11.091,2.640,0.329,1.318,0.095467,0.543569,0.000000,0.000000,0.014238,0.346726
1033,968.00,0.000,-11.403,1.2529,3.8342,33.1503,0.0000,0.0000,0.0000,0.0000,43.2273,7.5807,15.6001,0.0000,0.0000,0.4417,0.0000,0.0000,0.0000,0.0000,0.0000,0.0000,0.0000,0.0000,-14.237,-10.987,2.619,0.327,1.307,0.096845,0.545251,0.000000,0.000000,0.014275,0.343629
1034,967.00,0.000,-11.419,1.2441,3.8374,33.1157,0.0000,0.0000,0.0000,0.0000,43.3137,7.6798,15.4485,0.0000,0.0000,0.4423,0.0000,0.0000,0.0000,0.0000,0.0000,0.0000,0.0000,0.0000,-14.110,-10.888,2.598,0.324,1.297,0.098213,0.546911,0.000000,0.000000,0.014311,0.340565
1035,966.00,0.000,-11.435,1.2358,3.8406,33.0816,0.0000,0.0000,0.0000,0.0000,43.3986,7.7780,15.2989,0.0000,0.0000,0.4429,0.0000,0.0000,0.0000,0.0000,0.0000,0.0000,0.0000,0.0000,-13.989,-10.794,2.579,0.322,1.287,0.099571,0.548548,0.000000,0.000000,0.014345,0.337535
1036,965.00,0.000,-11.451,1.2279,3.8438,33.0480,0.0000,0.0000,0.0000,0.0000,43.4821,7.8752,15.1513,0.0000,0.0000,0.4435,0.0000,0.0000,0.0000,0.0000,0.0000,0.0000,0.0000,0.0000,-13.873,-10.703,2.560,0.319,1.278,0.100919,0.550163,0.000000,0.000000,0.014379,0.334540
1037,964.00,0.000,-11.467,1.2204,3.8470,33.0148,0.0000,0.0000,0.0000,0.0000,43.5641,7.9715,15.0056,0.0000,0.0000,0.4441,0.0000,0.0000,0.0000,0.0000,0.0000,0.0000,0.0000,0.0000,-13.763,-10.617,2.543,0.317,1.269,0.102255,0.551755,0.000000,0.000000,0.014411,0.331579
1038,963.00,0.000,-11.483,1.2133,3.8501,32.9820,0.0000,0.0000,0.0000,0.0000,43.6447,8.0668,14.8619,0.0000,0.0000,0.4446,0.0000,0.0000,0.0000,0.0000,0.0000,0.0000,0.0000,0.0000,-13.657,-10.535,2.526,0.315,1.260,0.103581,0.553324,0.000000,0.000000,0.014442,0.328653
1039,962.00,0.000,-11.499,1.2066,3.8531,32.9497,0.0000,0.0000,0.0000,0.0000,43.7239,8.1611,14.7202,0.0000,0.0000,0.4450,0.0000,0.0000,0.0000,0.0000,0.0000,0.0000,0.0000,0.0000,-13.557,-10.457,2.510,0.313,1.252,0.104894,0.554872,0.000000,0.000000,0.014471,0.325762
1040,961.00,0.000,-11.515,1.2002,3.8562,32.9179,0.0000,0.0000,0.0000,0.0000,43.8017,8.2544,14.5805,0.0000,0.0000,0.4455,0.0000,0.0000,0.0000,0.0000,0.0000,0.0000,0.0000,0.0000,-13.461,-10.382,2.495,0.311,1.244,0.106196,0.556397,0.000000,0.000000,0.014500,0.322907
1041,960.00,0.000,-11.531,1.1942,3.8591,32.8865,0.0000,0.0000,0.0000,0.0000,43.8782,8.3467,14.4428,0.0000,0.0000,0.4459,0.0000,0.0000,0.0000,0.0000,0.0000,0.0000,0.0000,0.0000,-13.369,-10.311,2.480,0.309,1.237,0.107486,0.557901,0.000000,0.000000,0.014527,0.320086
1042,959.00,0.000,-11.547,1.1885,3.8621,32.8555,0.0000,0.0000,0.0000,0.0000,43.9533,8.4380,14.3070,0.0000,0.0000,0.4463,0.0000,0.0000,0.0000,0.0000,0.0000,0.0000,0.0000,0.0000,-13.281,-10.243,2.466,0.308,1.230,0.108764,0.559382,0.000000,0.000000,0.014553,0.317300
1043,958.00,0.000,-11.563,1.1831,3.8650,32.8250,0.0000,0.0000,0.0000,0.0000,44.0271,8.5283,14.1731,0.0000,0.0000,0.4466,0.0000,0.0000,0.0000,0.0000,0.0000,0.0000,0.0000,0.0000,-13.198,-10.178,2.453,0.306,1.223,0.110030,0.560843,0.000000,0.000000,0.014577,0.314550
1044,957.00,0.000,-11.579,1.1780,3.8679,32.7949,0.0000,0.0000,0.0000,0.0000,44.0996,8.6175,14.0411,0.0000,0.0000,0.4469,0.0000,0.0000,0.0000,0.0000,0.0000,0.0000,0.0000,0.0000,-13.118,-10.116,2.441,0.305,1.216,0.111283,0.562282,0.000000,0.000000,0.014600,0.311835
1045,956.00,0.000,-11.595,1.1731,3.8708,32.7653,0.0000,0.0000,0.0000,0.0000,44.1708,8.7056,13.9111,0.0000,0.0000,0.4472,0.0000,0.0000,0.0000,0.0000,0.0000,0.0000,0.0000,0.0000,-13.042,-10.056,2.429,0.303,1.210,0.112523,0.563699,0.000000,0.000000,0.014622,0.309155
1046,955.00,0.000,-11.611,1.1686,3.8736,32.7361,0.0000,0.0000,0.0000,0.0000,44.2408,8.7928,13.7830,0.0000,0.0000,0.4474,0.0000,0.0000,0.0000,0.0000,0.0000,0.0000,0.0000,0.0000,-12.969,-10.000,2.417,0.302,1.205,0.113751,0.565096,0.000000,0.000000,0.014643,0.306510
1047,954.00,0.000,-11.628,1.1642,3.8764,32.7073,0.0000,0.0000,0.0000,0.0000,44.3095,8.8789,13.6568,0.0000,0.0000,0.4476,0.0000,0.0000,0.0000,0.0000,0.0000,0.0000,0.0000,0.0000,-12.899,-9.946,2.407,0.300,1.199,0.114966,0.566472,0.000000,0.000000,0.014662,0.303900
1048,953.00,0.000,-11.644,1.1602,3.8791,32.6789,0.0000,0.0000,0.0000,0.0000,44.3771,8.9639,13.5324,0.0000,0.0000,0.4477,0.0000,0.0000,0.0000,0.0000,0.0000,0.0000,0.0000,0.0000,-12.833,-9.895,2.396,0.299,1.194,0.116167,0.567828,0.000000,0.000000,0.014679,0.301325
1049,952.00,0.000,-11.660,1.1563,3.8818,32.6510,0.0000,0.0000,0.0000,0.0000,44.4434,9.0478,13.4099,0.0000,0.0000,0.4478,0.0000,0.0000,0.0000,0.0000,0.0000,0.0000,0.0000,0.0000,-12.769,-9.845,2.387,0.298,1.189,0.117356,0.569164,0.000000,0.000000,0.014696,0.298785
1050,951.00,0.000,-11.677,1.1527,3.8845,32.6234,0.0000,0.0000,0.0000,0.0000,44.5086,9.1307,13.2893,0.0000,0.0000,0.4479,0.0000,0.0000,0.0000,0.0000,0.0000,0.0000,0.0000,0.0000,-12.709,-9.798,2.377,0.297,1.184,0.118531,0.570480,0.000000,0.000000,0.014711,0.296279
1051,950.00,0.000,-11.693,1.1493,3.8871,32.5963,0.0000,0.0000,0.0000,0.0000,44.5727,9.2126,13.1704,0.0000,0.0000,0.4480,0.0000,0.0000,0.0000,0.0000,0.0000,0.0000,0.0000,0.0000,-12.651,-9.754,2.368,0.296,1.180,0.119693,0.571776,0.000000,0.000000,0.014724,0.293807
1052,949.00,0.000,-11.709,1.1461,3.8897,32.5696,0.0000,0.0000,0.0000,0.0000,44.6356,9.2934,13.0534,0.0000,0.0000,0.4480,0.0000,0.0000,0.0000,0.0000,0.0000,0.0000,0.0000,0.0000,-12.595,-9.711,2.360,0.295,1.176,0.120841,0.573053,0.000000,0.000000,0.014736,0.291369
1053,948.00,0.000,-11.726,1.1430,3.8923,32.5433,0.0000,0.0000,0.0000,0.0000,44.6975,9.3731,12.9382,0.0000,0.0000,0.4479,0.0000,0.0000,0.0000,0.0000,0.0000,0.0000,0.0000,0.0000,-12.542,-9.670,2.352,0.294,1.171,0.121977,0.574311,0.000000,0.000000,0.014747,0.288966
1054,947.00,0.000,-11.742,1.1402,3.8949,32.5174,0.0000,0.0000,0.0000,0.0000,44.7583,9.4518,12.8247,0.0000,0.0000,0.4479,0.0000,0.0000,0.0000,0.0000,0.0000,0.0000,0.0000,0.0000,-12.492,-9.631,2.344,0.293,1.168,0.123098,0.575550,0.000000,0.000000,0.014756,0.286596
1055,946.00,0.000,-11.758,1.1375,3.8974,32.4919,0.0000,0.0000,0.0000,0.0000,44.8180,9.5294,12.7129,0.0000,0.0000,0.4477,0.0000,0.0000,0.0000,0.0000,0.0000,0.0000,0.0000,0.0000,-12.444,-9.594,2.337,0.292,1.164,0.124206,0.576770,0.000000,0.000000,0.014764,0.284259
1056,945.00,0.000,-11.775,1.1350,3.8998,32.4668,0.0000,0.0000,0.0000,0.0000,44.8767,9.6059,12.6029,0.0000,0.0000,0.4476,0.0000,0.0000,0.0000,0.0000,0.0000,0.0000,0.0000,0.0000,-12.397,-9.559,2.330,0.291,1.161,0.125301,0.577973,0.000000,0.000000,0.014771,0.281955
1057,944.00,0.000,-11.791,1.1327,3.9023,32.4421,0.0000,0.0000,0.0000,0.0000,44.9344,9.6814,12.4946,0.0000,0.0000,0.4474,0.0000,0.0000,0.0000,0.0000,0.0000,0.0000,0.0000,0.0000,-12.353,-9.525,2.324,0.290,1.157,0.126382,0.579157,0.000000,0.000000,0.014776,0.279685
1058,943.00,0.000,-11.808,1.1305,3.9047,32.4178,0.0000,0.0000,0.0000,0.0000,44.9912,9.7559,12.3880,0.0000,0.0000,0.4472,0.0000,0.0000,0.0000,0.0000,0.0000,0.0000,0.0000,0.0000,-12.311,-9.493,2.318,0.290,1.154,0.127450,0.580324,0.000000,0.000000,0.014780,0.277446
1059,942.00,0.000,-11.824,1.1284,3.9071,32.3938,0.0000,0.0000,0.0000,0.0000,45.0470,9.8293,12.2830,0.0000,0.0000,0.4469,0.0000,0.0000,0.0000,0.0000,0.0000,0.0000,0.0000,0.0000,-12.271,-9.462,2.312,0.289,1.151,0.128504,0.581474,0.000000,0.000000,0.014782,0.275240
1060,941.00,0.000,-11.841,1.1265,3.9094,32.3702,0.0000,0.0000,0.0000,0.0000,45.1019,9.9017,12.1796,0.0000,0.0000,0.4466,0.0000,0.0000,0.0000,0.0000,0.0000,0.0000,0.0000,0.0000,-12.232,-9.433,2.306,0.288,1.148,0.129545,0.582606,0.000000,0.000000,0.014783,0.273066
1061,940.00,0.000,-11.858,1.1247,3.9117,32.3470,0.0000,0.0000,0.0000,0.0000,45.1558,9.9730,12.0779,0.0000,0.0000,0.4463,0.0000,0.0000,0.0000,0.0000,0.0000,0.0000,0.0000,0.0000,-12.196,-9.405,2.301,0.288,1.146,0.130572,0.583722,0.000000,0.000000,0.014783,0.270924
1062,939.00,0.000,-11.874,1.1231,3.9140,32.3241,0.0000,0.0000,0.0000,0.0000,45.2089,10.0434,11.9778,0.0000,0.0000,0.4459,0.0000,0.0000,0.0000,0.0000,0.0000,0.0000,0.0000,0.0000,-12.161,-9.378,2.296,0.287,1.143,0.131586,0.584821,0.000000,0.000000,0.014781,0.268812
1063,938.00,0.000,-11.891,1.1215,3.9163,32.3016,0.0000,0.0000,0.0000,0.0000,45.2611,10.1127,11.8792,0.0000,0.0000,0.4455,0.0000,0.0000,0.0000,0.0000,0.0000,0.0000,0.0000,0.0000,-12.127,-9.352,2.291,0.286,1.141,0.132586,0.585905,0.000000,0.000000,0.014778,0.266732
1064,937.00,0.000,-11.908,1.1201,3.9185,32.2794,0.0000,0.0000,0.0000,0.0000,45.3124,10.1809,11.7822,0.0000,0.0000,0.4451,0.0000,0.0000,0.0000,0.0000,0.0000,0.0000,0.0000,0.0000,-12.095,-9.328,2.286,0.286,1.139,0.133573,0.586972,0.000000,0.000000,0.014773,0.264682
1065,936.00,0.000,-11.924,1.1188,3.9207,32.2576,0.0000,0.0000,0.0000,0.0000,45.3629,10.2482,11.6866,0.0000,0.0000,0.4446,0.0000,0.0000,0.0000,0.0000,0.0000,0.0000,0.0000,0.0000,-12.064,-9.305,2.282,0.285,1.136,0.134547,0.588024,0.000000,0.000000,0.014767,0.262662
1066,935.00,0.000,-11.941,1.1176,3.9229,32.2361,0.0000,0.0000,0.0000,0.0000,45.4127,10.3145,11.5926,0.0000,0.0000,0.4441,0.0000,0.0000,0.0000,0.0000,0.0000,0.0000,0.0000,0.0000,-12.035,-9.283,2.278,0.285,1.134,0.135507,0.589061,0.000000,0.000000,0.014760,0.260672
1067,934.00,0.000,-11.958,1.1164,3.9250,32.2149,0.0000,0.0000,0.0000,0.0000,45.4616,10.3798,11.5001,0.0000,0.0000,0.4435,0.0000,0.0000,0.0000,0.0000,0.0000,0.0000,0.0000,0.0000,-12.007,-9.262,2.274,0.284,1.133,0.136454,0.590083,0.000000,0.000000,0.014752,0.258711
1068,933.00,0.000,-11.974,1.1154,3.9271,32.1941,0.0000,0.0000,0.0000,0.0000,45.5098,10.4441,11.4091,0.0000,0.0000,0.4430,0.0000,0.0000,0.0000,0.0000,0.0000,0.0000,0.0000,0.0000,-11.980,-9.242,2.270,0.284,1.131,0.137388,0.591090,0.000000,0.000000,0.014742,0.256780
1069,932.00,0.000,-11.991,1.1145,3.9292,32.1736,0.0000,0.0000,0.0000,0.0000,45.5572,10.5074,11.3194,0.0000,0.0000,0.4423,0.0000,0.0000,0.0000,0.0000,0.0000,0.0000,0.0000,0.0000,-11.955,-9.223,2.267,0.284,1.129,0.138309,0.592083,0.000000,0.000000,0.014730,0.254877
1070,931.00,0.000,-12.008,1.1136,3.9313,32.1535,0.0000,0.0000,0.0000,0.0000,45.6039,10.5698,11.2312,0.0000,0.0000,0.4417,0.0000,0.0000,0.0000,0.0000,0.0000,0.0000,0.0000,0.0000,-11.931,-9.205,2.264,0.283,1.127,0.139217,0.593062,0.000000,0.000000,0.014718,0.253002
1071,930.00,0.000,-12.025,1.1129,3.9333,32.1336,0.0000,0.0000,0.0000,0.0000,45.6499,10.6312,11.1444,0.0000,0.0000,0.4410,0.0000,0.0000,0.0000,0.0000,0.0000,0.0000,0.0000,0.0000,-11.907,-9.188,2.260,0.283,1.126,0.140113,0.594027,0.000000,0.000000,0.014704,0.251156
1072,929.00,0.000,-12.042,1.1122,3.9353,32.1140,0.0000,0.0000,0.0000,0.0000,45.6952,10.6916,11.0589,0.0000,0.0000,0.4403,0.0000,0.0000,0.0000,0.0000,0.0000,0.0000,0.0000,0.0000,-11.885,-9.171,2.258,0.283,1.125,0.140995,0.594979,0.000000,0.000000,0.014689,0.249337
1073,928.00,0.000,-12.059,1.1116,3.9373,32.0948,0.0000,0.0000,0.0000,0.0000,45.7398,10.7511,10.9748,0.0000,0.0000,0.4395,0.0000,0.0000,0.0000,0.0000,0.0000,0.0000,0.0000,0.0000,-11.864,-9.156,2.255,0.282,1.123,0.141864,0.595917,0.000000,0.000000,0.014673,0.247546
1074,927.00,0.000,-12.076,1.1110,3.9392,32.0758,0.0000,0.0000,0.0000,0.0000,45.7838,10.8096,10.8920,0.0000,0.0000,0.4388,0.0000,0.0000,0.0000,0.0000,0.0000,0.0000,0.0000,0.0000,-11.844,-9.141,2.252,0.282,1.122,0.142721,0.596843,0.000000,0.000000,0.014656,0.245781
1075,926.00,0.000,-12.093,1.1105,3.9412,32.0572,0.0000,0.0000,0.0000,0.0000,45.8272,10.8672,10.8105,0.0000,0.0000,0.4379,0.0000,0.0000,0.0000,0.0000,0.0000,0.0000,0.0000,0.0000,-11.824,-9.127,2.250,0.282,1.121,0.143565,0.597755,0.000000,0.000000,0.014637,0.244042
1076,925.00,0.000,-12.110,1.1101,3.9431,32.0388,0.0000,0.0000,0.0000,0.0000,45.8699,10.9239,10.7302,0.0000,0.0000,0.4371,0.0000,0.0000,0.0000,0.0000,0.0000,0.0000,0.0000,0.0000,-11.806,-9.113,2.247,0.282,1.120,0.144397,0.598656,0.000000,0.000000,0.014617,0.242330
1077,924.00,0.000,-12.127,1.1098,3.9450,32.0207,0.0000,0.0000,0.0000,0.0000,45.9120,10.9797,10.6513,0.0000,0.0000,0.4362,0.0000,0.0000,0.0000,0.0000,0.0000,0.0000,0.0000,0.0000,-11.788,-9.101,2.245,0.281,1.119,0.145217,0.599544,0.000000,0.000000,0.014596,0.240644
1078,923.00,0.000,-12.144,1.1095,3.9468,32.0029,0.0000,0.0000,0.0000,0.0000,45.9536,11.0346,10.5736,0.0000,0.0000,0.4353,0.0000,0.0000,0.0000,0.0000,0.0000,0.0000,0.0000,0.0000,-11.771,-9.089,2.243,0.281,1.118,0.146024,0.600420,0.000000,0.000000,0.014573,0.238983
1079,922.00,0.000,-12.161,1.1092,3.9486,31.9854,0.0000,0.0000,0.0000,0.0000,45.9946,11.0886,10.4971,0.0000,0.0000,0.4344,0.0000,0.0000,0.0000,0.0000,0.0000,0.0000,0.0000,0.0000,-11.755,-9.077,2.241,0.281,1.117,0.146819,0.601285,0.000000,0.000000,0.014550,0.237346
1080,921.00,0.000,-12.178,1.1090,3.9505,31.9682,0.0000,0.0000,0.0000,0.0000,46.0350,11.1417,10.4217,0.0000,0.0000,0.4334,0.0000,0.0000,0.0000,0.0000,0.0000,0.0000,0.0000,0.0000,-11.740,-9.066,2.239,0.281,1.116,0.147601,0.602139,0.000000,0.000000,0.014525,0.235735
1081,920.00,0.000,-12.195,1.1089,3.9522,31.9512,0.0000,0.0000,0.0000,0.0000,46.0749,11.1939,10.3476,0.0000,0.0000,0.4324,0.0000,0.0000,0.0000,0.0000,0.0000,0.0000,0.0000,0.0000,-11.725,-9.056,2.237,0.281,1.115,0.148372,0.602981,0.000000,0.000000,0.014500,0.234147
1082,919.00,0.000,-12.212,1.1088,3.9540,31.9344,0.0000,0.0000,0.0000,0.0000,46.1143,11.2453,10.2746,0.0000,0.0000,0.4314,0.0000,0.0000,0.0000,0.0000,0.0000,0.0000,0.0000,0.0000,-11.712,-9.046,2.236,0.280,1.114,0.149131,0.603813,0.000000,0.000000,0.014473,0.232584
1083,918.00,0.000,-12.230,1.1088,3.9557,31.9180,0.0000,0.0000,0.0000,0.0000,46.1531,11.2958,10.2028,0.0000,0.0000,0.4303,0.0000,0.0000,0.0000,0.0000,0.0000,0.0000,0.0000,0.0000,-11.698,-9.037,2.234,0.280,1.114,0.149878,0.604633,0.000000,0.000000,0.014445,0.231044
1084,917.00,0.000,-12.247,1.1088,3.9575,31.9017,0.0000,0.0000,0.0000,0.0000,46.1915,11.3455,10.1321,0.0000,0.0000,0.4292,0.0000,0.0000,0.0000,0.0000,0.0000,0.0000,0.0000,0.0000,-11.686,-9.028,2.233,0.280,1.113,0.150613,0.605444,0.000000,0.000000,0.014416,0.229527
1085,916.00,0.000,-12.264,1.1088,3.9592,31.8858,0.0000,0.0000,0.0000,0.0000,46.2294,11.3943,10.0624,0.0000,0.0000,0.4281,0.0000,0.0000,0.0000,0.0000,0.0000,0.0000,0.0000,0.0000,-11.674,-9.020,2.231,0.280,1.113,0.151337,0.606244,0.000000,0.000000,0.014386,0.228033
1086,915.00,0.000,-12.281,1.1089,3.9608,31.8700,0.0000,0.0000,0.0000,0.0000,46.2669,11.4423,9.9939,0.0000,0.0000,0.4270,0.0000,0.0000,0.0000,0.0000,0.0000,0.0000,0.0000,0.0000,-11.662,-9.013,2.230,0.280,1.112,0.152050,0.607035,0.000000,0.000000,0.014354,0.226561
1087,914.00,0.000,-12.299,1.1090,3.9625,31.8545,0.0000,0.0000,0.0000,0.0000,46.3038,11.4894,9.9264,0.0000,0.0000,0.4258,0.0000,0.0000,0.0000,0.0000,0.0000,0.0000,0.0000,0.0000,-11.651,-9.005,2.229,0.280,1.112,0.152751,0.607816,0.000000,0.000000,0.014322,0.225111
1088,913.00,0.000,-12.316,1.1092,3.9641,31.8393,0.0000,0.0000,0.0000,0.0000,46.3404,11.5358,9.8599,0.0000,0.0000,0.4246,0.0000,0.0000,0.0000,0.0000,0.0000,0.0000,0.0000,0.0000,-11.641,-8.998,2.228,0.280,1.111,0.153440,0.608587,0.000000,0.000000,0.014289,0.223684
1089,912.00,0.000,-12.334,1.1094,3.9657,31.8242,0.0000,0.0000,0.0000,0.0000,46.3765,11.5813,9.7945,0.0000,0.0000,0.4234,0.0000,0.0000,0.0000,0.0000,0.0000,0.0000,0.0000,0.0000,-11.631,-8.992,2.227,0.280,1.111,0.154119,0.609349,0.000000,0.000000,0.014255,0.222277
1090,911.00,0.000,-12.351,1.1130,3.9678,31.8070,0.0000,0.0000,0.0000,0.0000,46.4877,11.5629,9.7207,0.0000,0.0000,0.4217,0.0000,0.0000,0.0000,0.0000,0.0000,0.0000,0.0000,0.0000,-11.654,-9.011,2.232,0.281,1.114,0.153957,0.611141,0.000000,0.000000,0.014205,0.220697
1091,910.00,0.000,-12.368,1.1159,3.9697,31.7906,0.0000,0.0000,0.0000,0.0000,46.5801,11.5587,9.6504,0.0000,0.0000,0.4201,0.0000,0.0000,0.0000,0.0000,0.0000,0.0000,0.0000,0.0000,-11.670,-9.024,2.237,0.281,1.116,0.153981,0.612670,0.000000,0.000000,0.014158,0.219190
1092,909.00,0.000,-12.386,1.1188,3.9716,31.7746,0.0000,0.0000,0.0000,0.0000,46.6722,11.5535,9.5814,0.0000,0.0000,0.4185,0.0000,0.0000,0.0000,0.0000,0.0000,0.0000,0.0000,0.0000,-11.687,-9.038,2.241,0.282,1.119,0.153988,0.614192,0.000000,0.000000,0.014110,0.217709
1093,908.00,0.000,-12.403,1.1218,3.9734,31.7587,0.0000,0.0000,0.0000,0.0000,46.7640,11.5470,9.5135,0.0000,0.0000,0.4168,0.0000,0.0000,0.0000,0.0000,0.0000,0.0000,0.0000,0.0000,-11.705,-9.053,2.245,0.282,1.121,0.153980,0.615707,0.000000,0.000000,0.014061,0.216253
1094,907.00,0.000,-12.421,1.1249,3.9753,31.7432,0.0000,0.0000,0.0000,0.0000,46.8555,11.5395,9.4467,0.0000,0.0000,0.4151,0.0000,0.0000,0.0000,0.0000,0.0000,0.0000,0.0000,0.0000,-11.723,-9.068,2.250,0.283,1.123,0.153955,0.617215,0.000000,0.000000,0.014010,0.214820
1095,906.00,0.000,-12.438,1.1280,3.9771,31.7278,0.0000,0.0000,0.0000,0.0000,46.9468,11.5309,9.3811,0.0000,0.0000,0.4134,0.0000,0.0000,0.0000,0.0000,0.0000,0.0000,0.0000,0.0000,-11.742,-9.083,2.255,0.284,1.126,0.153915,0.618716,0.000000,0.000000,0.013959,0.213411
1096,905.00,0.000,-12.456,1.1312,3.9789,31.7128,0.0000,0.0000,0.0000,0.0000,47.0378,11.5213,9.3166,0.0000,0.0000,0.4116,0.0000,0.0000,0.0000,0.0000,0.0000,0.0000,0.0000,0.0000,-11.762,-9.100,2.259,0.284,1.129,0.153859,0.620210,0.000000,0.000000,0.013906,0.212025
1097,904.00,0.000,-12.474,1.1344,3.9807,31.6979,0.0000,0.0000,0.0000,0.0000,47.1286,11.5106,9.2531,0.0000,0.0000,0.4098,0.0000,0.0000,0.0000,0.0000,0.0000,0.0000,0.0000,0.0000,-11.782,-9.117,2.264,0.285,1.131,0.153788,0.621698,0.000000,0.000000,0.013852,0.210662
1098,903.00,0.000,-12.491,1.1377,3.9824,31.6833,0.0000,0.0000,0.0000,0.0000,47.2191,11.4988,9.1907,0.0000,0.0000,0.4080,0.0000,0.0000,0.0000,0.0000,0.0000,0.0000,0.0000,0.0000,-11.803,-9.134,2.269,0.286,1.134,0.153702,0.623179,0.000000,0.000000,0.013798,0.209321
1099,902.00,0.000,-12.509,1.1411,3.9842,31.6690,0.0000,0.0000,0.0000,0.0000,47.3095,11.4861,9.1293,0.0000,0.0000,0.4062,0.0000,0.0000,0.0000,0.0000,0.0000,0.0000,0.0000,0.0000,-11.825,-9.152,2.274,0.286,1.137,0.153601,0.624655,0.000000,0.000000,0.013742,0.208002
1100,901.00,0.000,-12.527,1.1445,3.9859,31.6548,0.0000,0.0000,0.0000,0.0000,47.3996,11.4723,9.0689,0.0000,0.0000,0.4043,0.0000,0.0000,0.0000,0.0000,0.0000,0.0000,0.0000,0.0000,-11.848,-9.171,2.280,0.287,1.140,0.153486,0.626125,0.000000,0.000000,0.013686,0.206704
1101,900.00,0.000,-12.545,1.1480,3.9876,31.6409,0.0000,0.0000,0.0000,0.0000,47.4895,11.4576,9.0095,0.0000,0.0000,0.4025,0.0000,0.0000,0.0000,0.0000,0.0000,0.0000,0.0000,0.0000,-11.871,-9.190,2.285,0.288,1.143,0.153356,0.627589,0.000000,0.000000,0.013628,0.205427
1102,899.00,0.000,-12.562,1.1516,3.9893,31.6272,0.0000,0.0000,0.0000,0.0000,47.5793,11.4419,8.9510,0.0000,0.0000,0.4006,0.0000,0.0000,0.0000,0.0000,0.0000,0.0000,0.0000,0.0000,-11.895,-9.210,2.291,0.289,1.146,0.153212,0.629047,0.000000,0.000000,0.013570,0.204171
1103,898.00,0.000,-12.580,1.1552,3.9910,31.6137,0.0000,0.0000,0.0000,0.0000,47.6689,11.4253,8.8935,0.0000,0.0000,0.3987,0.0000,0.0000,0.0000,0.0000,0.0000,0.0000,0.0000,0.0000,-11.920,-9.230,2.296,0.289,1.149,0.153055,0.630500,0.000000,0.000000,0.013511,0.202934
1104,897.00,0.000,-12.598,1.1589,3.9926,31.6004,0.0000,0.0000,0.0000,0.0000,47.7583,11.4077,8.8369,0.0000,0.0000,0.3967,0.0000,0.0000,0.0000,0.0000,0.0000,0.0000,0.0000,0.0000,-11.945,-9.251,2.302,0.290,1.152,0.152883,0.631948,0.000000,0.000000,0.013451,0.201717
1105,896.00,0.000,-12.616,1.1626,3.9942,31.5873,0.0000,0.0000,0.0000,0.0000,47.8475,11.3892,8.7812,0.0000,0.0000,0.3948,0.0000,0.0000,0.0000,0.0000,0.0000,0.0000,0.0000,0.0000,-11.971,-9.273,2.308,0.291,1.155,0.152698,0.633391,0.000000,0.000000,0.013391,0.200520
1106,895.00,0.000,-12.634,1.1664,3.9959,31.5745,0.0000,0.0000,0.0000,0.0000,47.9366,11.3697,8.7264,0.0000,0.0000,0.3928,0.0000,0.0000,0.0000,0.0000,0.0000,0.0000,0.0000,0.0000,-11.998,-9.295,2.314,0.292,1.158,0.152500,0.634830,0.000000,0.000000,0.013329,0.199341
1107,894.00,0.000,-12.652,1.1703,3.9975,31.5618,0.0000,0.0000,0.0000,0.0000,48.0255,11.3494,8.6725,0.0000,0.0000,0.3908,0.0000,0.0000,0.0000,0.0000,0.0000,0.0000,0.0000,0.0000,-12.026,-9.318,2.320,0.293,1.162,0.152289,0.636263,0.000000,0.000000,0.013267,0.198181
1108,893.00,0.000,-12.670,1.1742,3.9990,31.5493,0.0000,0.0000,0.0000,0.0000,48.1143,11.3283,8.6194,0.0000,0.0000,0.3888,0.0000,0.0000,0.0000,0.0000,0.0000,0.0000,0.0000,0.0000,-12.054,-9.341,2.327,0.294,1.165,0.152065,0.637692,0.000000,0.000000,0.013204,0.197038
1109,892.00,0.000,-12.688,1.1782,4.0006,31.5369,0.0000,0.0000,0.0000,0.0000,48.2030,11.3062,8.5671,0.0000,0.0000,0.3868,0.0000,0.0000,0.0000,0.0000,0.0000,0.0000,0.0000,0.0000,-12.083,-9.365,2.333,0.295,1.169,0.151829,0.639117,0.000000,0.000000,0.013141,0.195914
1110,891.00,0.000,-12.706,1.1823,4.0022,31.5248,0.0000,0.0000,0.0000,0.0000,48.2915,11.2834,8.5156,0.0000,0.0000,0.3848,0.0000,0.0000,0.0000,0.0000,0.0000,0.0000,0.0000,0.0000,-12.113,-9.389,2.339,0.295,1.172,0.151580,0.640537,0.000000,0.000000,0.013077,0.194806
1111,890.00,0.000,-12.724,1.1864,4.0037,31.5128,0.0000,0.0000,0.0000,0.0000,48.3799,11.2596,8.4649,0.0000,0.0000,0.3827,0.0000,0.0000,0.0000,0.0000,0.0000,0.0000,0.0000,0.0000,-12.143,-9.414,2.346,0.296,1.176,0.151319,0.641953,0.000000,0.000000,0.013012,0.193716
1112,889.00,0.000,-12.742,1.1907,4.0052,31.5011,0.0000,0.0000,0.0000,0.0000,48.4682,11.2351,8.4150,0.0000,0.0000,0.3807,0.0000,0.0000,0.0000,0.0000,0.0000,0.0000,0.0000,0.0000,-12.174,-9.440,2.353,0.297,1.179,0.151046,0.643365,0.000000,0.000000,0.012947,0.192642
1113,888.00,0.000,-12.760,1.1949,4.0067,31.4894,0.0000,0.0000,0.0000,0.0000,48.5564,11.2098,8.3658,0.0000,0.0000,0.3786,0.0000,0.0000,0.0000,0.0000,0.0000,0.0000,0.0000,0.0000,-12.206,-9.466,2.360,0.298,1.183,0.150761,0.644774,0.000000,0.000000,0.012881,0.191584
1114,887.00,0.000,-12.778,1.1993,4.0082,31.4780,0.0000,0.0000,0.0000,0.0000,48.6445,11.1837,8.3173,0.0000,0.0000,0.3765,0.0000,0.0000,0.0000,0.0000,0.0000,0.0000,0.0000,0.0000,-12.239,-9.493,2.367,0.299,1.187,0.150464,0.646178,0.000000,0.000000,0.012815,0.190543
1115,886.00,0.000,-12.796,1.2037,4.0097,31.4667,0.0000,0.0000,0.0000,0.0000,48.7325,11.1568,8.2696,0.0000,0.0000,0.3744,0.0000,0.0000,0.0000,0.0000,0.0000,0.0000,0.0000,0.0000,-12.272,-9.520,2.374,0.300,1.191,0.150156,0.647580,0.000000,0.000000,0.012748,0.189516
1116,885.00,0.000,-12.814,1.2082,4.0112,31.4556,0.0000,0.0000,0.0000,0.0000,48.8204,11.1292,8.2226,0.0000,0.0000,0.3723,0.0000,0.0000,0.0000,0.0000,0.0000,0.0000,0.0000,0.0000,-12.306,-9.548,2.381,0.301,1.195,0.149837,0.648977,0.000000,0.000000,0.012680,0.188505
1117,884.00,0.000,-12.833,1.2127,4.0126,31.4446,0.0000,0.0000,0.0000,0.0000,48.9082,11.1008,8.1763,0.0000,0.0000,0.3702,0.0000,0.0000,0.0000,0.0000,0.0000,0.0000,0.0000,0.0000,-12.341,-9.577,2.389,0.302,1.199,0.149507,0.650371,0.000000,0.000000,0.012612,0.187509
1118,883.00,0.000,-12.851,1.2173,4.0141,31.4338,0.0000,0.0000,0.0000,0.0000,48.9959,11.0716,8.1306,0.0000,0.0000,0.3680,0.0000,0.0000,0.0000,0.0000,0.0000,0.0000,0.0000,0.0000,-12.376,-9.606,2.396,0.303,1.203,0.149166,0.651762,0.000000,0.000000,0.012544,0.186527
1119,882.00,0.000,-12.869,1.2220,4.0155,31.4231,0.0000,0.0000,0.0000,0.0000,49.0836,11.0418,8.0856,0.0000,0.0000,0.3659,0.0000,0.0000,0.0000,0.0000,0.0000,0.0000,0.0000,0.0000,-12.413,-9.636,2.404,0.304,1.207,0.148815,0.653150,0.000000,0.000000,0.012475,0.185560
1120,881.00,0.000,-12.887,1.2268,4.0169,31.4126,0.0000,0.0000,0.0000,0.0000,49.1712,11.0112,8.0413,0.0000,0.0000,0.3637,0.0000,0.0000,0.0000,0.0000,0.0000,0.0000,0.0000,0.0000,-12.450,-9.666,2.412,0.305,1.211,0.148453,0.654535,0.000000,0.000000,0.012406,0.184606
1121,880.00,0.000,-12.906,1.2317,4.0183,31.4022,0.0000,0.0000,0.0000,0.0000,49.2587,10.9800,7.9976,0.0000,0.0000,0.3616,0.0000,0.0000,0.0000,0.0000,0.0000,0.0000,0.0000,0.0000,-12.487,-9.697,2.420,0.307,1.216,0.148080,0.655916,0.000000,0.000000,0.012337,0.183666
1122,879.00,0.000,-12.924,1.2366,4.0197,31.3920,0.0000,0.0000,0.0000,0.0000,49.3461,10.9481,7.9544,0.0000,0.0000,0.3594,0.0000,0.0000,0.0000,0.0000,0.0000,0.0000,0.0000,0.0000,-12.526,-9.729,2.428,0.308,1.220,0.147698,0.657295,0.000000,0.000000,0.012267,0.182740
1123,878.00,0.000,-12.943,1.2416,4.0211,31.3818,0.0000,0.0000,0.0000,0.0000,49.4335,10.9155,7.9119,0.0000,0.0000,0.3573,0.0000,0.0000,0.0000,0.0000,0.0000,0.0000,0.0000,0.0000,-12.565,-9.761,2.436,0.309,1.225,0.147306,0.658671,0.000000,0.000000,0.012197,0.181826
1124,877.00,0.000,-12.961,1.2466,4.0225,31.3719,0.0000,0.0000,0.0000,0.0000,49.5208,10.8822,7.8700,0.0000,0.0000,0.3551,0.0000,0.0000,0.0000,0.0000,0.0000,0.0000,0.0000,0.0000,-12.605,-9.794,2.444,0.310,1.229,0.146904,0.660045,0.000000,0.000000,0.012127,0.180925
1125,876.00,0.000,-12.980,1.2518,4.0238,31.3620,0.0000,0.0000,0.0000,0.0000,49.6081,10.8483,7.8287,0.0000,0.0000,0.3529,0.0000,0.0000,0.0000,0.0000,0.0000,0.0000,0.0000,0.0000,-12.646,-9.827,2.453,0.311,1.234,0.146492,0.661415,0.000000,0.000000,0.012056,0.180036
1126,875.00,0.000,-12.998,1.2570,4.0252,31.3523,0.0000,0.0000,0.0000,0.0000,49.6953,10.8138,7.7879,0.0000,0.0000,0.3507,0.0000,0.0000,0.0000,0.0000,0.0000,0.0000,0.0000,0.0000,-12.688,-9.862,2.462,0.312,1.238,0.146072,0.662784,0.000000,0.000000,0.011985,0.179160
1127,874.00,0.000,-13.017,1.2623,4.0265,31.3427,0.0000,0.0000,0.0000,0.0000,49.7824,10.7787,7.7477,0.0000,0.0000,0.3485,0.0000,0.0000,0.0000,0.0000,0.0000,0.0000,0.0000,0.0000,-12.730,-9.896,2.470,0.314,1.243,0.145642,0.664149,0.000000,0.000000,0.011914,0.178295
1128,873.00,0.000,-13.035,1.2677,4.0278,31.3332,0.0000,0.0000,0.0000,0.0000,49.8695,10.7430,7.7080,0.0000,0.0000,0.3463,0.0000,0.0000,0.0000,0.0000,0.0000,0.0000,0.0000,0.0000,-12.773,-9.932,2.479,0.315,1.248,0.145203,0.665513,0.000000,0.000000,0.011842,0.177442
1129,872.00,0.000,-13.054,1.2732,4.0291,31.3239,0.0000,0.0000,0.0000,0.0000,49.9566,10.7066,7.6688,0.0000,0.0000,0.3441,0.0000,0.0000,0.0000,0.0000,0.0000,0.0000,0.0000,0.0000,-12.818,-9.968,2.488,0.316,1.253,0.144755,0.666874,0.000000,0.000000,0.011771,0.176601
1130,871.00,0.000,-13.073,1.2787,4.0305,31.3146,0.0000,0.0000,0.0000,0.0000,50.0436,10.6697,7.6301,0.0000,0.0000,0.3419,0.0000,0.0000,0.0000,0.0000,0.0000,0.0000,0.0000,0.0000,-12.862,-10.005,2.498,0.317,1.258,0.144298,0.668233,0.000000,0.000000,0.011699,0.175770
1131,870.00,0.000,-13.091,1.2843,4.0318,31.3055,0.0000,0.0000,0.0000,0.0000,50.1306,10.6322,7.5919,0.0000,0.0000,0.3397,0.0000,0.0000,0.0000,0.0000,0.0000,0.0000,0.0000,0.0000,-12.908,-10.042,2.507,0.319,1.263,0.143833,0.669589,0.000000,0.000000,0.011627,0.174950
1132,869.00,0.000,-13.110,1.2901,4.0330,31.2965,0.0000,0.0000,0.0000,0.0000,50.2176,10.5942,7.5543,0.0000,0.0000,0.3375,0.0000,0.0000,0.0000,0.0000,0.0000,0.0000,0.0000,0.0000,-12.955,-10.080,2.517,0.320,1.268,0.143360,0.670944,0.000000,0.000000,0.011555,0.174141
1133,868.00,0.000,-13.129,1.2959,4.0343,31.2876,0.0000,0.0000,0.0000,0.0000,50.3045,10.5556,7.5171,0.0000,0.0000,0.3353,0.0000,0.0000,0.0000,0.0000,0.0000,0.0000,0.0000,0.0000,-13.002,-10.119,2.526,0.321,1.274,0.142879,0.672297,0.000000,0.000000,0.011483,0.173342
1134,867.00,0.000,-13.148,1.2989,4.0355,31.2779,0.0000,0.0000,0.0000,0.0000,50.3597,10.5524,7.4759,0.0000,0.0000,0.3340,0.0000,0.0000,0.0000,0.0000,0.0000,0.0000,0.0000,0.0000,-13.021,-10.136,2.531,0.322,1.276,0.142879,0.673242,0.000000,0.000000,0.011442,0.172437
1135,866.00,0.000,-13.166,1.2996,4.0367,31.2679,0.0000,0.0000,0.0000,0.0000,50.3898,10.5765,7.4323,0.0000,0.0000,0.3335,0.0000,0.0000,0.0000,0.0000,0.0000,0.0000,0.0000,0.0000,-13.018,-10.136,2.531,0.322,1.276,0.143252,0.673860,0.000000,0.000000,0.011426,0.171462
1136,865.00,0.000,-13.185,1.3003,4.0379,31.2581,0.0000,0.0000,0.0000,0.0000,50.4196,10.5998,7.3897,0.0000,0.0000,0.3329,0.0000,0.0000,0.0000,0.0000,0.0000,0.0000,0.0000,0.0000,-13.015,-10.135,2.530,0.322,1.277,0.143612,0.674469,0.000000,0.000000,0.011409,0.170510
1137,864.00,0.000,-13.204,1.3010,4.0390,31.2486,0.0000,0.0000,0.0000,0.0000,50.4490,10.6221,7.3481,0.0000,0.0000,0.3322,0.0000,0.0000,0.0000,0.0000,0.0000,0.0000,0.0000,0.0000,-13.012,-10.135,2.530,0.322,1.277,0.143958,0.675070,0.000000,0.000000,0.011391,0.169581
1138,863.00,0.000,-13.223,1.3017,4.0401,31.2392,0.0000,0.0000,0.0000,0.0000,50.4782,10.6436,7.3075,0.0000,0.0000,0.3316,0.0000,0.0000,0.0000,0.0000,0.0000,0.0000,0.0000,0.0000,-13.009,-10.135,2.530,0.322,1.277,0.144292,0.675662,0.000000,0.000000,0.011371,0.168674
1139,862.00,0.000,-13.242,1.3023,4.0412,31.2301,0.0000,0.0000,0.0000,0.0000,50.5070,10.6642,7.2678,0.0000,0.0000,0.3309,0.0000,0.0000,0.0000,0.0000,0.0000,0.0000,0.0000,0.0000,-13.006,-10.134,2.530,0.322,1.277,0.144614,0.676245,0.000000,0.000000,0.011351,0.167789
1140,861.00,0.000,-13.261,1.3030,4.0423,31.2212,0.0000,0.0000,0.0000,0.0000,50.5355,10.6841,7.2291,0.0000,0.0000,0.3301,0.0000,0.0000,0.0000,0.0000,0.0000,0.0000,0.0000,0.0000,-13.003,-10.134,2.530,0.322,1.277,0.144925,0.676821,0.000000,0.000000,0.011330,0.166924
1141,860.00,0.000,-13.280,1.3036,4.0433,31.2124,0.0000,0.0000,0.0000,0.0000,50.5638,10.7031,7.1912,0.0000,0.0000,0.3294,0.0000,0.0000,0.0000,0.0000,0.0000,0.0000,0.0000,0.0000,-13.000,-10.134,2.529,0.322,1.277,0.145224,0.677389,0.000000,0.000000,0.011307,0.166080
1142,859.00,0.000,-13.299,1.3042,4.0444,31.2039,0.0000,0.0000,0.0000,0.0000,50.5918,10.7214,7.1542,0.0000,0.0000,0.3286,0.0000,0.0000,0.0000,0.0000,0.0000,0.0000,0.0000,0.0000,-12.997,-10.134,2.529,0.322,1.278,0.145512,0.677950,0.000000,0.000000,0.011284,0.165254
1143,858.00,0.000,-13.318,1.3048,4.0454,31.1956,0.0000,0.0000,0.0000,0.0000,50.6196,10.7390,7.1181,0.0000,0.0000,0.3279,0.0000,0.0000,0.0000,0.0000,0.0000,0.0000,0.0000,0.0000,-12.994,-10.133,2.529,0.323,1.278,0.145789,0.678503,0.000000,0.000000,0.011260,0.164448
1144,857.00,0.000,-13.337,1.3053,4.0464,31.1874,0.0000,0.0000,0.0000,0.0000,50.6471,10.7558,7.0827,0.0000,0.0000,0.3270,0.0000,0.0000,0.0000,0.0000,0.0000,0.0000,0.0000,0.0000,-12.990,-10.133,2.528,0.323,1.278,0.146056,0.679049,0.000000,0.000000,0.011235,0.163659
1145,856.00,0.000,-13.356,1.3059,4.0474,31.1794,0.0000,0.0000,0.0000,0.0000,50.6743,10.7720,7.0481,0.0000,0.0000,0.3262,0.0000,0.0000,0.0000,0.0000,0.0000,0.0000,0.0000,0.0000,-12.987,-10.133,2.528,0.323,1.278,0.146314,0.679589,0.000000,0.000000,0.011210,0.162888
1146,855.00,0.000,-13.376,1.3065,4.0484,31.1716,0.0000,0.0000,0.0000,0.0000,50.7013,10.7875,7.0142,0.0000,0.0000,0.3254,0.0000,0.0000,0.0000,0.0000,0.0000,0.0000,0.0000,0.0000,-12.984,-10.133,2.527,0.323,1.278,0.146561,0.680122,0.000000,0.000000,0.011183,0.162134
1147,854.00,0.000,-13.395,1.3070,4.0493,31.1639,0.0000,0.0000,0.0000,0.0000,50.7281,10.8024,6.9811,0.0000,0.0000,0.3245,0.0000,0.0000,0.0000,0.0000,0.0000,0.0000,0.0000,0.0000,-12.981,-10.133,2.527,0.323,1.278,0.146800,0.680648,0.000000,0.000000,0.011156,0.161396
1148,853.00,0.000,-13.414,1.3075,4.0503,31.1564,0.0000,0.0000,0.0000,0.0000,50.7547,10.8167,6.9486,0.0000,0.0000,0.3236,0.0000,0.0000,0.0000,0.0000,0.0000,0.0000,0.0000,0.0000,-12.978,-10.132,2.527,0.323,1.278,0.147029,0.681169,0.000000,0.000000,0.011128,0.160674
1149,852.00,0.000,-13.433,1.3081,4.0512,31.1490,0.0000,0.0000,0.0000,0.0000,50.7810,10.8304,6.9169,0.0000,0.0000,0.3227,0.0000,0.0000,0.0000,0.0000,0.0000,0.0000,0.0000,0.0000,-12.975,-10.132,2.526,0.323,1.278,0.147250,0.681683,0.000000,0.000000,0.011099,0.159968
1150,851.00,0.000,-13.453,1.3086,4.0521,31.1418,0.0000,0.0000,0.0000,0.0000,50.8071,10.8435,6.8858,0.0000,0.0000,0.3218,0.0000,0.0000,0.0000,0.0000,0.0000,0.0000,0.0000,0.0000,-12.971,-10.132,2.526,0.323,1.278,0.147462,0.682192,0.000000,0.000000,0.011070,0.159276
1151,850.00,0.000,-13.472,1.3091,4.0530,31.1348,0.0000,0.0000,0.0000,0.0000,50.8331,10.8560,6.8553,0.0000,0.0000,0.3208,0.0000,0.0000,0.0000,0.0000,0.0000,0.0000,0.0000,0.0000,-12.968,-10.132,2.525,0.323,1.279,0.147666,0.682695,0.000000,0.000000,0.011040,0.158599
1152,849.00,0.000,-13.491,1.3096,4.0539,31.1279,0.0000,0.0000,0.0000,0.0000,50.8588,10.8681,6.8254,0.0000,0.0000,0.3198,0.0000,0.0000,0.0000,0.0000,0.0000,0.0000,0.0000,0.0000,-12.965,-10.132,2.525,0.323,1.279,0.147863,0.683192,0.000000,0.000000,0.011009,0.157936
1153,848.00,0.000,-13.511,1.3101,4.0548,31.1211,0.0000,0.0000,0.0000,0.0000,50.8843,10.8795,6.7962,0.0000,0.0000,0.3189,0.0000,0.0000,0.0000,0.0000,0.0000,0.0000,0.0000,0.0000,-12.962,-10.132,2.524,0.323,1.279,0.148051,0.683684,0.000000,0.000000,0.010978,0.157287
1154,847.00,0.000,-13.530,1.3105,4.0557,31.1144,0.0000,0.0000,0.0000,0.0000,50.9097,10.8905,6.7675,0.0000,0.0000,0.3179,0.0000,0.0000,0.0000,0.0000,0.0000,0.0000,0.0000,0.0000,-12.959,-10.132,2.524,0.323,1.279,0.148232,0.684171,0.000000,0.000000,0.010946,0.156651
1155,846.00,0.000,-13.550,1.3110,4.0565,31.1079,0.0000,0.0000,0.0000,0.0000,50.9349,10.9010,6.7394,0.0000,0.0000,0.3169,0.0000,0.0000,0.0000,0.0000,0.0000,0.0000,0.0000,0.0000,-12.956,-10.132,2.523,0.323,1.279,0.148406,0.684653,0.000000,0.000000,0.010913,0.156027
1156,845.00,0.000,-13.569,1.3115,4.0574,31.1015,0.0000,0.0000,0.0000,0.0000,50.9598,10.9111,6.7118,0.0000,0.0000,0.3158,0.0000,0.0000,0.0000,0.0000,0.0000,0.0000,0.0000,0.0000,-12.953,-10.132,2.523,0.323,1.279,0.148574,0.685130,0.000000,0.000000,0.010880,0.155416
1157,844.00,0.000,-13.589,1.3119,4.0582,31.0952,0.0000,0.0000,0.0000,0.0000,50.9846,10.9206,6.6848,0.0000,0.0000,0.3148,0.0000,0.0000,0.0000,0.0000,0.0000,0.0000,0.0000,0.0000,-12.950,-10.132,2.522,0.323,1.279,0.148734,0.685603,0.000000,0.000000,0.010847,0.154817
1158,843.00,0.000,-13.608,1.3124,4.0590,31.0890,0.0000,0.0000,0.0000,0.0000,51.0093,10.9297,6.6582,0.0000,0.0000,0.3137,0.0000,0.0000,0.0000,0.0000,0.0000,0.0000,0.0000,0.0000,-12.947,-10.132,2.522,0.323,1.279,0.148888,0.686070,0.000000,0.000000,0.010813,0.154229
1159,842.00,0.000,-13.628,1.3128,4.0599,31.0829,0.0000,0.0000,0.0000,0.0000,51.0338,10.9384,6.6322,0.0000,0.0000,0.3127,0.0000,0.0000,0.0000,0.0000,0.0000,0.0000,0.0000,0.0000,-12.944,-10.132,2.521,0.323,1.279,0.149035,0.686533,0.000000,0.000000,0.010778,0.153653
1160,841.00,0.000,-13.648,1.3133,4.0607,31.0770,0.0000,0.0000,0.0000,0.0000,51.0581,10.9467,6.6066,0.0000,0.0000,0.3116,0.0000,0.0000,0.0000,0.0000,0.0000,0.0000,0.0000,0.0000,-12.941,-10.132,2.520,0.323,1.279,0.149177,0.686992,0.000000,0.000000,0.010743,0.153088
1161,840.00,0.000,-13.668,1.3137,4.0614,31.0711,0.0000,0.0000,0.0000,0.0000,51.0822,10.9546,6.5815,0.0000,0.0000,0.3105,0.0000,0.0000,0.0000,0.0000,0.0000,0.0000,0.0000,0.0000,-12.938,-10.133,2.520,0.323,1.279,0.149312,0.687446,0.000000,0.000000,0.010708,0.152534
1162,839.00,0.000,-13.687,1.3142,4.0622,31.0654,0.0000,0.0000,0.0000,0.0000,51.1062,10.9621,6.5569,0.0000,0.0000,0.3094,0.0000,0.0000,0.0000,0.0000,0.0000,0.0000,0.0000,0.0000,-12.935,-10.133,2.519,0.324,1.279,0.149442,0.687896,0.000000,0.000000,0.010672,0.151990
1163,838.00,0.000,-13.707,1.3146,4.0630,31.0597,0.0000,0.0000,0.0000,0.0000,51.1301,10.9692,6.5327,0.0000,0.0000,0.3083,0.0000,0.0000,0.0000,0.0000,0.0000,0.0000,0.0000,0.0000,-12.932,-10.133,2.519,0.324,1.279,0.149566,0.688342,0.000000,0.000000,0.010635,0.151456
1164,837.00,0.000,-13.727,1.3150,4.0638,31.0542,0.0000,0.0000,0.0000,0.0000,51.1537,10.9760,6.5089,0.0000,0.0000,0.3072,0.0000,0.0000,0.0000,0.0000,0.0000,0.0000,0.0000,0.0000,-12.929,-10.134,2.518,0.324,1.279,0.149685,0.688785,0.000000,0.000000,0.010599,0.150932
1165,836.00,0.000,-13.747,1.3155,4.0645,31.0487,0.0000,0.0000,0.0000,0.0000,51.1773,10.9824,6.4856,0.0000,0.0000,0.3061,0.0000,0.0000,0.0000,0.0000,0.0000,0.0000,0.0000,0.0000,-12.926,-10.134,2.518,0.324,1.280,0.149799,0.689223,0.000000,0.000000,0.010562,0.150417
1166,835.00,0.000,-13.767,1.3159,4.0653,31.0434,0.0000,0.0000,0.0000,0.0000,51.2007,10.9884,6.4626,0.0000,0.0000,0.3049,0.0000,0.0000,0.0000,0.0000,0.0000,0.0000,0.0000,0.0000,-12.924,-10.134,2.517,0.324,1.280,0.149907,0.689657,0.000000,0.000000,0.010524,0.149912
1167,834.00,0.000,-13.787,1.3163,4.0660,31.0381,0.0000,0.0000,0.0000,0.0000,51.2239,10.9941,6.4401,0.0000,0.0000,0.3038,0.0000,0.0000,0.0000,0.0000,0.0000,0.0000,0.0000,0.0000,-12.921,-10.135,2.516,0.324,1.280,0.150011,0.690088,0.000000,0.000000,0.010486,0.149415
1168,833.00,0.000,-13.806,1.3167,4.0667,31.0329,0.0000,0.0000,0.0000,0.0000,51.2471,10.9996,6.4179,0.0000,0.0000,0.3026,0.0000,0.0000,0.0000,0.0000,0.0000,0.0000,0.0000,0.0000,-12.918,-10.135,2.516,0.324,1.280,0.150110,0.690514,0.000000,0.000000,0.010448,0.148928
1169,832.00,0.000,-13.826,1.3172,4.0675,31.0278,0.0000,0.0000,0.0000,0.0000,51.2700,11.0046,6.3961,0.0000,0.0000,0.3015,0.0000,0.0000,0.0000,0.0000,0.0000,0.0000,0.0000,0.0000,-12.916,-10.136,2.515,0.324,1.280,0.150204,0.690938,0.000000,0.000000,0.010410,0.148449
1170,831.00,0.000,-13.846,1.3176,4.0682,31.0227,0.0000,0.0000,0.0000,0.0000,51.2929,11.0094,6.3747,0.0000,0.0000,0.3003,0.0000,0.0000,0.0000,0.0000,0.0000,0.0000,0.0000,0.0000,-12.913,-10.137,2.515,0.324,1.280,0.150294,0.691358,0.000000,0.000000,0.010371,0.147978
1171,830.00,0.000,-13.867,1.3180,4.0689,31.0178,0.0000,0.0000,0.0000,0.0000,51.3156,11.0139,6.3536,0.0000,0.0000,0.2991,0.0000,0.0000,0.0000,0.0000,0.0000,0.0000,0.0000,0.0000,-12.911,-10.137,2.514,0.324,1.280,0.150379,0.691774,0.000000,0.000000,0.010332,0.147515
1172,829.00,0.000,-13.887,1.3184,4.0696,31.0129,0.0000,0.0000,0.0000,0.0000,51.3382,11.0181,6.3328,0.0000,0.0000,0.2979,0.0000,0.0000,0.0000,0.0000,0.0000,0.0000,0.0000,0.0000,-12.908,-10.138,2.513,0.324,1.280,0.150460,0.692187,0.000000,0.000000,0.010292,0.147061
1173,828.00,0.000,-13.907,1.3188,4.0703,31.0081,0.0000,0.0000,0.0000,0.0000,51.3606,11.0221,6.3124,0.0000,0.0000,0.2967,0.0000,0.0000,0.0000,0.0000,0.0000,0.0000,0.0000,0.0000,-12.906,-10.139,2.513,0.324,1.280,0.150537,0.692597,0.000000,0.000000,0.010252,0.146613
1174,827.00,0.000,-13.927,1.3193,4.0710,31.0034,0.0000,0.0000,0.0000,0.0000,51.3830,11.0258,6.2923,0.0000,0.0000,0.2955,0.0000,0.0000,0.0000,0.0000,0.0000,0.0000,0.0000,0.0000,-12.903,-10.140,2.512,0.324,1.280,0.150610,0.693004,0.000000,0.000000,0.010213,0.146174
1175,826.00,0.000,-13.947,1.3197,4.0717,30.9988,0.0000,0.0000,0.0000,0.0000,51.4052,11.0292,6.2726,0.0000,0.0000,0.2943,0.0000,0.0000,0.0000,0.0000,0.0000,0.0000,0.0000,0.0000,-12.901,-10.140,2.512,0.324,1.280,0.150680,0.693407,0.000000,0.000000,0.010172,0.145741
1176,825.00,0.000,-13.967,1.3201,4.0723,30.9942,0.0000,0.0000,0.0000,0.0000,51.4272,11.0324,6.2531,0.0000,0.0000,0.2931,0.0000,0.0000,0.0000,0.0000,0.0000,0.0000,0.0000,0.0000,-12.899,-10.141,2.511,0.324,1.280,0.150745,0.693807,0.000000,0.000000,0.010132,0.145316
1177,824.00,0.000,-13.988,1.3205,4.0730,30.9897,0.0000,0.0000,0.0000,0.0000,51.4492,11.0353,6.2340,0.0000,0.0000,0.2919,0.0000,0.0000,0.0000,0.0000,0.0000,0.0000,0.0000,0.0000,-12.897,-10.142,2.511,0.324,1.280,0.150807,0.694205,0.000000,0.000000,0.010091,0.144897
1178,823.00,0.000,-14.008,1.3211,4.0736,30.9859,0.0000,0.0000,0.0000,0.0000,51.4702,11.0353,6.2179,0.0000,0.0000,0.2906,0.0000,0.0000,0.0000,0.0000,0.0000,0.0000,0.0000,0.0000,-12.897,-10.145,2.510,0.324,1.281,0.150827,0.694574,0.000000,0.000000,0.010048,0.144552
1179,822.00,0.000,-14.028,1.3224,4.0740,30.9841,0.0000,0.0000,0.0000,0.0000,51.4894,11.0264,6.2110,0.0000,0.0000,0.2891,0.0000,0.0000,0.0000,0.0000,0.0000,0.0000,0.0000,0.0000,-12.906,-10.155,2.512,0.325,1.282,0.150713,0.694871,0.000000,0.000000,0.009997,0.144419
1180,821.00,0.000,-14.049,1.3237,4.0744,30.9823,0.0000,0.0000,0.0000,0.0000,51.5084,11.0179,6.2038,0.0000,0.0000,0.2876,0.0000,0.0000,0.0000,0.0000,0.0000,0.0000,0.0000,0.0000,-12.914,-10.164,2.513,0.325,1.283,0.150605,0.695169,0.000000,0.000000,0.009945,0.144281
1181,820.00,0.000,-14.069,1.3241,4.0747,30.9816,0.0000,0.0000,0.0000,0.0000,51.5145,11.0160,6.2010,0.0000,0.0000,0.2869,0.0000,0.0000,0.0000,0.0000,0.0000,0.0000,0.0000,0.0000,-12.914,-10.168,2.512,0.325,1.283,0.150583,0.695267,0.000000,0.000000,0.009922,0.144228
1182,819.00,0.000,-14.090,1.3262,4.0752,30.9788,0.0000,0.0000,0.0000,0.0000,51.5445,11.0020,6.1900,0.0000,0.0000,0.2847,0.0000,0.0000,0.0000,0.0000,0.0000,0.0000,0.0000,0.0000,-12.929,-10.183,2.515,0.325,1.285,0.150405,0.695734,0.000000,0.000000,0.009846,0.144015
1183,818.00,0.000,-14.110,1.3260,4.0754,30.9789,0.0000,0.0000,0.0000,0.0000,51.5425,11.0035,6.1904,0.0000,0.0000,0.2846,0.0000,0.0000,0.0000,0.0000,0.0000,0.0000,0.0000,0.0000,-12.925,-10.183,2.513,0.325,1.284,0.150425,0.695706,0.000000,0.000000,0.009844,0.144025
1184,817.00,0.000,-14.131,1.3272,4.0758,30.9771,0.0000,0.0000,0.0000,0.0000,51.5598,10.9968,6.1832,0.0000,0.0000,0.2831,0.0000,0.0000,0.0000,0.0000,0.0000,0.0000,0.0000,0.0000,-12.932,-10.191,2.514,0.326,1.285,0.150342,0.695979,0.000000,0.000000,0.009793,0.143886
1185,816.00,0.000,-14.151,1.3284,4.0762,30.9752,0.0000,0.0000,0.0000,0.0000,51.5782,10.9891,6.1758,0.0000,0.0000,0.2816,0.0000,0.0000,0.0000,0.0000,0.0000,0.0000,0.0000,0.0000,-12.939,-10.200,2.515,0.326,1.286,0.150246,0.696270,0.000000,0.000000,0.009742,0.143742
1186,815.00,0.000,-14.172,1.3293,4.0766,30.9738,0.0000,0.0000,0.0000,0.0000,51.5926,10.9832,6.1700,0.0000,0.0000,0.2804,0.0000,0.0000,0.0000,0.0000,0.0000,0.0000,0.0000,0.0000,-12.945,-10.207,2.516,0.326,1.287,0.150172,0.696497,0.000000,0.000000,0.009701,0.143630
1187,814.00,0.000,-14.193,1.3303,4.0769,30.9723,0.0000,0.0000,0.0000,0.0000,51.6067,10.9774,6.1642,0.0000,0.0000,0.2793,0.0000,0.0000,0.0000,0.0000,0.0000,0.0000,0.0000,0.0000,-12.950,-10.214,2.516,0.326,1.288,0.150101,0.696720,0.000000,0.000000,0.009660,0.143519
1188,813.00,0.000,-14.213,1.3312,4.0773,30.9709,0.0000,0.0000,0.0000,0.0000,51.6208,10.9717,6.1585,0.0000,0.0000,0.2781,0.0000,0.0000,0.0000,0.0000,0.0000,0.0000,0.0000,0.0000,-12.955,-10.221,2.517,0.326,1.288,0.150030,0.696942,0.000000,0.000000,0.009620,0.143407
1189,812.00,0.000,-14.234,1.3321,4.0776,30.9694,0.0000,0.0000,0.0000,0.0000,51.6347,10.9662,6.1528,0.0000,0.0000,0.2769,0.0000,0.0000,0.0000,0.0000,0.0000,0.0000,0.0000,0.0000,-12.960,-10.228,2.517,0.327,1.289,0.149960,0.697163,0.000000,0.000000,0.009580,0.143296
1190,811.00,0.000,-14.255,1.3330,4.0780,30.9680,0.0000,0.0000,0.0000,0.0000,51.6485,10.9607,6.1470,0.0000,0.0000,0.2758,0.0000,0.0000,0.0000,0.0000,0.0000,0.0000,0.0000,0.0000,-12.964,-10.235,2.518,0.327,1.290,0.149892,0.697382,0.000000,0.000000,0.009541,0.143185
1191,810.00,0.000,-14.276,1.3339,4.0783,30.9666,0.0000,0.0000,0.0000,0.0000,51.6622,10.9553,6.1413,0.0000,0.0000,0.2746,0.0000,0.0000,0.0000,0.0000,0.0000,0.0000,0.0000,0.0000,-12.969,-10.242,2.518,0.327,1.290,0.149826,0.697599,0.000000,0.000000,0.009501,0.143073
1192,809.00,0.000,-14.297,1.3347,4.0787,30.9651,0.0000,0.0000,0.0000,0.0000,51.6758,10.9500,6.1356,0.0000,0.0000,0.2735,0.0000,0.0000,0.0000,0.0000,0.0000,0.0000,0.0000,0.0000,-12.973,-10.248,2.518,0.327,1.291,0.149760,0.697815,0.000000,0.000000,0.009462,0.142962
1193,808.00,0.000,-14.317,1.3356,4.0790,30.9637,0.0000,0.0000,0.0000,0.0000,51.6893,10.9448,6.1299,0.0000,0.0000,0.2723,0.0000,0.0000,0.0000,0.0000,0.0000,0.0000,0.0000,0.0000,-12.978,-10.255,2.519,0.327,1.291,0.149696,0.698029,0.000000,0.000000,0.009424,0.142851
1194,807.00,0.000,-14.338,1.3364,4.0794,30.9623,0.0000,0.0000,0.0000,0.0000,51.7026,10.9397,6.1242,0.0000,0.0000,0.2712,0.0000,0.0000,0.0000,0.0000,0.0000,0.0000,0.0000,0.0000,-12.982,-10.261,2.519,0.328,1.292,0.149633,0.698242,0.000000,0.000000,0.009385,0.142739
1195,806.00,0.000,-14.359,1.3373,4.0797,30.9608,0.0000,0.0000,0.0000,0.0000,51.7159,10.9347,6.1185,0.0000,0.0000,0.2701,0.0000,0.0000,0.0000,0.0000,0.0000,0.0000,0.0000,0.0000,-12.986,-10.268,2.519,0.328,1.293,0.149572,0.698453,0.000000,0.000000,0.009347,0.142628
1196,805.00,0.000,-14.380,1.3381,4.0801,30.9594,0.0000,0.0000,0.0000,0.0000,51.7290,10.9298,6.1128,0.0000,0.0000,0.2690,0.0000,0.0000,0.0000,0.0000,0.0000,0.0000,0.0000,0.0000,-12.990,-10.274,2.520,0.328,1.293,0.149512,0.698662,0.000000,0.000000,0.009310,0.142517
1197,804.00,0.000,-14.401,1.3389,4.0804,30.9580,0.0000,0.0000,0.0000,0.0000,51.7420,10.9250,6.1071,0.0000,0.0000,0.2679,0.0000,0.0000,0.0000,0.0000,0.0000,0.0000,0.0000,0.0000,-12.994,-10.280,2.520,0.328,1.294,0.149453,0.698870,0.000000,0.000000,0.009272,0.142405
1198,803.00,0.000,-14.422,1.3397,4.0808,30.9566,0.0000,0.0000,0.0000,0.0000,51.7549,10.9203,6.1014,0.0000,0.0000,0.2668,0.0000,0.0000,0.0000,0.0000,0.0000,0.0000,0.0000,0.0000,-12.998,-10.286,2.520,0.328,1.294,0.149396,0.699076,0.000000,0.000000,0.009235,0.142294
1199,802.00,0.000,-14.444,1.3405,4.0811,30.9552,0.0000,0.0000,0.0000,0.0000,51.7676,10.9157,6.0957,0.0000,0.0000,0.2657,0.0000,0.0000,0.0000,0.0000,0.0000,0.0000,0.0000,0.0000,-13.002,-10.292,2.520,0.328,1.295,0.149340,0.699280,0.000000,0.000000,0.009198,0.142183
1200,801.00,0.000,-14.465,1.3413,4.0815,30.9538,0.0000,0.0000,0.0000,0.0000,51.7803,10.9112,6.0901,0.0000,0.0000,0.2647,0.0000,0.0000,0.0000,0.0000,0.0000,0.0000,0.0000,0.0000,-13.006,-10.298,2.520,0.329,1.295,0.149285,0.699482,0.000000,0.000000,0.009161,0.142071
1201,800.00,0.000,-14.486,1.3420,4.0818,30.9524,0.0000,0.0000,0.0000,0.0000,51.7928,10.9068,6.0844,0.0000,0.0000,0.2636,0.0000,0.0000,0.0000,0.0000,0.0000,0.0000,0.0000,0.0000,-13.009,-10.304,2.520,0.329,1.296,0.149231,0.699683,0.000000,0.000000,0.009125,0.141960
1202,799.00,0.000,-14.507,1.3428,4.0822,30.9509,0.0000,0.0000,0.0000,0.0000,51.8052,10.9025,6.0788,0.0000,0.0000,0.2626,0.0000,0.0000,0.0000,0.0000,0.0000,0.0000,0.0000,0.0000,-13.012,-10.310,2.521,0.329,1.296,0.149179,0.699883,0.000000,0.000000,0.009089,0.141849
1203,798.00,0.000,-14.528,1.3435,4.0825,30.9495,0.0000,0.0000,0.0000,0.0000,51.8174,10.8983,6.0732,0.0000,0.0000,0.2615,0.0000,0.0000,0.0000,0.0000,0.0000,0.0000,0.0000,0.0000,-13.016,-10.316,2.521,0.329,1.297,0.149129,0.700080,0.000000,0.000000,0.009053,0.141738
1204,797.00,0.000,-14.550,1.3442,4.0829,30.9481,0.0000,0.0000,0.0000,0.0000,51.8296,10.8942,6.0675,0.0000,0.0000,0.2605,0.0000,0.0000,0.0000,0.0000,0.0000,0.0000,0.0000,0.0000,-13.019,-10.321,2.521,0.329,1.297,0.149079,0.700276,0.000000,0.000000,0.009018,0.141627
1205,796.00,0.000,-14.571,1.3449,4.0832,30.9468,0.0000,0.0000,0.0000,0.0000,51.8416,10.8902,6.0620,0.0000,0.0000,0.2594,0.0000,0.0000,0.0000,0.0000,0.0000,0.0000,0.0000,0.0000,-13.022,-10.327,2.521,0.329,1.298,0.149031,0.700470,0.000000,0.000000,0.008982,0.141517
1206,795.00,0.000,-14.593,1.3456,4.0836,30.9454,0.0000,0.0000,0.0000,0.0000,51.8536,10.8863,6.0564,0.0000,0.0000,0.2584,0.0000,0.0000,0.0000,0.0000,0.0000,0.0000,0.0000,0.0000,-13.025,-10.332,2.521,0.330,1.298,0.148984,0.700663,0.000000,0.000000,0.008947,0.141406
1207,794.00,0.000,-14.614,1.3463,4.0839,30.9440,0.0000,0.0000,0.0000,0.0000,51.8654,10.8825,6.0508,0.0000,0.0000,0.2574,0.0000,0.0000,0.0000,0.0000,0.0000,0.0000,0.0000,0.0000,-13.028,-10.337,2.521,0.330,1.299,0.148939,0.700853,0.000000,0.000000,0.008913,0.141295
1208,793.00,0.000,-14.635,1.3470,4.0842,30.9426,0.0000,0.0000,0.0000,0.0000,51.8770,10.8788,6.0452,0.0000,0.0000,0.2564,0.0000,0.0000,0.0000,0.0000,0.0000,0.0000,0.0000,0.0000,-13.030,-10.343,2.521,0.330,1.299,0.148894,0.701043,0.000000,0.000000,0.008878,0.141184
1209,792.00,0.000,-14.657,1.3477,4.0846,30.9412,0.0000,0.0000,0.0000,0.0000,51.8886,10.8751,6.0396,0.0000,0.0000,0.2554,0.0000,0.0000,0.0000,0.0000,0.0000,0.0000,0.0000,0.0000,-13.033,-10.348,2.521,0.330,1.300,0.148852,0.701230,0.000000,0.000000,0.008844,0.141074
1210,791.00,0.000,-14.679,1.3483,4.0849,30.9398,0.0000,0.0000,0.0000,0.0000,51.9001,10.8716,6.0341,0.0000,0.0000,0.2544,0.0000,0.0000,0.0000,0.0000,0.0000,0.0000,0.0000,0.0000,-13.035,-10.353,2.521,0.330,1.300,0.148810,0.701416,0.000000,0.000000,0.008810,0.140964
1211,790.00,0.000,-14.700,1.3490,4.0853,30.9385,0.0000,0.0000,0.0000,0.0000,51.9113,10.8682,6.0285,0.0000,0.0000,0.2534,0.0000,0.0000,0.0000,0.0000,0.0000,0.0000,0.0000,0.0000,-13.038,-10.358,2.521,0.330,1.300,0.148770,0.701600,0.000000,0.000000,0.008777,0.140854
1212,789.00,0.000,-14.722,1.3496,4.0856,30.9371,0.0000,0.0000,0.0000,0.0000,51.9226,10.8649,6.0230,0.0000,0.0000,0.2525,0.0000,0.0000,0.0000,0.0000,0.0000,0.0000,0.0000,0.0000,-13.040,-10.363,2.520,0.330,1.301,0.148731,0.701782,0.000000,0.000000,0.008744,0.140744
1213,788.00,0.000,-14.744,1.3502,4.0859,30.9357,0.0000,0.0000,0.0000,0.0000,51.9336,10.8616,6.0175,0.0000,0.0000,0.2515,0.0000,0.0000,0.0000,0.0000,0.0000,0.0000,0.0000,0.0000,-13.042,-10.368,2.520,0.330,1.301,0.148693,0.701963,0.000000,0.000000,0.008711,0.140634
1214,787.00,0.000,-14.765,1.3508,4.0863,30.9344,0.0000,0.0000,0.0000,0.0000,51.9446,10.8585,6.0120,0.0000,0.0000,0.2506,0.0000,0.0000,0.0000,0.0000,0.0000,0.0000,0.0000,0.0000,-13.044,-10.372,2.520,0.331,1.301,0.148656,0.702142,0.000000,0.000000,0.008678,0.140524
1215,786.00,0.000,-14.787,1.3514,4.0866,30.9330,0.0000,0.0000,0.0000,0.0000,51.9554,10.8554,6.0065,0.0000,0.0000,0.2496,0.0000,0.0000,0.0000,0.0000,0.0000,0.0000,0.0000,0.0000,-13.046,-10.377,2.520,0.331,1.302,0.148621,0.702319,0.000000,0.000000,0.008645,0.140414
1216,785.00,0.000,-14.809,1.3520,4.0869,30.9317,0.0000,0.0000,0.0000,0.0000,51.9661,10.8525,6.0011,0.0000,0.0000,0.2487,0.0000,0.0000,0.0000,0.0000,0.0000,0.0000,0.0000,0.0000,-13.048,-10.381,2.520,0.331,1.302,0.148587,0.702495,0.000000,0.000000,0.008613,0.140305
1217,784.00,0.000,-14.831,1.3525,4.0873,30.9303,0.0000,0.0000,0.0000,0.0000,51.9768,10.8496,5.9956,0.0000,0.0000,0.2477,0.0000,0.0000,0.0000,0.0000,0.0000,0.0000,0.0000,0.0000,-13.049,-10.386,2.519,0.331,1.302,0.148554,0.702669,0.000000,0.000000,0.008581,0.140195
1218,783.00,0.000,-14.853,1.3531,4.0876,30.9290,0.0000,0.0000,0.0000,0.0000,51.9873,10.8468,5.9901,0.0000,0.0000,0.2468,0.0000,0.0000,0.0000,0.0000,0.0000,0.0000,0.0000,0.0000,-13.051,-10.390,2.519,0.331,1.303,0.148523,0.702841,0.000000,0.000000,0.008549,0.140086
1219,782.00,0.000,-14.874,1.3536,4.0879,30.9276,0.0000,0.0000,0.0000,0.0000,51.9976,10.8442,5.9847,0.0000,0.0000,0.2459,0.0000,0.0000,0.0000,0.0000,0.0000,0.0000,0.0000,0.0000,-13.052,-10.394,2.519,0.331,1.303,0.148493,0.703012,0.000000,0.000000,0.008518,0.139978
1220,781.00,0.000,-14.896,1.3542,4.0883,30.9263,0.0000,0.0000,0.0000,0.0000,52.0079,10.8416,5.9793,0.0000,0.0000,0.2450,0.0000,0.0000,0.0000,0.0000,0.0000,0.0000,0.0000,0.0000,-13.053,-10.399,2.518,0.331,1.303,0.148464,0.703181,0.000000,0.000000,0.008487,0.139869
1221,780.00,0.000,-14.918,1.3547,4.0886,30.9250,0.0000,0.0000,0.0000,0.0000,52.0180,10.8391,5.9739,0.0000,0.0000,0.2441,0.0000,0.0000,0.0000,0.0000,0.0000,0.0000,0.0000,0.0000,-13.055,-10.403,2.518,0.331,1.304,0.148436,0.703348,0.000000,0.000000,0.008456,0.139760
1222,779.00,0.000,-14.941,1.3552,4.0889,30.9236,0.0000,0.0000,0.0000,0.0000,52.0280,10.8367,5.9685,0.0000,0.0000,0.2432,0.0000,0.0000,0.0000,0.0000,0.0000,0.0000,0.0000,0.0000,-13.056,-10.407,2.518,0.331,1.304,0.148409,0.703514,0.000000,0.000000,0.008425,0.139652
1223,778.00,0.000,-14.963,1.3557,4.0892,30.9223,0.0000,0.0000,0.0000,0.0000,52.0379,10.8343,5.9631,0.0000,0.0000,0.2423,0.0000,0.0000,0.0000,0.0000,0.0000,0.0000,0.0000,0.0000,-13.057,-10.411,2.517,0.332,1.304,0.148384,0.703678,0.000000,0.000000,0.008395,0.139544
1224,777.00,0.000,-14.985,1.3562,4.0896,30.9210,0.0000,0.0000,0.0000,0.0000,52.0477,10.8321,5.9578,0.0000,0.0000,0.2414,0.0000,0.0000,0.0000,0.0000,0.0000,0.0000,0.0000,0.0000,-13.058,-10.414,2.517,0.332,1.304,0.148360,0.703840,0.000000,0.000000,0.008365,0.139436
1225,776.00,0.000,-15.007,1.3566,4.0899,30.9197,0.0000,0.0000,0.0000,0.0000,52.0574,10.8300,5.9524,0.0000,0.0000,0.2405,0.0000,0.0000,0.0000,0.0000,0.0000,0.0000,0.0000,0.0000,-13.058,-10.418,2.516,0.332,1.305,0.148337,0.704001,0.000000,0.000000,0.008335,0.139328
1226,775.00,0.000,-15.029,1.3571,4.0902,30.9184,0.0000,0.0000,0.0000,0.0000,52.0669,10.8279,5.9471,0.0000,0.0000,0.2397,0.0000,0.0000,0.0000,0.0000,0.0000,0.0000,0.0000,0.0000,-13.059,-10.422,2.516,0.332,1.305,0.148315,0.704159,0.000000,0.000000,0.008305,0.139221
1227,774.00,0.000,-15.051,1.3575,4.0905,30.9171,0.0000,0.0000,0.0000,0.0000,52.0764,10.8260,5.9418,0.0000,0.0000,0.2388,0.0000,0.0000,0.0000,0.0000,0.0000,0.0000,0.0000,0.0000,-13.060,-10.425,2.516,0.332,1.305,0.148294,0.704317,0.000000,0.000000,0.008276,0.139113
1228,773.00,0.000,-15.074,1.3580,4.0909,30.9158,0.0000,0.0000,0.0000,0.0000,52.0857,10.8241,5.9365,0.0000,0.0000,0.2380,0.0000,0.0000,0.0000,0.0000,0.0000,0.0000,0.0000,0.0000,-13.060,-10.429,2.515,0.332,1.305,0.148275,0.704473,0.000000,0.000000,0.008246,0.139006
1229,772.00,0.000,-15.096,1.3584,4.0912,30.9145,0.0000,0.0000,0.0000,0.0000,52.0949,10.8223,5.9312,0.0000,0.0000,0.2371,0.0000,0.0000,0.0000,0.0000,0.0000,0.0000,0.0000,0.0000,-13.060,-10.432,2.514,0.332,1.305,0.148257,0.704627,0.000000,0.000000,0.008217,0.138899
1230,771.00,0.000,-15.119,1.3588,4.0915,30.9132,0.0000,0.0000,0.0000,0.0000,52.1040,10.8206,5.9259,0.0000,0.0000,0.2363,0.0000,0.0000,0.0000,0.0000,0.0000,0.0000,0.0000,0.0000,-13.061,-10.436,2.514,0.332,1.306,0.148239,0.704779,0.000000,0.000000,0.008189,0.138792
1231,770.00,0.000,-15.141,1.3592,4.0918,30.9119,0.0000,0.0000,0.0000,0.0000,52.1130,10.8190,5.9207,0.0000,0.0000,0.2354,0.0000,0.0000,0.0000,0.0000,0.0000,0.0000,0.0000,0.0000,-13.061,-10.439,2.513,0.332,1.306,0.148224,0.704930,0.000000,0.000000,0.008160,0.138686
1232,769.00,0.000,-15.163,1.3596,4.0921,30.9106,0.0000,0.0000,0.0000,0.0000,52.1219,10.8175,5.9154,0.0000,0.0000,0.2346,0.0000,0.0000,0.0000,0.0000,0.0000,0.0000,0.0000,0.0000,-13.061,-10.442,2.513,0.332,1.306,0.148209,0.705080,0.000000,0.000000,0.008132,0.138580
1233,768.00,0.000,-15.186,1.3600,4.0924,30.9093,0.0000,0.0000,0.0000,0.0000,52.1306,10.8160,5.9102,0.0000,0.0000,0.2338,0.0000,0.0000,0.0000,0.0000,0.0000,0.0000,0.0000,0.0000,-13.061,-10.445,2.512,0.332,1.306,0.148195,0.705227,0.000000,0.000000,0.008104,0.138474
1234,767.00,0.000,-15.209,1.3603,4.0928,30.9081,0.0000,0.0000,0.0000,0.0000,52.1393,10.8147,5.9050,0.0000,0.0000,0.2330,0.0000,0.0000,0.0000,0.0000,0.0000,0.0000,0.0000,0.0000,-13.060,-10.448,2.511,0.332,1.306,0.148183,0.705374,0.000000,0.000000,0.008076,0.138368
1235,766.00,0.000,-15.231,1.3607,4.0931,30.9068,0.0000,0.0000,0.0000,0.0000,52.1478,10.8134,5.8998,0.0000,0.0000,0.2322,0.0000,0.0000,0.0000,0.0000,0.0000,0.0000,0.0000,0.0000,-13.060,-10.451,2.511,0.332,1.306,0.148171,0.705518,0.000000,0.000000,0.008049,0.138262
1236,765.00,0.000,-15.254,1.3610,4.0934,30.9055,0.0000,0.0000,0.0000,0.0000,52.1562,10.8122,5.8947,0.0000,0.0000,0.2314,0.0000,0.0000,0.0000,0.0000,0.0000,0.0000,0.0000,0.0000,-13.060,-10.454,2.510,0.332,1.306,0.148161,0.705661,0.000000,0.000000,0.008021,0.138157
1237,764.00,0.000,-15.277,1.3614,4.0937,30.9043,0.0000,0.0000,0.0000,0.0000,52.1646,10.8111,5.8895,0.0000,0.0000,0.2306,0.0000,0.0000,0.0000,0.0000,0.0000,0.0000,0.0000,0.0000,-13.059,-10.457,2.509,0.333,1.306,0.148152,0.705802,0.000000,0.000000,0.007994,0.138052
1238,763.00,0.000,-15.299,1.3617,4.0940,30.9030,0.0000,0.0000,0.0000,0.0000,52.1728,10.8101,5.8843,0.0000,0.0000,0.2298,0.0000,0.0000,0.0000,0.0000,0.0000,0.0000,0.0000,0.0000,-13.059,-10.459,2.509,0.333,1.306,0.148144,0.705942,0.000000,0.000000,0.007967,0.137947
1239,762.00,0.000,-15.322,1.3620,4.0943,30.9018,0.0000,0.0000,0.0000,0.0000,52.1809,10.8091,5.8792,0.0000,0.0000,0.2290,0.0000,0.0000,0.0000,0.0000,0.0000,0.0000,0.0000,0.0000,-13.058,-10.462,2.508,0.333,1.306,0.148137,0.706080,0.000000,0.000000,0.007941,0.137842
1240,761.00,0.000,-15.345,1.3623,4.0946,30.9005,0.0000,0.0000,0.0000,0.0000,52.1889,10.8082,5.8741,0.0000,0.0000,0.2282,0.0000,0.0000,0.0000,0.0000,0.0000,0.0000,0.0000,0.0000,-13.057,-10.464,2.507,0.333,1.307,0.148131,0.706217,0.000000,0.000000,0.007914,0.137738
1241,760.00,0.000,-15.368,1.3626,4.0949,30.8993,0.0000,0.0000,0.0000,0.0000,52.1968,10.8075,5.8690,0.0000,0.0000,0.2275,0.0000,0.0000,0.0000,0.0000,0.0000,0.0000,0.0000,0.0000,-13.056,-10.467,2.506,0.333,1.307,0.148126,0.706352,0.000000,0.000000,0.007888,0.137634
1242,759.00,0.000,-15.391,1.3628,4.0953,30.8980,0.0000,0.0000,0.0000,0.0000,52.2046,10.8067,5.8639,0.0000,0.0000,0.2267,0.0000,0.0000,0.0000,0.0000,0.0000,0.0000,0.0000,0.0000,-13.055,-10.469,2.505,0.333,1.307,0.148122,0.706486,0.000000,0.000000,0.007862,0.137530
1243,758.00,0.000,-15.414,1.3631,4.0956,30.8968,0.0000,0.0000,0.0000,0.0000,52.2122,10.8061,5.8589,0.0000,0.0000,0.2260,0.0000,0.0000,0.0000,0.0000,0.0000,0.0000,0.0000,0.0000,-13.054,-10.472,2.505,0.333,1.307,0.148119,0.706618,0.000000,0.000000,0.007836,0.137427
1244,757.00,0.000,-15.437,1.3634,4.0959,30.8956,0.0000,0.0000,0.0000,0.0000,52.2198,10.8056,5.8538,0.0000,0.0000,0.2252,0.0000,0.0000,0.0000,0.0000,0.0000,0.0000,0.0000,0.0000,-13.053,-10.474,2.504,0.333,1.307,0.148118,0.706749,0.000000,0.000000,0.007810,0.137323
1245,756.00,0.000,-15.460,1.3636,4.0962,30.8944,0.0000,0.0000,0.0000,0.0000,52.2273,10.8051,5.8488,0.0000,0.0000,0.2245,0.0000,0.0000,0.0000,0.0000,0.0000,0.0000,0.0000,0.0000,-13.052,-10.476,2.503,0.333,1.307,0.148117,0.706878,0.000000,0.000000,0.007785,0.137220
1246,755.00,0.000,-15.483,1.3638,4.0965,30.8931,0.0000,0.0000,0.0000,0.0000,52.2346,10.8047,5.8438,0.0000,0.0000,0.2237,0.0000,0.0000,0.0000,0.0000,0.0000,0.0000,0.0000,0.0000,-13.050,-10.478,2.502,0.333,1.307,0.148118,0.707005,0.000000,0.000000,0.007760,0.137117
1247,754.00,0.000,-15.506,1.3641,4.0968,30.8919,0.0000,0.0000,0.0000,0.0000,52.2419,10.8044,5.8388,0.0000,0.0000,0.2230,0.0000,0.0000,0.0000,0.0000,0.0000,0.0000,0.0000,0.0000,-13.049,-10.480,2.501,0.333,1.307,0.148119,0.707132,0.000000,0.000000,0.007735,0.137015
1248,753.00,0.000,-15.529,1.3643,4.0971,30.8907,0.0000,0.0000,0.0000,0.0000,52.2491,10.8041,5.8338,0.0000,0.0000,0.2223,0.0000,0.0000,0.0000,0.0000,0.0000,0.0000,0.0000,0.0000,-13.047,-10.482,2.500,0.333,1.307,0.148122,0.707256,0.000000,0.000000,0.007710,0.136912
1249,752.00,0.000,-15.552,1.3645,4.0974,30.8895,0.0000,0.0000,0.0000,0.0000,52.2561,10.8040,5.8288,0.0000,0.0000,0.2216,0.0000,0.0000,0.0000,0.0000,0.0000,0.0000,0.0000,0.0000,-13.046,-10.484,2.499,0.333,1.307,0.148125,0.707379,0.000000,0.000000,0.007685,0.136810
1250,751.00,0.000,-15.576,1.3647,4.0977,30.8883,0.0000,0.0000,0.0000,0.0000,52.2631,10.8039,5.8239,0.0000,0.0000,0.2209,0.0000,0.0000,0.0000,0.0000,0.0000,0.0000,0.0000,0.0000,-13.044,-10.485,2.498,0.333,1.306,0.148130,0.707501,0.000000,0.000000,0.007661,0.136708
1251,750.00,0.000,-15.599,1.3648,4.0980,30.8871,0.0000,0.0000,0.0000,0.0000,52.2699,10.8039,5.8189,0.0000,0.0000,0.2202,0.0000,0.0000,0.0000,0.0000,0.0000,0.0000,0.0000,0.0000,-13.042,-10.487,2.497,0.333,1.306,0.148135,0.707621,0.000000,0.000000,0.007637,0.136607
1252,749.00,0.000,-15.622,1.3650,4.0983,30.8859,0.0000,0.0000,0.0000,0.0000,52.2767,10.8039,5.8140,0.0000,0.0000,0.2194,0.0000,0.0000,0.0000,0.0000,0.0000,0.0000,0.0000,0.0000,-13.040,-10.489,2.496,0.333,1.306,0.148142,0.707740,0.000000,0.000000,0.007613,0.136505
1253,748.00,0.000,-15.646,1.3652,4.0986,30.8847,0.0000,0.0000,0.0000,0.0000,52.2834,10.8041,5.8091,0.0000,0.0000,0.2188,0.0000,0.0000,0.0000,0.0000,0.0000,0.0000,0.0000,0.0000,-13.038,-10.490,2.495,0.333,1.306,0.148149,0.707858,0.000000,0.000000,0.007589,0.136404
1254,747.00,0.000,-15.669,1.3653,4.0989,30.8835,0.0000,0.0000,0.0000,0.0000,52.2899,10.8043,5.8042,0.0000,0.0000,0.2181,0.0000,0.0000,0.0000,0.0000,0.0000,0.0000,0.0000,0.0000,-13.036,-10.492,2.494,0.333,1.306,0.148158,0.707974,0.000000,0.000000,0.007565,0.136304
1255,746.00,0.000,-15.693,1.3655,4.0992,30.8823,0.0000,0.0000,0.0000,0.0000,52.2964,10.8045,5.7993,0.0000,0.0000,0.2174,0.0000,0.0000,0.0000,0.0000,0.0000,0.0000,0.0000,0.0000,-13.034,-10.493,2.493,0.333,1.306,0.148167,0.708088,0.000000,0.000000,0.007542,0.136203
1256,745.00,0.000,-15.716,1.3656,4.0995,30.8812,0.0000,0.0000,0.0000,0.0000,52.3027,10.8049,5.7945,0.0000,0.0000,0.2167,0.0000,0.0000,0.0000,0.0000,0.0000,0.0000,0.0000,0.0000,-13.031,-10.494,2.492,0.333,1.306,0.148178,0.708201,0.000000,0.000000,0.007518,0.136103
1257,744.00,0.000,-15.740,1.3657,4.0998,30.8800,0.0000,0.0000,0.0000,0.0000,52.3090,10.8053,5.7896,0.0000,0.0000,0.2160,0.0000,0.0000,0.0000,0.0000,0.0000,0.0000,0.0000,0.0000,-13.029,-10.496,2.491,0.333,1.306,0.148189,0.708313,0.000000,0.000000,0.007495,0.136003
1258,743.00,0.000,-15.764,1.3658,4.1001,30.8788,0.0000,0.0000,0.0000,0.0000,52.3152,10.8058,5.7848,0.0000,0.0000,0.2154,0.0000,0.0000,0.0000,0.0000,0.0000,0.0000,0.0000,0.0000,-13.026,-10.497,2.490,0.333,1.306,0.148201,0.708423,0.000000,0.000000,0.007472,0.135903
1259,742.00,0.000,-15.787,1.3659,4.1004,30.8777,0.0000,0.0000,0.0000,0.0000,52.3213,10.8064,5.7800,0.0000,0.0000,0.2147,0.0000,0.0000,0.0000,0.0000,0.0000,0.0000,0.0000,0.0000,-13.024,-10.498,2.488,0.333,1.306,0.148215,0.708532,0.000000,0.000000,0.007450,0.135803
1260,741.00,0.000,-15.811,1.3660,4.1007,30.8765,0.0000,0.0000,0.0000,0.0000,52.3272,10.8070,5.7752,0.0000,0.0000,0.2140,0.0000,0.0000,0.0000,0.0000,0.0000,0.0000,0.0000,0.0000,-13.021,-10.499,2.487,0.333,1.305,0.148229,0.708640,0.000000,0.000000,0.007427,0.135704
1261,740.00,0.000,-15.835,1.3661,4.1010,30.8754,0.0000,0.0000,0.0000,0.0000,52.3331,10.8077,5.7704,0.0000,0.0000,0.2134,0.0000,0.0000,0.0000,0.0000,0.0000,0.0000,0.0000,0.0000,-13.018,-10.500,2.486,0.333,1.305,0.148244,0.708746,0.000000,0.000000,0.007405,0.135605
1262,739.00,0.000,-15.859,1.3662,4.1012,30.8742,0.0000,0.0000,0.0000,0.0000,52.3389,10.8085,5.7656,0.0000,0.0000,0.2127,0.0000,0.0000,0.0000,0.0000,0.0000,0.0000,0.0000,0.0000,-13.016,-10.501,2.485,0.333,1.305,0.148260,0.708851,0.000000,0.000000,0.007382,0.135506
1263,738.00,0.000,-15.882,1.3662,4.1015,30.8731,0.0000,0.0000,0.0000,0.0000,52.3446,10.8093,5.7609,0.0000,0.0000,0.2121,0.0000,0.0000,0.0000,0.0000,0.0000,0.0000,0.0000,0.0000,-13.013,-10.502,2.484,0.333,1.305,0.148277,0.708955,0.000000,0.000000,0.007360,0.135408
1264,737.00,0.000,-15.906,1.3663,4.1018,30.8719,0.0000,0.0000,0.0000,0.0000,52.3503,10.8102,5.7562,0.0000,0.0000,0.2115,0.0000,0.0000,0.0000,0.0000,0.0000,0.0000,0.0000,0.0000,-13.010,-10.502,2.482,0.333,1.305,0.148295,0.709057,0.000000,0.000000,0.007338,0.135309
1265,736.00,0.000,-15.930,1.3663,4.1021,30.8708,0.0000,0.0000,0.0000,0.0000,52.3558,10.8112,5.7514,0.0000,0.0000,0.2108,0.0000,0.0000,0.0000,0.0000,0.0000,0.0000,0.0000,0.0000,-13.007,-10.503,2.481,0.333,1.305,0.148314,0.709158,0.000000,0.000000,0.007317,0.135211
1266,735.00,0.000,-15.954,1.3664,4.1024,30.8696,0.0000,0.0000,0.0000,0.0000,52.3612,10.8122,5.7467,0.0000,0.0000,0.2102,0.0000,0.0000,0.0000,0.0000,0.0000,0.0000,0.0000,0.0000,-13.004,-10.504,2.480,0.333,1.304,0.148334,0.709258,0.000000,0.000000,0.007295,0.135114
1267,734.00,0.000,-15.978,1.3664,4.1027,30.8685,0.0000,0.0000,0.0000,0.0000,52.3665,10.8133,5.7420,0.0000,0.0000,0.2096,0.0000,0.0000,0.0000,0.0000,0.0000,0.0000,0.0000,0.0000,-13.000,-10.504,2.478,0.333,1.304,0.148354,0.709356,0.000000,0.000000,0.007274,0.135016
1268,733.00,0.000,-16.003,1.3664,4.1030,30.8674,0.0000,0.0000,0.0000,0.0000,52.3718,10.8145,5.7374,0.0000,0.0000,0.2089,0.0000,0.0000,0.0000,0.0000,0.0000,0.0000,0.0000,0.0000,-12.997,-10.505,2.477,0.333,1.304,0.148376,0.709453,0.000000,0.000000,0.007253,0.134919
1269,732.00,0.000,-16.027,1.3664,4.1033,30.8663,0.0000,0.0000,0.0000,0.0000,52.3770,10.8158,5.7327,0.0000,0.0000,0.2083,0.0000,0.0000,0.0000,0.0000,0.0000,0.0000,0.0000,0.0000,-12.994,-10.505,2.476,0.333,1.304,0.148398,0.709549,0.000000,0.000000,0.007231,0.134821
1270,731.00,0.000,-16.051,1.3664,4.1035,30.8651,0.0000,0.0000,0.0000,0.0000,52.3820,10.8171,5.7280,0.0000,0.0000,0.2077,0.0000,0.0000,0.0000,0.0000,0.0000,0.0000,0.0000,0.0000,-12.990,-10.505,2.474,0.333,1.303,0.148422,0.709643,0.000000,0.000000,0.007211,0.134725
1271,730.00,0.000,-16.075,1.3664,4.1038,30.8640,0.0000,0.0000,0.0000,0.0000,52.3870,10.8184,5.7234,0.0000,0.0000,0.2071,0.0000,0.0000,0.0000,0.0000,0.0000,0.0000,0.0000,0.0000,-12.987,-10.506,2.473,0.333,1.303,0.148446,0.709737,0.000000,0.000000,0.007190,0.134628
1272,729.00,0.000,-16.100,1.3664,4.1041,30.8629,0.0000,0.0000,0.0000,0.0000,52.3919,10.8199,5.7188,0.0000,0.0000,0.2065,0.0000,0.0000,0.0000,0.0000,0.0000,0.0000,0.0000,0.0000,-12.983,-10.506,2.472,0.333,1.303,0.148471,0.709829,0.000000,0.000000,0.007169,0.134531
1273,728.00,0.000,-16.124,1.3663,4.1044,30.8618,0.0000,0.0000,0.0000,0.0000,52.3967,10.8214,5.7142,0.0000,0.0000,0.2059,0.0000,0.0000,0.0000,0.0000,0.0000,0.0000,0.0000,0.0000,-12.979,-10.506,2.470,0.333,1.303,0.148497,0.709919,0.000000,0.000000,0.007149,0.134435
1274,727.00,0.000,-16.148,1.3663,4.1047,30.8607,0.0000,0.0000,0.0000,0.0000,52.4015,10.8229,5.7096,0.0000,0.0000,0.2053,0.0000,0.0000,0.0000,0.0000,0.0000,0.0000,0.0000,0.0000,-12.975,-10.506,2.469,0.333,1.302,0.148523,0.710009,0.000000,0.000000,0.007128,0.134339
1275,726.00,0.000,-16.173,1.3663,4.1050,30.8596,0.0000,0.0000,0.0000,0.0000,52.4061,10.8245,5.7050,0.0000,0.0000,0.2047,0.0000,0.0000,0.0000,0.0000,0.0000,0.0000,0.0000,0.0000,-12.972,-10.506,2.467,0.333,1.302,0.148551,0.710097,0.000000,0.000000,0.007108,0.134244
1276,725.00,0.000,-16.197,1.3662,4.1052,30.8585,0.0000,0.0000,0.0000,0.0000,52.4107,10.8262,5.7004,0.0000,0.0000,0.2042,0.0000,0.0000,0.0000,0.0000,0.0000,0.0000,0.0000,0.0000,-12.968,-10.506,2.466,0.333,1.302,0.148579,0.710184,0.000000,0.000000,0.007088,0.134148
1277,724.00,0.000,-16.222,1.3661,4.1055,30.8574,0.0000,0.0000,0.0000,0.0000,52.4152,10.8280,5.6959,0.0000,0.0000,0.2036,0.0000,0.0000,0.0000,0.0000,0.0000,0.0000,0.0000,0.0000,-12.964,-10.506,2.464,0.333,1.302,0.148609,0.710270,0.000000,0.000000,0.007069,0.134053
1278,723.00,0.000,-16.246,1.3661,4.1058,30.8563,0.0000,0.0000,0.0000,0.0000,52.4196,10.8298,5.6913,0.0000,0.0000,0.2030,0.0000,0.0000,0.0000,0.0000,0.0000,0.0000,0.0000,0.0000,-12.960,-10.506,2.463,0.333,1.301,0.148639,0.710355,0.000000,0.000000,0.007049,0.133958
1279,722.00,0.000,-16.271,1.3660,4.1061,30.8552,0.0000,0.0000,0.0000,0.0000,52.4239,10.8317,5.6868,0.0000,0.0000,0.2024,0.0000,0.0000,0.0000,0.0000,0.0000,0.0000,0.0000,0.0000,-12.955,-10.506,2.461,0.333,1.301,0.148669,0.710438,0.000000,0.000000,0.007029,0.133863
1280,721.00,0.000,-16.296,1.3659,4.1064,30.8542,0.0000,0.0000,0.0000,0.0000,52.4281,10.8336,5.6823,0.0000,0.0000,0.2019,0.0000,0.0000,0.0000,0.0000,0.0000,0.0000,0.0000,0.0000,-12.951,-10.506,2.460,0.333,1.301,0.148701,0.710521,0.000000,0.000000,0.007010,0.133768
1281,720.00,0.000,-16.321,1.3658,4.1066,30.8531,0.0000,0.0000,0.0000,0.0000,52.4323,10.8356,5.6777,0.0000,0.0000,0.2013,0.0000,0.0000,0.0000,0.0000,0.0000,0.0000,0.0000,0.0000,-12.947,-10.505,2.458,0.333,1.300,0.148734,0.710602,0.000000,0.000000,0.006990,0.133674
1282,719.00,0.000,-16.345,1.3657,4.1069,30.8520,0.0000,0.0000,0.0000,0.0000,52.4364,10.8376,5.6732,0.0000,0.0000,0.2007,0.0000,0.0000,0.0000,0.0000,0.0000,0.0000,0.0000,0.0000,-12.943,-10.505,2.457,0.333,1.300,0.148767,0.710682,0.000000,0.000000,0.006971,0.133579
1283,718.00,0.000,-16.370,1.3660,4.1096,30.8307,0.0000,0.0000,0.0000,0.0000,52.5389,10.8559,5.5843,0.0000,0.0000,0.1903,0.0000,0.0000,0.0000,0.0000,0.0000,0.0000,0.0000,0.0000,-12.925,-10.491,2.455,0.332,1.299,0.149121,0.712564,0.000000,0.000000,0.006613,0.131703
1284,717.00,0.000,-16.395,1.3655,4.1098,30.8305,0.0000,0.0000,0.0000,0.0000,52.5357,10.8602,5.5835,0.0000,0.0000,0.1901,0.0000,0.0000,0.0000,0.0000,0.0000,0.0000,0.0000,0.0000,-12.918,-10.489,2.453,0.332,1.299,0.149181,0.712524,0.000000,0.000000,0.006606,0.131689
1285,716.00,0.000,-16.420,1.3651,4.1099,30.8301,0.0000,0.0000,0.0000,0.0000,52.5341,10.8643,5.5818,0.0000,0.0000,0.1898,0.0000,0.0000,0.0000,0.0000,0.0000,0.0000,0.0000,0.0000,-12.911,-10.487,2.451,0.332,1.298,0.149239,0.712513,0.000000,0.000000,0.006595,0.131653
1286,715.00,0.000,-16.445,1.3647,4.1101,30.8296,0.0000,0.0000,0.0000,0.0000,52.5331,10.8683,5.5796,0.0000,0.0000,0.1894,0.0000,0.0000,0.0000,0.0000,0.0000,0.0000,0.0000,0.0000,-12.904,-10.485,2.449,0.332,1.297,0.149297,0.712512,0.000000,0.000000,0.006583,0.131609
1287,714.00,0.000,-16.470,1.3643,4.1104,30.8290,0.0000,0.0000,0.0000,0.0000,52.5327,10.8722,5.5770,0.0000,0.0000,0.1890,0.0000,0.0000,0.0000,0.0000,0.0000,0.0000,0.0000,0.0000,-12.898,-10.482,2.447,0.332,1.297,0.149354,0.712520,0.000000,0.000000,0.006570,0.131557
1288,713.00,0.000,-16.495,1.3640,4.1106,30.8283,0.0000,0.0000,0.0000,0.0000,52.5327,10.8762,5.5742,0.0000,0.0000,0.1886,0.0000,0.0000,0.0000,0.0000,0.0000,0.0000,0.0000,0.0000,-12.891,-10.480,2.445,0.332,1.296,0.149411,0.712536,0.000000,0.000000,0.006556,0.131497
1289,712.00,0.000,-16.520,1.3666,4.1122,30.8169,0.0000,0.0000,0.0000,0.0000,52.6079,10.8653,5.5271,0.0000,0.0000,0.1828,0.0000,0.0000,0.0000,0.0000,0.0000,0.0000,0.0000,0.0000,-12.904,-10.492,2.448,0.332,1.298,0.149316,0.713819,0.000000,0.000000,0.006356,0.130509
1290,711.00,0.000,-16.546,1.3668,4.1126,30.8145,0.0000,0.0000,0.0000,0.0000,52.6205,10.8663,5.5170,0.0000,0.0000,0.1817,0.0000,0.0000,0.0000,0.0000,0.0000,0.0000,0.0000,0.0000,-12.900,-10.493,2.446,0.332,1.298,0.149342,0.714046,0.000000,0.000000,0.006318,0.130294
1291,710.00,0.000,-16.571,1.3676,4.1133,30.8099,0.0000,0.0000,0.0000,0.0000,52.6490,10.8635,5.4979,0.0000,0.0000,0.1797,0.0000,0.0000,0.0000,0.0000,0.0000,0.0000,0.0000,0.0000,-12.902,-10.496,2.446,0.332,1.298,0.149326,0.714540,0.000000,0.000000,0.006250,0.129884
1292,709.00,0.000,-16.596,1.3687,4.1141,30.8046,0.0000,0.0000,0.0000,0.0000,52.6833,10.8590,5.4756,0.0000,0.0000,0.1775,0.0000,0.0000,0.0000,0.0000,0.0000,0.0000,0.0000,0.0000,-12.905,-10.502,2.447,0.333,1.299,0.149290,0.715129,0.000000,0.000000,0.006173,0.129408
1293,708.00,0.000,-16.622,1.3700,4.1150,30.7990,0.0000,0.0000,0.0000,0.0000,52.7197,10.8536,5.4525,0.0000,0.0000,0.1751,0.0000,0.0000,0.0000,0.0000,0.0000,0.0000,0.0000,0.0000,-12.909,-10.508,2.447,0.333,1.300,0.149243,0.715752,0.000000,0.000000,0.006092,0.128913
1294,707.00,0.000,-16.647,1.3714,4.1158,30.7931,0.0000,0.0000,0.0000,0.0000,52.7590,10.8471,5.4281,0.0000,0.0000,0.1727,0.0000,0.0000,0.0000,0.0000,0.0000,0.0000,0.0000,0.0000,-12.914,-10.515,2.448,0.333,1.301,0.149181,0.716421,0.000000,0.000000,0.006009,0.128389
1295,706.00,0.000,-16.672,1.3730,4.1167,30.7870,0.0000,0.0000,0.0000,0.0000,52.8011,10.8392,5.4025,0.0000,0.0000,0.1702,0.0000,0.0000,0.0000,0.0000,0.0000,0.0000,0.0000,0.0000,-12.921,-10.523,2.449,0.334,1.302,0.149103,0.717137,0.000000,0.000000,0.005921,0.127839
1296,705.00,0.000,-16.698,1.3747,4.1177,30.7808,0.0000,0.0000,0.0000,0.0000,52.8445,10.8305,5.3766,0.0000,0.0000,0.1676,0.0000,0.0000,0.0000,0.0000,0.0000,0.0000,0.0000,0.0000,-12.929,-10.532,2.451,0.334,1.303,0.149013,0.717870,0.000000,0.000000,0.005834,0.127282
1297,704.00,0.000,-16.724,1.3765,4.1186,30.7747,0.0000,0.0000,0.0000,0.0000,52.8874,10.8213,5.3514,0.0000,0.0000,0.1652,0.0000,0.0000,0.0000,0.0000,0.0000,0.0000,0.0000,0.0000,-12.938,-10.542,2.452,0.334,1.304,0.148916,0.718595,0.000000,0.000000,0.005750,0.126739
1298,703.00,0.000,-16.749,1.3782,4.1195,30.7689,0.0000,0.0000,0.0000,0.0000,52.9289,10.8121,5.3273,0.0000,0.0000,0.1628,0.0000,0.0000,0.0000,0.0000,0.0000,0.0000,0.0000,0.0000,-12.947,-10.551,2.454,0.335,1.306,0.148817,0.719295,0.000000,0.000000,0.005670,0.126219
1299,702.00,0.000,-16.775,1.3799,4.1203,30.7635,0.0000,0.0000,0.0000,0.0000,52.9683,10.8031,5.3045,0.0000,0.0000,0.1606,0.0000,0.0000,0.0000,0.0000,0.0000,0.0000,0.0000,0.0000,-12.955,-10.561,2.455,0.335,1.307,0.148720,0.719958,0.000000,0.000000,0.005594,0.125728
1300,701.00,0.000,-16.801,1.3815,4.1211,30.7584,0.0000,0.0000,0.0000,0.0000,53.0051,10.7947,5.2833,0.0000,0.0000,0.1586,0.0000,0.0000,0.0000,0.0000,0.0000,0.0000,0.0000,0.0000,-12.963,-10.570,2.456,0.335,1.308,0.148628,0.720577,0.000000,0.000000,0.005525,0.125270
1301,700.00,0.000,-16.826,1.3830,4.1218,30.7537,0.0000,0.0000,0.0000,0.0000,53.0387,10.7871,5.2638,0.0000,0.0000,0.1567,0.0000,0.0000,0.0000,0.0000,0.0000,0.0000,0.0000,0.0000,-12.969,-10.578,2.457,0.336,1.309,0.148547,0.721144,0.000000,0.000000,0.005461,0.124848
