Index,T (C),P (kbars),log(10) f O2,mass (gm),rho (gm/cc),wt% SiO2,wt% TiO2,wt% Al2O3,wt% Fe2O3,wt% Cr2O3,wt% FeO,wt% MnO,wt% MgO,wt% NiO,wt% CoO,wt% CaO,wt% Na2O,wt% K2O,wt% P2O5,wt% H2O,wt% CO2,wt% SO3,wt% Cl2O-1,wt% F2O-1,G (kJ),H (kJ),S (J/K),V (cc),Cp (J/K)
1134,867.00,0.000,-13.148,0.0217,2.5352,100.0000,0.0000,0.0000,0.0000,0.0000,0.0000,0.0000,0.0000,0.0000,0.0000,0.0000,0.0000,0.0000,0.0000,0.0000,0.0000,0.0000,0.0000,0.0000,-0.362,-0.310,0.045,0.009,0.026
1135,866.00,0.000,-13.166,0.0595,2.5352,100.0000,0.0000,0.0000,0.0000,0.0000,0.0000,0.0000,0.0000,0.0000,0.0000,0.0000,0.0000,0.0000,0.0000,0.0000,0.0000,0.0000,0.0000,0.0000,-0.991,-0.849,0.124,0.023,0.070
1136,865.00,0.000,-13.185,0.0961,2.5352,100.0000,0.0000,0.0000,0.0000,0.0000,0.0000,0.0000,0.0000,0.0000,0.0000,0.0000,0.0000,0.0000,0.0000,0.0000,0.0000,0.0000,0.0000,0.0000,-1.598,-1.370,0.200,0.038,0.113
1137,864.00,0.000,-13.204,0.1314,2.5352,100.0000,0.0000,0.0000,0.0000,0.0000,0.0000,0.0000,0.0000,0.0000,0.0000,0.0000,0.0000,0.0000,0.0000,0.0000,0.0000,0.0000,0.0000,0.0000,-2.185,-1.874,0.274,0.052,0.154
1138,863.00,0.000,-13.223,0.1655,2.5352,100.0000,0.0000,0.0000,0.0000,0.0000,0.0000,0.0000,0.0000,0.0000,0.0000,0.0000,0.0000,0.0000,0.0000,0.0000,0.0000,0.0000,0.0000,0.0000,-2.753,-2.361,0.345,0.065,0.194
1139,862.00,0.000,-13.242,0.1986,2.5352,100.0000,0.0000,0.0000,0.0000,0.0000,0.0000,0.0000,0.0000,0.0000,0.0000,0.0000,0.0000,0.0000,0.0000,0.0000,0.0000,0.0000,0.0000,0.0000,-3.301,-2.832,0.413,0.078,0.233
1140,861.00,0.000,-13.261,0.2305,2.5352,100.0000,0.0000,0.0000,0.0000,0.0000,0.0000,0.0000,0.0000,0.0000,0.0000,0.0000,0.0000,0.0000,0.0000,0.0000,0.0000,0.0000,0.0000,0.0000,-3.832,-3.288,0.480,0.091,0.270
1141,860.00,0.000,-13.280,0.2614,2.5352,100.0000,0.0000,0.0000,0.0000,0.0000,0.0000,0.0000,0.0000,0.0000,0.0000,0.0000,0.0000,0.0000,0.0000,0.0000,0.0000,0.0000,0.0000,0.0000,-4.345,-3.729,0.544,0.103,0.306
1142,859.00,0.000,-13.299,0.2912,2.5352,100.0000,0.0000,0.0000,0.0000,0.0000,0.0000,0.0000,0.0000,0.0000,0.0000,0.0000,0.0000,0.0000,0.0000,0.0000,0.0000,0.0000,0.0000,0.0000,-4.840,-4.155,0.605,0.115,0.341
1143,858.00,0.000,-13.318,0.3201,2.5352,100.0000,0.0000,0.0000,0.0000,0.0000,0.0000,0.0000,0.0000,0.0000,0.0000,0.0000,0.0000,0.0000,0.0000,0.0000,0.0000,0.0000,0.0000,0.0000,-5.320,-4.568,0.665,0.126,0.375
1144,857.00,0.000,-13.337,0.3481,2.5352,100.0000,0.0000,0.0000,0.0000,0.0000,0.0000,0.0000,0.0000,0.0000,0.0000,0.0000,0.0000,0.0000,0.0000,0.0000,0.0000,0.0000,0.0000,0.0000,-5.784,-4.967,0.723,0.137,0.408
1145,856.00,0.000,-13.356,0.3751,2.5352,100.0000,0.0000,0.0000,0.0000,0.0000,0.0000,0.0000,0.0000,0.0000,0.0000,0.0000,0.0000,0.0000,0.0000,0.0000,0.0000,0.0000,0.0000,0.0000,-6.233,-5.353,0.779,0.148,0.440
1146,855.00,0.000,-13.376,0.4013,2.5352,100.0000,0.0000,0.0000,0.0000,0.0000,0.0000,0.0000,0.0000,0.0000,0.0000,0.0000,0.0000,0.0000,0.0000,0.0000,0.0000,0.0000,0.0000,0.0000,-6.667,-5.728,0.833,0.158,0.470
1147,854.00,0.000,-13.395,0.4266,2.5352,100.0000,0.0000,0.0000,0.0000,0.0000,0.0000,0.0000,0.0000,0.0000,0.0000,0.0000,0.0000,0.0000,0.0000,0.0000,0.0000,0.0000,0.0000,0.0000,-7.087,-6.090,0.885,0.168,0.500
1148,853.00,0.000,-13.414,0.4512,2.5352,100.0000,0.0000,0.0000,0.0000,0.0000,0.0000,0.0000,0.0000,0.0000,0.0000,0.0000,0.0000,0.0000,0.0000,0.0000,0.0000,0.0000,0.0000,0.0000,-7.494,-6.440,0.935,0.178,0.529
1149,852.00,0.000,-13.433,0.4749,2.5352,100.0000,0.0000,0.0000,0.0000,0.0000,0.0000,0.0000,0.0000,0.0000,0.0000,0.0000,0.0000,0.0000,0.0000,0.0000,0.0000,0.0000,0.0000,0.0000,-7.887,-6.780,0.984,0.187,0.556
1150,851.00,0.000,-13.453,0.4979,2.5352,100.0000,0.0000,0.0000,0.0000,0.0000,0.0000,0.0000,0.0000,0.0000,0.0000,0.0000,0.0000,0.0000,0.0000,0.0000,0.0000,0.0000,0.0000,0.0000,-8.268,-7.109,1.031,0.196,0.583
1151,850.00,0.000,-13.472,0.5202,2.5352,100.0000,0.0000,0.0000,0.0000,0.0000,0.0000,0.0000,0.0000,0.0000,0.0000,0.0000,0.0000,0.0000,0.0000,0.0000,0.0000,0.0000,0.0000,0.0000,-8.637,-7.428,1.077,0.205,0.609
1152,849.00,0.000,-13.491,0.5418,2.5352,100.0000,0.0000,0.0000,0.0000,0.0000,0.0000,0.0000,0.0000,0.0000,0.0000,0.0000,0.0000,0.0000,0.0000,0.0000,0.0000,0.0000,0.0000,0.0000,-8.994,-7.736,1.121,0.214,0.635
1153,848.00,0.000,-13.511,0.5627,2.5352,100.0000,0.0000,0.0000,0.0000,0.0000,0.0000,0.0000,0.0000,0.0000,0.0000,0.0000,0.0000,0.0000,0.0000,0.0000,0.0000,0.0000,0.0000,0.0000,-9.340,-8.035,1.163,0.222,0.659
1154,847.00,0.000,-13.530,0.5829,2.5352,100.0000,0.0000,0.0000,0.0000,0.0000,0.0000,0.0000,0.0000,0.0000,0.0000,0.0000,0.0000,0.0000,0.0000,0.0000,0.0000,0.0000,0.0000,0.0000,-9.674,-8.325,1.205,0.230,0.683
1155,846.00,0.000,-13.550,0.6025,2.5352,100.0000,0.0000,0.0000,0.0000,0.0000,0.0000,0.0000,0.0000,0.0000,0.0000,0.0000,0.0000,0.0000,0.0000,0.0000,0.0000,0.0000,0.0000,0.0000,-9.999,-8.606,1.245,0.238,0.705
1156,845.00,0.000,-13.569,0.6215,2.5352,100.0000,0.0000,0.0000,0.0000,0.0000,0.0000,0.0000,0.0000,0.0000,0.0000,0.0000,0.0000,0.0000,0.0000,0.0000,0.0000,0.0000,0.0000,0.0000,-10.313,-8.878,1.283,0.245,0.728
1157,844.00,0.000,-13.589,0.6399,2.5352,100.0000,0.0000,0.0000,0.0000,0.0000,0.0000,0.0000,0.0000,0.0000,0.0000,0.0000,0.0000,0.0000,0.0000,0.0000,0.0000,0.0000,0.0000,0.0000,-10.617,-9.142,1.320,0.252,0.749
1158,843.00,0.000,-13.608,0.6578,2.5352,100.0000,0.0000,0.0000,0.0000,0.0000,0.0000,0.0000,0.0000,0.0000,0.0000,0.0000,0.0000,0.0000,0.0000,0.0000,0.0000,0.0000,0.0000,0.0000,-10.911,-9.397,1.357,0.259,0.770
1159,842.00,0.000,-13.628,0.6751,2.5352,100.0000,0.0000,0.0000,0.0000,0.0000,0.0000,0.0000,0.0000,0.0000,0.0000,0.0000,0.0000,0.0000,0.0000,0.0000,0.0000,0.0000,0.0000,0.0000,-11.197,-9.645,1.391,0.266,0.790
1160,841.00,0.000,-13.648,0.6918,2.5352,100.0000,0.0000,0.0000,0.0000,0.0000,0.0000,0.0000,0.0000,0.0000,0.0000,0.0000,0.0000,0.0000,0.0000,0.0000,0.0000,0.0000,0.0000,0.0000,-11.473,-9.885,1.425,0.273,0.810
1161,840.00,0.000,-13.668,0.7080,2.5352,100.0000,0.0000,0.0000,0.0000,0.0000,0.0000,0.0000,0.0000,0.0000,0.0000,0.0000,0.0000,0.0000,0.0000,0.0000,0.0000,0.0000,0.0000,0.0000,-11.741,-10.118,1.458,0.279,0.828
1162,839.00,0.000,-13.687,0.7238,2.5352,100.0000,0.0000,0.0000,0.0000,0.0000,0.0000,0.0000,0.0000,0.0000,0.0000,0.0000,0.0000,0.0000,0.0000,0.0000,0.0000,0.0000,0.0000,0.0000,-12.000,-10.344,1.490,0.285,0.847
1163,838.00,0.000,-13.707,0.7390,2.5352,100.0000,0.0000,0.0000,0.0000,0.0000,0.0000,0.0000,0.0000,0.0000,0.0000,0.0000,0.0000,0.0000,0.0000,0.0000,0.0000,0.0000,0.0000,0.0000,-12.252,-10.562,1.520,0.292,0.865
1164,837.00,0.000,-13.727,0.7538,2.5352,100.0000,0.0000,0.0000,0.0000,0.0000,0.0000,0.0000,0.0000,0.0000,0.0000,0.0000,0.0000,0.0000,0.0000,0.0000,0.0000,0.0000,0.0000,0.0000,-12.495,-10.775,1.550,0.297,0.882
1165,836.00,0.000,-13.747,0.7682,2.5352,100.0000,0.0000,0.0000,0.0000,0.0000,0.0000,0.0000,0.0000,0.0000,0.0000,0.0000,0.0000,0.0000,0.0000,0.0000,0.0000,0.0000,0.0000,0.0000,-12.731,-10.981,1.579,0.303,0.898
1166,835.00,0.000,-13.767,0.7821,2.5352,100.0000,0.0000,0.0000,0.0000,0.0000,0.0000,0.0000,0.0000,0.0000,0.0000,0.0000,0.0000,0.0000,0.0000,0.0000,0.0000,0.0000,0.0000,0.0000,-12.960,-11.180,1.606,0.308,0.915
1167,834.00,0.000,-13.787,0.7955,2.5352,100.0000,0.0000,0.0000,0.0000,0.0000,0.0000,0.0000,0.0000,0.0000,0.0000,0.0000,0.0000,0.0000,0.0000,0.0000,0.0000,0.0000,0.0000,0.0000,-13.182,-11.374,1.633,0.314,0.930
1168,833.00,0.000,-13.806,0.8086,2.5352,100.0000,0.0000,0.0000,0.0000,0.0000,0.0000,0.0000,0.0000,0.0000,0.0000,0.0000,0.0000,0.0000,0.0000,0.0000,0.0000,0.0000,0.0000,0.0000,-13.397,-11.562,1.659,0.319,0.945
1169,832.00,0.000,-13.826,0.8213,2.5352,100.0000,0.0000,0.0000,0.0000,0.0000,0.0000,0.0000,0.0000,0.0000,0.0000,0.0000,0.0000,0.0000,0.0000,0.0000,0.0000,0.0000,0.0000,0.0000,-13.605,-11.744,1.684,0.324,0.960
1170,831.00,0.000,-13.846,0.8336,2.5352,100.0000,0.0000,0.0000,0.0000,0.0000,0.0000,0.0000,0.0000,0.0000,0.0000,0.0000,0.0000,0.0000,0.0000,0.0000,0.0000,0.0000,0.0000,0.0000,-13.807,-11.920,1.709,0.329,0.974
1171,830.00,0.000,-13.867,0.8455,2.5352,100.0000,0.0000,0.0000,0.0000,0.0000,0.0000,0.0000,0.0000,0.0000,0.0000,0.0000,0.0000,0.0000,0.0000,0.0000,0.0000,0.0000,0.0000,0.0000,-14.003,-12.092,1.732,0.334,0.988
1172,829.00,0.000,-13.887,0.8571,2.5352,100.0000,0.0000,0.0000,0.0000,0.0000,0.0000,0.0000,0.0000,0.0000,0.0000,0.0000,0.0000,0.0000,0.0000,0.0000,0.0000,0.0000,0.0000,0.0000,-14.192,-12.258,1.755,0.338,1.002
1173,828.00,0.000,-13.907,0.8683,2.5352,100.0000,0.0000,0.0000,0.0000,0.0000,0.0000,0.0000,0.0000,0.0000,0.0000,0.0000,0.0000,0.0000,0.0000,0.0000,0.0000,0.0000,0.0000,0.0000,-14.376,-12.419,1.777,0.342,1.015
1174,827.00,0.000,-13.927,0.8791,2.5352,100.0000,0.0000,0.0000,0.0000,0.0000,0.0000,0.0000,0.0000,0.0000,0.0000,0.0000,0.0000,0.0000,0.0000,0.0000,0.0000,0.0000,0.0000,0.0000,-14.554,-12.576,1.798,0.347,1.027
1175,826.00,0.000,-13.947,0.8897,2.5352,100.0000,0.0000,0.0000,0.0000,0.0000,0.0000,0.0000,0.0000,0.0000,0.0000,0.0000,0.0000,0.0000,0.0000,0.0000,0.0000,0.0000,0.0000,0.0000,-14.727,-12.728,1.819,0.351,1.039
1176,825.00,0.000,-13.967,0.8999,2.5352,100.0000,0.0000,0.0000,0.0000,0.0000,0.0000,0.0000,0.0000,0.0000,0.0000,0.0000,0.0000,0.0000,0.0000,0.0000,0.0000,0.0000,0.0000,0.0000,-14.894,-12.875,1.839,0.355,1.051
1177,824.00,0.000,-13.988,0.9098,2.5352,100.0000,0.0000,0.0000,0.0000,0.0000,0.0000,0.0000,0.0000,0.0000,0.0000,0.0000,0.0000,0.0000,0.0000,0.0000,0.0000,0.0000,0.0000,0.0000,-15.057,-13.018,1.858,0.359,1.063
1178,823.00,0.000,-14.008,0.9174,2.5352,100.0000,0.0000,0.0000,0.0000,0.0000,0.0000,0.0000,0.0000,0.0000,0.0000,0.0000,0.0000,0.0000,0.0000,0.0000,0.0000,0.0000,0.0000,0.0000,-15.180,-13.128,1.873,0.362,1.071
1179,822.00,0.000,-14.028,0.9183,2.5352,100.0000,0.0000,0.0000,0.0000,0.0000,0.0000,0.0000,0.0000,0.0000,0.0000,0.0000,0.0000,0.0000,0.0000,0.0000,0.0000,0.0000,0.0000,0.0000,-15.194,-13.142,1.874,0.362,1.072
1180,821.00,0.000,-14.049,0.9193,2.5352,100.0000,0.0000,0.0000,0.0000,0.0000,0.0000,0.0000,0.0000,0.0000,0.0000,0.0000,0.0000,0.0000,0.0000,0.0000,0.0000,0.0000,0.0000,0.0000,-15.208,-13.157,1.875,0.363,1.073
1181,820.00,0.000,-14.069,0.9200,2.5352,100.0000,0.0000,0.0000,0.0000,0.0000,0.0000,0.0000,0.0000,0.0000,0.0000,0.0000,0.0000,0.0000,0.0000,0.0000,0.0000,0.0000,0.0000,0.0000,-15.217,-13.167,1.875,0.363,1.074
1182,819.00,0.000,-14.090,0.9213,2.5352,100.0000,0.0000,0.0000,0.0000,0.0000,0.0000,0.0000,0.0000,0.0000,0.0000,0.0000,0.0000,0.0000,0.0000,0.0000,0.0000,0.0000,0.0000,0.0000,-15.237,-13.188,1.877,0.363,1.076
1183,818.00,0.000,-14.110,0.9215,2.5352,100.0000,0.0000,0.0000,0.0000,0.0000,0.0000,0.0000,0.0000,0.0000,0.0000,0.0000,0.0000,0.0000,0.0000,0.0000,0.0000,0.0000,0.0000,0.0000,-15.239,-13.192,1.876,0.363,1.076
1184,817.00,0.000,-14.131,0.9226,2.5352,100.0000,0.0000,0.0000,0.0000,0.0000,0.0000,0.0000,0.0000,0.0000,0.0000,0.0000,0.0000,0.0000,0.0000,0.0000,0.0000,0.0000,0.0000,0.0000,-15.256,-13.209,1.877,0.364,1.077
1185,816.00,0.000,-14.151,0.9237,2.5352,100.0000,0.0000,0.0000,0.0000,0.0000,0.0000,0.0000,0.0000,0.0000,0.0000,0.0000,0.0000,0.0000,0.0000,0.0000,0.0000,0.0000,0.0000,0.0000,-15.272,-13.226,1.879,0.364,1.078
1186,815.00,0.000,-14.172,0.9246,2.5352,100.0000,0.0000,0.0000,0.0000,0.0000,0.0000,0.0000,0.0000,0.0000,0.0000,0.0000,0.0000,0.0000,0.0000,0.0000,0.0000,0.0000,0.0000,0.0000,-15.284,-13.239,1.879,0.365,1.079
1187,814.00,0.000,-14.193,0.9255,2.5352,100.0000,0.0000,0.0000,0.0000,0.0000,0.0000,0.0000,0.0000,0.0000,0.0000,0.0000,0.0000,0.0000,0.0000,0.0000,0.0000,0.0000,0.0000,0.0000,-15.297,-13.253,1.880,0.365,1.080
1188,813.00,0.000,-14.213,0.9264,2.5352,100.0000,0.0000,0.0000,0.0000,0.0000,0.0000,0.0000,0.0000,0.0000,0.0000,0.0000,0.0000,0.0000,0.0000,0.0000,0.0000,0.0000,0.0000,0.0000,-15.310,-13.267,1.881,0.365,1.081
1189,812.00,0.000,-14.234,0.9272,2.5352,100.0000,0.0000,0.0000,0.0000,0.0000,0.0000,0.0000,0.0000,0.0000,0.0000,0.0000,0.0000,0.0000,0.0000,0.0000,0.0000,0.0000,0.0000,0.0000,-15.322,-13.280,1.882,0.366,1.082
1190,811.00,0.000,-14.255,0.9281,2.5352,100.0000,0.0000,0.0000,0.0000,0.0000,0.0000,0.0000,0.0000,0.0000,0.0000,0.0000,0.0000,0.0000,0.0000,0.0000,0.0000,0.0000,0.0000,0.0000,-15.335,-13.294,1.883,0.366,1.083
1191,810.00,0.000,-14.276,0.9290,2.5352,100.0000,0.0000,0.0000,0.0000,0.0000,0.0000,0.0000,0.0000,0.0000,0.0000,0.0000,0.0000,0.0000,0.0000,0.0000,0.0000,0.0000,0.0000,0.0000,-15.348,-13.308,1.883,0.366,1.083
1192,809.00,0.000,-14.297,0.9299,2.5352,100.0000,0.0000,0.0000,0.0000,0.0000,0.0000,0.0000,0.0000,0.0000,0.0000,0.0000,0.0000,0.0000,0.0000,0.0000,0.0000,0.0000,0.0000,0.0000,-15.360,-13.322,1.884,0.367,1.084
1193,808.00,0.000,-14.317,0.9308,2.5352,100.0000,0.0000,0.0000,0.0000,0.0000,0.0000,0.0000,0.0000,0.0000,0.0000,0.0000,0.0000,0.0000,0.0000,0.0000,0.0000,0.0000,0.0000,0.0000,-15.373,-13.335,1.885,0.367,1.085
1194,807.00,0.000,-14.338,0.9317,2.5352,100.0000,0.0000,0.0000,0.0000,0.0000,0.0000,0.0000,0.0000,0.0000,0.0000,0.0000,0.0000,0.0000,0.0000,0.0000,0.0000,0.0000,0.0000,0.0000,-15.386,-13.349,1.886,0.367,1.086
1195,806.00,0.000,-14.359,0.9325,2.5352,100.0000,0.0000,0.0000,0.0000,0.0000,0.0000,0.0000,0.0000,0.0000,0.0000,0.0000,0.0000,0.0000,0.0000,0.0000,0.0000,0.0000,0.0000,0.0000,-15.399,-13.363,1.887,0.368,1.087
1196,805.00,0.000,-14.380,0.9334,2.5352,100.0000,0.0000,0.0000,0.0000,0.0000,0.0000,0.0000,0.0000,0.0000,0.0000,0.0000,0.0000,0.0000,0.0000,0.0000,0.0000,0.0000,0.0000,0.0000,-15.411,-13.377,1.887,0.368,1.088
1197,804.00,0.000,-14.401,0.9343,2.5352,100.0000,0.0000,0.0000,0.0000,0.0000,0.0000,0.0000,0.0000,0.0000,0.0000,0.0000,0.0000,0.0000,0.0000,0.0000,0.0000,0.0000,0.0000,0.0000,-15.424,-13.390,1.888,0.369,1.089
1198,803.00,0.000,-14.422,0.9352,2.5352,100.0000,0.0000,0.0000,0.0000,0.0000,0.0000,0.0000,0.0000,0.0000,0.0000,0.0000,0.0000,0.0000,0.0000,0.0000,0.0000,0.0000,0.0000,0.0000,-15.437,-13.404,1.889,0.369,1.090
1199,802.00,0.000,-14.444,0.9361,2.5352,100.0000,0.0000,0.0000,0.0000,0.0000,0.0000,0.0000,0.0000,0.0000,0.0000,0.0000,0.0000,0.0000,0.0000,0.0000,0.0000,0.0000,0.0000,0.0000,-15.450,-13.418,1.890,0.369,1.091
1200,801.00,0.000,-14.465,0.9370,2.5352,100.0000,0.0000,0.0000,0.0000,0.0000,0.0000,0.0000,0.0000,0.0000,0.0000,0.0000,0.0000,0.0000,0.0000,0.0000,0.0000,0.0000,0.0000,0.0000,-15.463,-13.432,1.890,0.370,1.092
1201,800.00,0.000,-14.486,0.9379,2.5352,100.0000,0.0000,0.0000,0.0000,0.0000,0.0000,0.0000,0.0000,0.0000,0.0000,0.0000,0.0000,0.0000,0.0000,0.0000,0.0000,0.0000,0.0000,0.0000,-15.475,-13.446,1.891,0.370,1.093
1202,799.00,0.000,-14.507,0.9388,2.5352,100.0000,0.0000,0.0000,0.0000,0.0000,0.0000,0.0000,0.0000,0.0000,0.0000,0.0000,0.0000,0.0000,0.0000,0.0000,0.0000,0.0000,0.0000,0.0000,-15.488,-13.460,1.892,0.370,1.093
1203,798.00,0.000,-14.528,0.9397,2.5352,100.0000,0.0000,0.0000,0.0000,0.0000,0.0000,0.0000,0.0000,0.0000,0.0000,0.0000,0.0000,0.0000,0.0000,0.0000,0.0000,0.0000,0.0000,0.0000,-15.501,-13.474,1.893,0.371,1.094
1204,797.00,0.000,-14.550,0.9406,2.5352,100.0000,0.0000,0.0000,0.0000,0.0000,0.0000,0.0000,0.0000,0.0000,0.0000,0.0000,0.0000,0.0000,0.0000,0.0000,0.0000,0.0000,0.0000,0.0000,-15.514,-13.488,1.894,0.371,1.095
1205,796.00,0.000,-14.571,0.9414,2.5352,100.0000,0.0000,0.0000,0.0000,0.0000,0.0000,0.0000,0.0000,0.0000,0.0000,0.0000,0.0000,0.0000,0.0000,0.0000,0.0000,0.0000,0.0000,0.0000,-15.527,-13.501,1.894,0.371,1.096
1206,795.00,0.000,-14.593,0.9423,2.5352,100.0000,0.0000,0.0000,0.0000,0.0000,0.0000,0.0000,0.0000,0.0000,0.0000,0.0000,0.0000,0.0000,0.0000,0.0000,0.0000,0.0000,0.0000,0.0000,-15.540,-13.515,1.895,0.372,1.097
1207,794.00,0.000,-14.614,0.9432,2.5352,100.0000,0.0000,0.0000,0.0000,0.0000,0.0000,0.0000,0.0000,0.0000,0.0000,0.0000,0.0000,0.0000,0.0000,0.0000,0.0000,0.0000,0.0000,0.0000,-15.552,-13.529,1.896,0.372,1.098
1208,793.00,0.000,-14.635,0.9441,2.5352,100.0000,0.0000,0.0000,0.0000,0.0000,0.0000,0.0000,0.0000,0.0000,0.0000,0.0000,0.0000,0.0000,0.0000,0.0000,0.0000,0.0000,0.0000,0.0000,-15.565,-13.543,1.897,0.372,1.099
1209,792.00,0.000,-14.657,0.9450,2.5352,100.0000,0.0000,0.0000,0.0000,0.0000,0.0000,0.0000,0.0000,0.0000,0.0000,0.0000,0.0000,0.0000,0.0000,0.0000,0.0000,0.0000,0.0000,0.0000,-15.578,-13.557,1.897,0.373,1.100
1210,791.00,0.000,-14.679,0.9459,2.5352,100.0000,0.0000,0.0000,0.0000,0.0000,0.0000,0.0000,0.0000,0.0000,0.0000,0.0000,0.0000,0.0000,0.0000,0.0000,0.0000,0.0000,0.0000,0.0000,-15.591,-13.571,1.898,0.373,1.101
1211,790.00,0.000,-14.700,0.9468,2.5352,100.0000,0.0000,0.0000,0.0000,0.0000,0.0000,0.0000,0.0000,0.0000,0.0000,0.0000,0.0000,0.0000,0.0000,0.0000,0.0000,0.0000,0.0000,0.0000,-15.604,-13.585,1.899,0.373,1.102
1212,789.00,0.000,-14.722,0.9477,2.5352,100.0000,0.0000,0.0000,0.0000,0.0000,0.0000,0.0000,0.0000,0.0000,0.0000,0.0000,0.0000,0.0000,0.0000,0.0000,0.0000,0.0000,0.0000,0.0000,-15.617,-13.599,1.900,0.374,1.103
1213,788.00,0.000,-14.744,0.9486,2.5352,100.0000,0.0000,0.0000,0.0000,0.0000,0.0000,0.0000,0.0000,0.0000,0.0000,0.0000,0.0000,0.0000,0.0000,0.0000,0.0000,0.0000,0.0000,0.0000,-15.630,-13.613,1.900,0.374,1.104
1214,787.00,0.000,-14.765,0.9495,2.5352,100.0000,0.0000,0.0000,0.0000,0.0000,0.0000,0.0000,0.0000,0.0000,0.0000,0.0000,0.0000,0.0000,0.0000,0.0000,0.0000,0.0000,0.0000,0.0000,-15.642,-13.627,1.901,0.375,1.104
1215,786.00,0.000,-14.787,0.9504,2.5352,100.0000,0.0000,0.0000,0.0000,0.0000,0.0000,0.0000,0.0000,0.0000,0.0000,0.0000,0.0000,0.0000,0.0000,0.0000,0.0000,0.0000,0.0000,0.0000,-15.655,-13.641,1.902,0.375,1.105
1216,785.00,0.000,-14.809,0.9513,2.5352,100.0000,0.0000,0.0000,0.0000,0.0000,0.0000,0.0000,0.0000,0.0000,0.0000,0.0000,0.0000,0.0000,0.0000,0.0000,0.0000,0.0000,0.0000,0.0000,-15.668,-13.655,1.903,0.375,1.106
1217,784.00,0.000,-14.831,0.9522,2.5352,100.0000,0.0000,0.0000,0.0000,0.0000,0.0000,0.0000,0.0000,0.0000,0.0000,0.0000,0.0000,0.0000,0.0000,0.0000,0.0000,0.0000,0.0000,0.0000,-15.681,-13.669,1.903,0.376,1.107
1218,783.00,0.000,-14.853,0.9531,2.5352,100.0000,0.0000,0.0000,0.0000,0.0000,0.0000,0.0000,0.0000,0.0000,0.0000,0.0000,0.0000,0.0000,0.0000,0.0000,0.0000,0.0000,0.0000,0.0000,-15.694,-13.683,1.904,0.376,1.108
1219,782.00,0.000,-14.874,0.9540,2.5352,100.0000,0.0000,0.0000,0.0000,0.0000,0.0000,0.0000,0.0000,0.0000,0.0000,0.0000,0.0000,0.0000,0.0000,0.0000,0.0000,0.0000,0.0000,0.0000,-15.707,-13.697,1.905,0.376,1.109
1220,781.00,0.000,-14.896,0.9549,2.5352,100.0000,0.0000,0.0000,0.0000,0.0000,0.0000,0.0000,0.0000,0.0000,0.0000,0.0000,0.0000,0.0000,0.0000,0.0000,0.0000,0.0000,0.0000,0.0000,-15.720,-13.711,1.906,0.377,1.110
1221,780.00,0.000,-14.918,0.9558,2.5352,100.0000,0.0000,0.0000,0.0000,0.0000,0.0000,0.0000,0.0000,0.0000,0.0000,0.0000,0.0000,0.0000,0.0000,0.0000,0.0000,0.0000,0.0000,0.0000,-15.733,-13.725,1.906,0.377,1.111
1222,779.00,0.000,-14.941,0.9567,2.5352,100.0000,0.0000,0.0000,0.0000,0.0000,0.0000,0.0000,0.0000,0.0000,0.0000,0.0000,0.0000,0.0000,0.0000,0.0000,0.0000,0.0000,0.0000,0.0000,-15.746,-13.739,1.907,0.377,1.112
1223,778.00,0.000,-14.963,0.9576,2.5352,100.0000,0.0000,0.0000,0.0000,0.0000,0.0000,0.0000,0.0000,0.0000,0.0000,0.0000,0.0000,0.0000,0.0000,0.0000,0.0000,0.0000,0.0000,0.0000,-15.758,-13.753,1.908,0.378,1.113
1224,777.00,0.000,-14.985,0.9585,2.5352,100.0000,0.0000,0.0000,0.0000,0.0000,0.0000,0.0000,0.0000,0.0000,0.0000,0.0000,0.0000,0.0000,0.0000,0.0000,0.0000,0.0000,0.0000,0.0000,-15.771,-13.767,1.909,0.378,1.114
1225,776.00,0.000,-15.007,0.9594,2.5352,100.0000,0.0000,0.0000,0.0000,0.0000,0.0000,0.0000,0.0000,0.0000,0.0000,0.0000,0.0000,0.0000,0.0000,0.0000,0.0000,0.0000,0.0000,0.0000,-15.784,-13.781,1.909,0.378,1.114
1226,775.00,0.000,-15.029,0.9603,2.5352,100.0000,0.0000,0.0000,0.0000,0.0000,0.0000,0.0000,0.0000,0.0000,0.0000,0.0000,0.0000,0.0000,0.0000,0.0000,0.0000,0.0000,0.0000,0.0000,-15.797,-13.795,1.910,0.379,1.115
1227,774.00,0.000,-15.051,0.9612,2.5352,100.0000,0.0000,0.0000,0.0000,0.0000,0.0000,0.0000,0.0000,0.0000,0.0000,0.0000,0.0000,0.0000,0.0000,0.0000,0.0000,0.0000,0.0000,0.0000,-15.810,-13.809,1.911,0.379,1.116
1228,773.00,0.000,-15.074,0.9621,2.5352,100.0000,0.0000,0.0000,0.0000,0.0000,0.0000,0.0000,0.0000,0.0000,0.0000,0.0000,0.0000,0.0000,0.0000,0.0000,0.0000,0.0000,0.0000,0.0000,-15.823,-13.823,1.911,0.379,1.117
1229,772.00,0.000,-15.096,0.9630,2.5352,100.0000,0.0000,0.0000,0.0000,0.0000,0.0000,0.0000,0.0000,0.0000,0.0000,0.0000,0.0000,0.0000,0.0000,0.0000,0.0000,0.0000,0.0000,0.0000,-15.836,-13.837,1.912,0.380,1.118
1230,771.00,0.000,-15.119,0.9639,2.5352,100.0000,0.0000,0.0000,0.0000,0.0000,0.0000,0.0000,0.0000,0.0000,0.0000,0.0000,0.0000,0.0000,0.0000,0.0000,0.0000,0.0000,0.0000,0.0000,-15.849,-13.851,1.913,0.380,1.119
1231,770.00,0.000,-15.141,0.9648,2.5352,100.0000,0.0000,0.0000,0.0000,0.0000,0.0000,0.0000,0.0000,0.0000,0.0000,0.0000,0.0000,0.0000,0.0000,0.0000,0.0000,0.0000,0.0000,0.0000,-15.861,-13.865,1.914,0.381,1.120
1232,769.00,0.000,-15.163,0.9657,2.5352,100.0000,0.0000,0.0000,0.0000,0.0000,0.0000,0.0000,0.0000,0.0000,0.0000,0.0000,0.0000,0.0000,0.0000,0.0000,0.0000,0.0000,0.0000,0.0000,-15.874,-13.879,1.914,0.381,1.121
1233,768.00,0.000,-15.186,0.9666,2.5352,100.0000,0.0000,0.0000,0.0000,0.0000,0.0000,0.0000,0.0000,0.0000,0.0000,0.0000,0.0000,0.0000,0.0000,0.0000,0.0000,0.0000,0.0000,0.0000,-15.887,-13.893,1.915,0.381,1.122
1234,767.00,0.000,-15.209,0.9675,2.5352,100.0000,0.0000,0.0000,0.0000,0.0000,0.0000,0.0000,0.0000,0.0000,0.0000,0.0000,0.0000,0.0000,0.0000,0.0000,0.0000,0.0000,0.0000,0.0000,-15.900,-13.907,1.916,0.382,1.123
1235,766.00,0.000,-15.231,0.9684,2.5352,100.0000,0.0000,0.0000,0.0000,0.0000,0.0000,0.0000,0.0000,0.0000,0.0000,0.0000,0.0000,0.0000,0.0000,0.0000,0.0000,0.0000,0.0000,0.0000,-15.913,-13.921,1.916,0.382,1.123
1236,765.00,0.000,-15.254,0.9693,2.5352,100.0000,0.0000,0.0000,0.0000,0.0000,0.0000,0.0000,0.0000,0.0000,0.0000,0.0000,0.0000,0.0000,0.0000,0.0000,0.0000,0.0000,0.0000,0.0000,-15.926,-13.935,1.917,0.382,1.124
1237,764.00,0.000,-15.277,0.9702,2.5352,100.0000,0.0000,0.0000,0.0000,0.0000,0.0000,0.0000,0.0000,0.0000,0.0000,0.0000,0.0000,0.0000,0.0000,0.0000,0.0000,0.0000,0.0000,0.0000,-15.938,-13.949,1.918,0.383,1.125
1238,763.00,0.000,-15.299,0.9711,2.5352,100.0000,0.0000,0.0000,0.0000,0.0000,0.0000,0.0000,0.0000,0.0000,0.0000,0.0000,0.0000,0.0000,0.0000,0.0000,0.0000,0.0000,0.0000,0.0000,-15.951,-13.963,1.919,0.383,1.126
1239,762.00,0.000,-15.322,0.9720,2.5352,100.0000,0.0000,0.0000,0.0000,0.0000,0.0000,0.0000,0.0000,0.0000,0.0000,0.0000,0.0000,0.0000,0.0000,0.0000,0.0000,0.0000,0.0000,0.0000,-15.964,-13.977,1.919,0.383,1.127
1240,761.00,0.000,-15.345,0.9729,2.5352,100.0000,0.0000,0.0000,0.0000,0.0000,0.0000,0.0000,0.0000,0.0000,0.0000,0.0000,0.0000,0.0000,0.0000,0.0000,0.0000,0.0000,0.0000,0.0000,-15.977,-13.992,1.920,0.384,1.128
1241,760.00,0.000,-15.368,0.9738,2.5352,100.0000,0.0000,0.0000,0.0000,0.0000,0.0000,0.0000,0.0000,0.0000,0.0000,0.0000,0.0000,0.0000,0.0000,0.0000,0.0000,0.0000,0.0000,0.0000,-15.990,-14.006,1.921,0.384,1.129
1242,759.00,0.000,-15.391,0.9747,2.5352,100.0000,0.0000,0.0000,0.0000,0.0000,0.0000,0.0000,0.0000,0.0000,0.0000,0.0000,0.0000,0.0000,0.0000,0.0000,0.0000,0.0000,0.0000,0.0000,-16.003,-14.020,1.921,0.384,1.130
1243,758.00,0.000,-15.414,0.9756,2.5352,100.0000,0.0000,0.0000,0.0000,0.0000,0.0000,0.0000,0.0000,0.0000,0.0000,0.0000,0.0000,0.0000,0.0000,0.0000,0.0000,0.0000,0.0000,0.0000,-16.015,-14.034,1.922,0.385,1.131
1244,757.00,0.000,-15.437,0.9765,2.5352,100.0000,0.0000,0.0000,0.0000,0.0000,0.0000,0.0000,0.0000,0.0000,0.0000,0.0000,0.0000,0.0000,0.0000,0.0000,0.0000,0.0000,0.0000,0.0000,-16.028,-14.048,1.923,0.385,1.132
1245,756.00,0.000,-15.460,0.9773,2.5352,100.0000,0.0000,0.0000,0.0000,0.0000,0.0000,0.0000,0.0000,0.0000,0.0000,0.0000,0.0000,0.0000,0.0000,0.0000,0.0000,0.0000,0.0000,0.0000,-16.041,-14.062,1.923,0.386,1.132
1246,755.00,0.000,-15.483,0.9782,2.5352,100.0000,0.0000,0.0000,0.0000,0.0000,0.0000,0.0000,0.0000,0.0000,0.0000,0.0000,0.0000,0.0000,0.0000,0.0000,0.0000,0.0000,0.0000,0.0000,-16.054,-14.076,1.924,0.386,1.133
1247,754.00,0.000,-15.506,0.9791,2.5352,100.0000,0.0000,0.0000,0.0000,0.0000,0.0000,0.0000,0.0000,0.0000,0.0000,0.0000,0.0000,0.0000,0.0000,0.0000,0.0000,0.0000,0.0000,0.0000,-16.067,-14.090,1.925,0.386,1.134
1248,753.00,0.000,-15.529,0.9800,2.5352,100.0000,0.0000,0.0000,0.0000,0.0000,0.0000,0.0000,0.0000,0.0000,0.0000,0.0000,0.0000,0.0000,0.0000,0.0000,0.0000,0.0000,0.0000,0.0000,-16.079,-14.104,1.925,0.387,1.135
1249,752.00,0.000,-15.552,0.9809,2.5352,100.0000,0.0000,0.0000,0.0000,0.0000,0.0000,0.0000,0.0000,0.0000,0.0000,0.0000,0.0000,0.0000,0.0000,0.0000,0.0000,0.0000,0.0000,0.0000,-16.092,-14.118,1.926,0.387,1.136
1250,751.00,0.000,-15.576,0.9818,2.5352,100.0000,0.0000,0.0000,0.0000,0.0000,0.0000,0.0000,0.0000,0.0000,0.0000,0.0000,0.0000,0.0000,0.0000,0.0000,0.0000,0.0000,0.0000,0.0000,-16.105,-14.132,1.927,0.387,1.137
1251,750.00,0.000,-15.599,0.9827,2.5352,100.0000,0.0000,0.0000,0.0000,0.0000,0.0000,0.0000,0.0000,0.0000,0.0000,0.0000,0.0000,0.0000,0.0000,0.0000,0.0000,0.0000,0.0000,0.0000,-16.118,-14.146,1.927,0.388,1.138
1252,749.00,0.000,-15.622,0.9836,2.5352,100.0000,0.0000,0.0000,0.0000,0.0000,0.0000,0.0000,0.0000,0.0000,0.0000,0.0000,0.0000,0.0000,0.0000,0.0000,0.0000,0.0000,0.0000,0.0000,-16.130,-14.160,1.928,0.388,1.139
1253,748.00,0.000,-15.646,0.9845,2.5352,100.0000,0.0000,0.0000,0.0000,0.0000,0.0000,0.0000,0.0000,0.0000,0.0000,0.0000,0.0000,0.0000,0.0000,0.0000,0.0000,0.0000,0.0000,0.0000,-16.143,-14.174,1.928,0.388,1.140
1254,747.00,0.000,-15.669,0.9854,2.5352,100.0000,0.0000,0.0000,0.0000,0.0000,0.0000,0.0000,0.0000,0.0000,0.0000,0.0000,0.0000,0.0000,0.0000,0.0000,0.0000,0.0000,0.0000,0.0000,-16.156,-14.188,1.929,0.389,1.141
1255,746.00,0.000,-15.693,0.9863,2.5352,100.0000,0.0000,0.0000,0.0000,0.0000,0.0000,0.0000,0.0000,0.0000,0.0000,0.0000,0.0000,0.0000,0.0000,0.0000,0.0000,0.0000,0.0000,0.0000,-16.169,-14.202,1.930,0.389,1.141
1256,745.00,0.000,-15.716,0.9872,2.5352,100.0000,0.0000,0.0000,0.0000,0.0000,0.0000,0.0000,0.0000,0.0000,0.0000,0.0000,0.0000,0.0000,0.0000,0.0000,0.0000,0.0000,0.0000,0.0000,-16.181,-14.216,1.930,0.389,1.142
1257,744.00,0.000,-15.740,0.9881,2.5352,100.0000,0.0000,0.0000,0.0000,0.0000,0.0000,0.0000,0.0000,0.0000,0.0000,0.0000,0.0000,0.0000,0.0000,0.0000,0.0000,0.0000,0.0000,0.0000,-16.194,-14.230,1.931,0.390,1.143
1258,743.00,0.000,-15.764,0.9890,2.5352,100.0000,0.0000,0.0000,0.0000,0.0000,0.0000,0.0000,0.0000,0.0000,0.0000,0.0000,0.0000,0.0000,0.0000,0.0000,0.0000,0.0000,0.0000,0.0000,-16.207,-14.244,1.932,0.390,1.144
1259,742.00,0.000,-15.787,0.9899,2.5352,100.0000,0.0000,0.0000,0.0000,0.0000,0.0000,0.0000,0.0000,0.0000,0.0000,0.0000,0.0000,0.0000,0.0000,0.0000,0.0000,0.0000,0.0000,0.0000,-16.220,-14.258,1.932,0.390,1.145
1260,741.00,0.000,-15.811,0.9908,2.5352,100.0000,0.0000,0.0000,0.0000,0.0000,0.0000,0.0000,0.0000,0.0000,0.0000,0.0000,0.0000,0.0000,0.0000,0.0000,0.0000,0.0000,0.0000,0.0000,-16.232,-14.272,1.933,0.391,1.146
1261,740.00,0.000,-15.835,0.9917,2.5352,100.0000,0.0000,0.0000,0.0000,0.0000,0.0000,0.0000,0.0000,0.0000,0.0000,0.0000,0.0000,0.0000,0.0000,0.0000,0.0000,0.0000,0.0000,0.0000,-16.245,-14.286,1.933,0.391,1.147
1262,739.00,0.000,-15.859,0.9926,2.5352,100.0000,0.0000,0.0000,0.0000,0.0000,0.0000,0.0000,0.0000,0.0000,0.0000,0.0000,0.0000,0.0000,0.0000,0.0000,0.0000,0.0000,0.0000,0.0000,-16.258,-14.300,1.934,0.392,1.148
1263,738.00,0.000,-15.882,0.9935,2.5352,100.0000,0.0000,0.0000,0.0000,0.0000,0.0000,0.0000,0.0000,0.0000,0.0000,0.0000,0.0000,0.0000,0.0000,0.0000,0.0000,0.0000,0.0000,0.0000,-16.270,-14.314,1.935,0.392,1.148
1264,737.00,0.000,-15.906,0.9944,2.5352,100.0000,0.0000,0.0000,0.0000,0.0000,0.0000,0.0000,0.0000,0.0000,0.0000,0.0000,0.0000,0.0000,0.0000,0.0000,0.0000,0.0000,0.0000,0.0000,-16.283,-14.328,1.935,0.392,1.149
1265,736.00,0.000,-15.930,0.9953,2.5352,100.0000,0.0000,0.0000,0.0000,0.0000,0.0000,0.0000,0.0000,0.0000,0.0000,0.0000,0.0000,0.0000,0.0000,0.0000,0.0000,0.0000,0.0000,0.0000,-16.296,-14.342,1.936,0.393,1.150
1266,735.00,0.000,-15.954,0.9961,2.5352,100.0000,0.0000,0.0000,0.0000,0.0000,0.0000,0.0000,0.0000,0.0000,0.0000,0.0000,0.0000,0.0000,0.0000,0.0000,0.0000,0.0000,0.0000,0.0000,-16.309,-14.356,1.936,0.393,1.151
1267,734.00,0.000,-15.978,0.9970,2.5352,100.0000,0.0000,0.0000,0.0000,0.0000,0.0000,0.0000,0.0000,0.0000,0.0000,0.0000,0.0000,0.0000,0.0000,0.0000,0.0000,0.0000,0.0000,0.0000,-16.321,-14.370,1.937,0.393,1.152
1268,733.00,0.000,-16.003,0.9979,2.5352,100.0000,0.0000,0.0000,0.0000,0.0000,0.0000,0.0000,0.0000,0.0000,0.0000,0.0000,0.0000,0.0000,0.0000,0.0000,0.0000,0.0000,0.0000,0.0000,-16.334,-14.384,1.938,0.394,1.153
1269,732.00,0.000,-16.027,0.9988,2.5352,100.0000,0.0000,0.0000,0.0000,0.0000,0.0000,0.0000,0.0000,0.0000,0.0000,0.0000,0.0000,0.0000,0.0000,0.0000,0.0000,0.0000,0.0000,0.0000,-16.347,-14.398,1.938,0.394,1.154
1270,731.00,0.000,-16.051,0.9997,2.5352,100.0000,0.0000,0.0000,0.0000,0.0000,0.0000,0.0000,0.0000,0.0000,0.0000,0.0000,0.0000,0.0000,0.0000,0.0000,0.0000,0.0000,0.0000,0.0000,-16.359,-14.412,1.939,0.394,1.155
1271,730.00,0.000,-16.075,1.0006,2.5352,100.0000,0.0000,0.0000,0.0000,0.0000,0.0000,0.0000,0.0000,0.0000,0.0000,0.0000,0.0000,0.0000,0.0000,0.0000,0.0000,0.0000,0.0000,0.0000,-16.372,-14.426,1.939,0.395,1.156
1272,729.00,0.000,-16.100,1.0015,2.5352,100.0000,0.0000,0.0000,0.0000,0.0000,0.0000,0.0000,0.0000,0.0000,0.0000,0.0000,0.0000,0.0000,0.0000,0.0000,0.0000,0.0000,0.0000,0.0000,-16.385,-14.440,1.940,0.395,1.156
1273,728.00,0.000,-16.124,1.0024,2.5352,100.0000,0.0000,0.0000,0.0000,0.0000,0.0000,0.0000,0.0000,0.0000,0.0000,0.0000,0.0000,0.0000,0.0000,0.0000,0.0000,0.0000,0.0000,0.0000,-16.397,-14.454,1.941,0.395,1.157
1274,727.00,0.000,-16.148,1.0033,2.5352,100.0000,0.0000,0.0000,0.0000,0.0000,0.0000,0.0000,0.0000,0.0000,0.0000,0.0000,0.0000,0.0000,0.0000,0.0000,0.0000,0.0000,0.0000,0.0000,-16.410,-14.468,1.941,0.396,1.158
1275,726.00,0.000,-16.173,1.0042,2.5352,100.0000,0.0000,0.0000,0.0000,0.0000,0.0000,0.0000,0.0000,0.0000,0.0000,0.0000,0.0000,0.0000,0.0000,0.0000,0.0000,0.0000,0.0000,0.0000,-16.423,-14.483,1.942,0.396,1.159
1276,725.00,0.000,-16.197,1.0051,2.5352,100.0000,0.0000,0.0000,0.0000,0.0000,0.0000,0.0000,0.0000,0.0000,0.0000,0.0000,0.0000,0.0000,0.0000,0.0000,0.0000,0.0000,0.0000,0.0000,-16.435,-14.497,1.942,0.396,1.160
1277,724.00,0.000,-16.222,1.0060,2.5352,100.0000,0.0000,0.0000,0.0000,0.0000,0.0000,0.0000,0.0000,0.0000,0.0000,0.0000,0.0000,0.0000,0.0000,0.0000,0.0000,0.0000,0.0000,0.0000,-16.448,-14.511,1.943,0.397,1.161
1278,723.00,0.000,-16.246,1.0069,2.5352,100.0000,0.0000,0.0000,0.0000,0.0000,0.0000,0.0000,0.0000,0.0000,0.0000,0.0000,0.0000,0.0000,0.0000,0.0000,0.0000,0.0000,0.0000,0.0000,-16.460,-14.525,1.943,0.397,1.162
1279,722.00,0.000,-16.271,1.0077,2.5352,100.0000,0.0000,0.0000,0.0000,0.0000,0.0000,0.0000,0.0000,0.0000,0.0000,0.0000,0.0000,0.0000,0.0000,0.0000,0.0000,0.0000,0.0000,0.0000,-16.473,-14.539,1.944,0.398,1.162
1280,721.00,0.000,-16.296,1.0086,2.5352,100.0000,0.0000,0.0000,0.0000,0.0000,0.0000,0.0000,0.0000,0.0000,0.0000,0.0000,0.0000,0.0000,0.0000,0.0000,0.0000,0.0000,0.0000,0.0000,-16.486,-14.553,1.944,0.398,1.163
1281,720.00,0.000,-16.321,1.0095,2.5352,100.0000,0.0000,0.0000,0.0000,0.0000,0.0000,0.0000,0.0000,0.0000,0.0000,0.0000,0.0000,0.0000,0.0000,0.0000,0.0000,0.0000,0.0000,0.0000,-16.498,-14.567,1.945,0.398,1.164
1282,719.00,0.000,-16.345,1.0104,2.5352,100.0000,0.0000,0.0000,0.0000,0.0000,0.0000,0.0000,0.0000,0.0000,0.0000,0.0000,0.0000,0.0000,0.0000,0.0000,0.0000,0.0000,0.0000,0.0000,-16.511,-14.581,1.946,0.399,1.165
1283,718.00,0.000,-16.370,1.0243,2.5352,100.0000,0.0000,0.0000,0.0000,0.0000,0.0000,0.0000,0.0000,0.0000,0.0000,0.0000,0.0000,0.0000,0.0000,0.0000,0.0000,0.0000,0.0000,0.0000,-16.736,-14.783,1.971,0.404,1.181
1284,717.00,0.000,-16.395,1.0250,2.5352,100.0000,0.0000,0.0000,0.0000,0.0000,0.0000,0.0000,0.0000,0.0000,0.0000,0.0000,0.0000,0.0000,0.0000,0.0000,0.0000,0.0000,0.0000,0.0000,-16.745,-14.794,1.971,0.404,1.182
1285,716.00,0.000,-16.420,1.0258,2.5352,100.0000,0.0000,0.0000,0.0000,0.0000,0.0000,0.0000,0.0000,0.0000,0.0000,0.0000,0.0000,0.0000,0.0000,0.0000,0.0000,0.0000,0.0000,0.0000,-16.756,-14.806,1.972,0.405,1.182
1286,715.00,0.000,-16.445,1.0266,2.5352,100.0000,0.0000,0.0000,0.0000,0.0000,0.0000,0.0000,0.0000,0.0000,0.0000,0.0000,0.0000,0.0000,0.0000,0.0000,0.0000,0.0000,0.0000,0.0000,-16.767,-14.819,1.972,0.405,1.183
1287,714.00,0.000,-16.470,1.0274,2.5352,100.0000,0.0000,0.0000,0.0000,0.0000,0.0000,0.0000,0.0000,0.0000,0.0000,0.0000,0.0000,0.0000,0.0000,0.0000,0.0000,0.0000,0.0000,0.0000,-16.779,-14.832,1.972,0.405,1.184
1288,713.00,0.000,-16.495,1.0283,2.5352,100.0000,0.0000,0.0000,0.0000,0.0000,0.0000,0.0000,0.0000,0.0000,0.0000,0.0000,0.0000,0.0000,0.0000,0.0000,0.0000,0.0000,0.0000,0.0000,-16.792,-14.846,1.973,0.406,1.185
1289,712.00,0.000,-16.520,1.0346,2.5352,100.0000,0.0000,0.0000,0.0000,0.0000,0.0000,0.0000,0.0000,0.0000,0.0000,0.0000,0.0000,0.0000,0.0000,0.0000,0.0000,0.0000,0.0000,0.0000,-16.892,-14.937,1.984,0.408,1.192
1290,711.00,0.000,-16.546,1.0360,2.5352,100.0000,0.0000,0.0000,0.0000,0.0000,0.0000,0.0000,0.0000,0.0000,0.0000,0.0000,0.0000,0.0000,0.0000,0.0000,0.0000,0.0000,0.0000,0.0000,-16.914,-14.960,1.985,0.409,1.193
1291,710.00,0.000,-16.571,1.0383,2.5352,100.0000,0.0000,0.0000,0.0000,0.0000,0.0000,0.0000,0.0000,0.0000,0.0000,0.0000,0.0000,0.0000,0.0000,0.0000,0.0000,0.0000,0.0000,0.0000,-16.949,-14.994,1.988,0.410,1.196
1292,709.00,0.000,-16.596,1.0408,2.5352,100.0000,0.0000,0.0000,0.0000,0.0000,0.0000,0.0000,0.0000,0.0000,0.0000,0.0000,0.0000,0.0000,0.0000,0.0000,0.0000,0.0000,0.0000,0.0000,-16.987,-15.031,1.992,0.411,1.198
1293,708.00,0.000,-16.622,1.0434,2.5352,100.0000,0.0000,0.0000,0.0000,0.0000,0.0000,0.0000,0.0000,0.0000,0.0000,0.0000,0.0000,0.0000,0.0000,0.0000,0.0000,0.0000,0.0000,0.0000,-17.028,-15.069,1.996,0.412,1.201
1294,707.00,0.000,-16.647,1.0460,2.5352,100.0000,0.0000,0.0000,0.0000,0.0000,0.0000,0.0000,0.0000,0.0000,0.0000,0.0000,0.0000,0.0000,0.0000,0.0000,0.0000,0.0000,0.0000,0.0000,-17.069,-15.109,2.000,0.413,1.204
1295,706.00,0.000,-16.672,1.0488,2.5352,100.0000,0.0000,0.0000,0.0000,0.0000,0.0000,0.0000,0.0000,0.0000,0.0000,0.0000,0.0000,0.0000,0.0000,0.0000,0.0000,0.0000,0.0000,0.0000,-17.112,-15.150,2.004,0.414,1.207
1296,705.00,0.000,-16.698,1.0515,2.5352,100.0000,0.0000,0.0000,0.0000,0.0000,0.0000,0.0000,0.0000,0.0000,0.0000,0.0000,0.0000,0.0000,0.0000,0.0000,0.0000,0.0000,0.0000,0.0000,-17.155,-15.191,2.008,0.415,1.210
1297,704.00,0.000,-16.724,1.0542,2.5352,100.0000,0.0000,0.0000,0.0000,0.0000,0.0000,0.0000,0.0000,0.0000,0.0000,0.0000,0.0000,0.0000,0.0000,0.0000,0.0000,0.0000,0.0000,0.0000,-17.197,-15.231,2.011,0.416,1.213
1298,703.00,0.000,-16.749,1.0568,2.5352,100.0000,0.0000,0.0000,0.0000,0.0000,0.0000,0.0000,0.0000,0.0000,0.0000,0.0000,0.0000,0.0000,0.0000,0.0000,0.0000,0.0000,0.0000,0.0000,-17.236,-15.269,2.015,0.417,1.216
1299,702.00,0.000,-16.775,1.0592,2.5352,100.0000,0.0000,0.0000,0.0000,0.0000,0.0000,0.0000,0.0000,0.0000,0.0000,0.0000,0.0000,0.0000,0.0000,0.0000,0.0000,0.0000,0.0000,0.0000,-17.274,-15.306,2.018,0.418,1.218
1300,701.00,0.000,-16.801,1.0616,2.5352,100.0000,0.0000,0.0000,0.0000,0.0000,0.0000,0.0000,0.0000,0.0000,0.0000,0.0000,0.0000,0.0000,0.0000,0.0000,0.0000,0.0000,0.0000,0.0000,-17.310,-15.341,2.022,0.419,1.221
1301,700.00,0.000,-16.826,1.0637,2.5352,100.0000,0.0000,0.0000,0.0000,0.0000,0.0000,0.0000,0.0000,0.0000,0.0000,0.0000,0.0000,0.0000,0.0000,0.0000,0.0000,0.0000,0.0000,0.0000,-17.344,-15.373,2.025,0.420,1.223
