Index,T (C),P (kbars),log(10) f O2,mass (gm),rho (gm/cc),wt% SiO2,wt% TiO2,wt% Al2O3,wt% Fe2O3,wt% Cr2O3,wt% FeO,wt% MnO,wt% MgO,wt% NiO,wt% CoO,wt% CaO,wt% Na2O,wt% K2O,wt% P2O5,wt% H2O,wt% CO2,wt% SO3,wt% Cl2O-1,wt% F2O-1,G (kJ),H (kJ),S (J/K),V (cc),Cp (J/K),   geikielite,     hematite,     ilmenite,  pyrophanite,     corundum
1090,911.00,0.000,-12.351,0.0147,4.6527,0.0000,47.8228,0.9841,10.6581,0.0000,33.1120,4.3403,3.0827,0.0000,0.0000,0.0000,0.0000,0.0000,0.0000,0.0000,0.0000,0.0000,0.0000,0.0000,-0.145,-0.112,0.028,0.003,0.014,0.113323,0.098886,0.682839,0.090653,0.014300
1091,910.00,0.000,-12.368,0.0257,4.6533,0.0000,47.8245,0.9771,10.6470,0.0000,33.1600,4.3275,3.0639,0.0000,0.0000,0.0000,0.0000,0.0000,0.0000,0.0000,0.0000,0.0000,0.0000,0.0000,-0.254,-0.196,0.049,0.006,0.024,0.112650,0.098800,0.683946,0.090401,0.014202
1092,909.00,0.000,-12.386,0.0367,4.6539,0.0000,47.8262,0.9703,10.6358,0.0000,33.2079,4.3145,3.0453,0.0000,0.0000,0.0000,0.0000,0.0000,0.0000,0.0000,0.0000,0.0000,0.0000,0.0000,-0.363,-0.280,0.070,0.008,0.034,0.111985,0.098713,0.685053,0.090145,0.014104
1093,908.00,0.000,-12.403,0.0477,4.6546,0.0000,47.8282,0.9635,10.6243,0.0000,33.2559,4.3012,3.0269,0.0000,0.0000,0.0000,0.0000,0.0000,0.0000,0.0000,0.0000,0.0000,0.0000,0.0000,-0.471,-0.363,0.091,0.010,0.044,0.111327,0.098623,0.686158,0.089883,0.014008
1094,907.00,0.000,-12.421,0.0586,4.6552,0.0000,47.8302,0.9568,10.6127,0.0000,33.3039,4.2877,3.0087,0.0000,0.0000,0.0000,0.0000,0.0000,0.0000,0.0000,0.0000,0.0000,0.0000,0.0000,-0.579,-0.447,0.112,0.013,0.054,0.110677,0.098532,0.687263,0.089616,0.013913
1095,906.00,0.000,-12.438,0.0695,4.6558,0.0000,47.8324,0.9501,10.6010,0.0000,33.3518,4.2740,2.9907,0.0000,0.0000,0.0000,0.0000,0.0000,0.0000,0.0000,0.0000,0.0000,0.0000,0.0000,-0.686,-0.530,0.133,0.015,0.064,0.110033,0.098439,0.688366,0.089344,0.013818
1096,905.00,0.000,-12.456,0.0804,4.6563,0.0000,47.8348,0.9435,10.5890,0.0000,33.3997,4.2601,2.9729,0.0000,0.0000,0.0000,0.0000,0.0000,0.0000,0.0000,0.0000,0.0000,0.0000,0.0000,-0.793,-0.612,0.154,0.017,0.074,0.109397,0.098344,0.689467,0.089067,0.013724
1097,904.00,0.000,-12.474,0.0912,4.6569,0.0000,47.8372,0.9370,10.5769,0.0000,33.4476,4.2459,2.9553,0.0000,0.0000,0.0000,0.0000,0.0000,0.0000,0.0000,0.0000,0.0000,0.0000,0.0000,-0.900,-0.695,0.174,0.020,0.084,0.108767,0.098248,0.690568,0.088786,0.013632
1098,903.00,0.000,-12.491,0.1020,4.6575,0.0000,47.8398,0.9305,10.5647,0.0000,33.4955,4.2316,2.9379,0.0000,0.0000,0.0000,0.0000,0.0000,0.0000,0.0000,0.0000,0.0000,0.0000,0.0000,-1.006,-0.777,0.195,0.022,0.094,0.108144,0.098150,0.691667,0.088500,0.013540
1099,902.00,0.000,-12.509,0.1128,4.6581,0.0000,47.8425,0.9241,10.5523,0.0000,33.5433,4.2170,2.9207,0.0000,0.0000,0.0000,0.0000,0.0000,0.0000,0.0000,0.0000,0.0000,0.0000,0.0000,-1.111,-0.859,0.215,0.024,0.104,0.107528,0.098050,0.692764,0.088209,0.013448
1100,901.00,0.000,-12.527,0.1235,4.6586,0.0000,47.8454,0.9178,10.5397,0.0000,33.5912,4.2023,2.9037,0.0000,0.0000,0.0000,0.0000,0.0000,0.0000,0.0000,0.0000,0.0000,0.0000,0.0000,-1.217,-0.940,0.236,0.027,0.114,0.106919,0.097948,0.693860,0.087914,0.013358
1101,900.00,0.000,-12.545,0.1343,4.6591,0.0000,47.8483,0.9115,10.5270,0.0000,33.6390,4.1873,2.8869,0.0000,0.0000,0.0000,0.0000,0.0000,0.0000,0.0000,0.0000,0.0000,0.0000,0.0000,-1.322,-1.022,0.256,0.029,0.124,0.106315,0.097846,0.694955,0.087615,0.013269
1102,899.00,0.000,-12.562,0.1450,4.6597,0.0000,47.8514,0.9052,10.5142,0.0000,33.6867,4.1722,2.8702,0.0000,0.0000,0.0000,0.0000,0.0000,0.0000,0.0000,0.0000,0.0000,0.0000,0.0000,-1.426,-1.103,0.276,0.031,0.134,0.105719,0.097741,0.696049,0.087312,0.013180
1103,898.00,0.000,-12.580,0.1556,4.6602,0.0000,47.8546,0.8991,10.5012,0.0000,33.7345,4.1568,2.8538,0.0000,0.0000,0.0000,0.0000,0.0000,0.0000,0.0000,0.0000,0.0000,0.0000,0.0000,-1.531,-1.184,0.296,0.033,0.144,0.105128,0.097635,0.697140,0.087004,0.013092
1104,897.00,0.000,-12.598,0.1663,4.6607,0.0000,47.8579,0.8930,10.4881,0.0000,33.7822,4.1413,2.8375,0.0000,0.0000,0.0000,0.0000,0.0000,0.0000,0.0000,0.0000,0.0000,0.0000,0.0000,-1.634,-1.264,0.316,0.036,0.154,0.104544,0.097528,0.698231,0.086693,0.013005
1105,896.00,0.000,-12.616,0.1769,4.6612,0.0000,47.8613,0.8869,10.4748,0.0000,33.8299,4.1257,2.8214,0.0000,0.0000,0.0000,0.0000,0.0000,0.0000,0.0000,0.0000,0.0000,0.0000,0.0000,-1.738,-1.345,0.336,0.038,0.163,0.103966,0.097419,0.699319,0.086377,0.012919
1106,895.00,0.000,-12.634,0.1875,4.6617,0.0000,47.8649,0.8809,10.4615,0.0000,33.8775,4.1098,2.8054,0.0000,0.0000,0.0000,0.0000,0.0000,0.0000,0.0000,0.0000,0.0000,0.0000,0.0000,-1.841,-1.425,0.356,0.040,0.173,0.103393,0.097309,0.700407,0.086058,0.012834
1107,894.00,0.000,-12.652,0.1980,4.6622,0.0000,47.8685,0.8750,10.4480,0.0000,33.9251,4.0938,2.7897,0.0000,0.0000,0.0000,0.0000,0.0000,0.0000,0.0000,0.0000,0.0000,0.0000,0.0000,-1.944,-1.505,0.376,0.042,0.183,0.102827,0.097197,0.701492,0.085735,0.012749
1108,893.00,0.000,-12.670,0.2086,4.6627,0.0000,47.8722,0.8691,10.4343,0.0000,33.9727,4.0776,2.7741,0.0000,0.0000,0.0000,0.0000,0.0000,0.0000,0.0000,0.0000,0.0000,0.0000,0.0000,-2.046,-1.585,0.396,0.045,0.192,0.102267,0.097085,0.702576,0.085408,0.012665
1109,892.00,0.000,-12.688,0.2191,4.6632,0.0000,47.8761,0.8633,10.4206,0.0000,34.0202,4.0612,2.7586,0.0000,0.0000,0.0000,0.0000,0.0000,0.0000,0.0000,0.0000,0.0000,0.0000,0.0000,-2.149,-1.664,0.416,0.047,0.202,0.101712,0.096970,0.703658,0.085077,0.012582
1110,891.00,0.000,-12.706,0.2296,4.6637,0.0000,47.8800,0.8575,10.4067,0.0000,34.0677,4.0447,2.7434,0.0000,0.0000,0.0000,0.0000,0.0000,0.0000,0.0000,0.0000,0.0000,0.0000,0.0000,-2.251,-1.744,0.435,0.049,0.212,0.101163,0.096855,0.704739,0.084744,0.012500
1111,890.00,0.000,-12.724,0.2401,4.6641,0.0000,47.8840,0.8518,10.3928,0.0000,34.1151,4.0281,2.7282,0.0000,0.0000,0.0000,0.0000,0.0000,0.0000,0.0000,0.0000,0.0000,0.0000,0.0000,-2.352,-1.823,0.455,0.051,0.221,0.100619,0.096738,0.705818,0.084406,0.012418
1112,889.00,0.000,-12.742,0.2505,4.6646,0.0000,47.8881,0.8461,10.3787,0.0000,34.1625,4.0113,2.7133,0.0000,0.0000,0.0000,0.0000,0.0000,0.0000,0.0000,0.0000,0.0000,0.0000,0.0000,-2.453,-1.902,0.474,0.054,0.231,0.100081,0.096621,0.706896,0.084066,0.012337
1113,888.00,0.000,-12.760,0.2610,4.6650,0.0000,47.8923,0.8405,10.3645,0.0000,34.2098,3.9944,2.6985,0.0000,0.0000,0.0000,0.0000,0.0000,0.0000,0.0000,0.0000,0.0000,0.0000,0.0000,-2.554,-1.981,0.494,0.056,0.240,0.099548,0.096501,0.707971,0.083722,0.012257
1114,887.00,0.000,-12.778,0.2714,4.6655,0.0000,47.8966,0.8350,10.3502,0.0000,34.2571,3.9773,2.6838,0.0000,0.0000,0.0000,0.0000,0.0000,0.0000,0.0000,0.0000,0.0000,0.0000,0.0000,-2.655,-2.059,0.513,0.058,0.250,0.099020,0.096381,0.709045,0.083375,0.012178
1115,886.00,0.000,-12.796,0.2817,4.6659,0.0000,47.9010,0.8295,10.3358,0.0000,34.3044,3.9601,2.6693,0.0000,0.0000,0.0000,0.0000,0.0000,0.0000,0.0000,0.0000,0.0000,0.0000,0.0000,-2.755,-2.138,0.533,0.060,0.259,0.098498,0.096260,0.710117,0.083025,0.012099
1116,885.00,0.000,-12.814,0.2921,4.6663,0.0000,47.9055,0.8240,10.3213,0.0000,34.3516,3.9427,2.6549,0.0000,0.0000,0.0000,0.0000,0.0000,0.0000,0.0000,0.0000,0.0000,0.0000,0.0000,-2.855,-2.216,0.552,0.063,0.269,0.097981,0.096138,0.711188,0.082673,0.012021
1117,884.00,0.000,-12.833,0.3024,4.6668,0.0000,47.9100,0.8186,10.3067,0.0000,34.3987,3.9252,2.6407,0.0000,0.0000,0.0000,0.0000,0.0000,0.0000,0.0000,0.0000,0.0000,0.0000,0.0000,-2.955,-2.294,0.571,0.065,0.278,0.097469,0.096014,0.712256,0.082317,0.011944
1118,883.00,0.000,-12.851,0.3128,4.6672,0.0000,47.9147,0.8133,10.2920,0.0000,34.4458,3.9076,2.6266,0.0000,0.0000,0.0000,0.0000,0.0000,0.0000,0.0000,0.0000,0.0000,0.0000,0.0000,-3.054,-2.372,0.590,0.067,0.288,0.096961,0.095890,0.713323,0.081958,0.011868
1119,882.00,0.000,-12.869,0.3231,4.6676,0.0000,47.9194,0.8080,10.2772,0.0000,34.4929,3.8899,2.6127,0.0000,0.0000,0.0000,0.0000,0.0000,0.0000,0.0000,0.0000,0.0000,0.0000,0.0000,-3.154,-2.450,0.609,0.069,0.297,0.096459,0.095764,0.714388,0.081597,0.011792
1120,881.00,0.000,-12.887,0.3334,4.6680,0.0000,47.9241,0.8027,10.2624,0.0000,34.5398,3.8721,2.5989,0.0000,0.0000,0.0000,0.0000,0.0000,0.0000,0.0000,0.0000,0.0000,0.0000,0.0000,-3.253,-2.527,0.629,0.071,0.307,0.095961,0.095637,0.715452,0.081233,0.011717
1121,880.00,0.000,-12.906,0.3436,4.6684,0.0000,47.9290,0.7975,10.2474,0.0000,34.5868,3.8541,2.5852,0.0000,0.0000,0.0000,0.0000,0.0000,0.0000,0.0000,0.0000,0.0000,0.0000,0.0000,-3.351,-2.605,0.648,0.074,0.316,0.095468,0.095510,0.716513,0.080866,0.011642
1122,879.00,0.000,-12.924,0.3539,4.6688,0.0000,47.9339,0.7924,10.2323,0.0000,34.6336,3.8360,2.5716,0.0000,0.0000,0.0000,0.0000,0.0000,0.0000,0.0000,0.0000,0.0000,0.0000,0.0000,-3.450,-2.682,0.666,0.076,0.325,0.094980,0.095382,0.717573,0.080497,0.011569
1123,878.00,0.000,-12.943,0.3641,4.6692,0.0000,47.9389,0.7873,10.2172,0.0000,34.6804,3.8179,2.5582,0.0000,0.0000,0.0000,0.0000,0.0000,0.0000,0.0000,0.0000,0.0000,0.0000,0.0000,-3.548,-2.759,0.685,0.078,0.335,0.094496,0.095252,0.718631,0.080126,0.011496
1124,877.00,0.000,-12.961,0.3743,4.6696,0.0000,47.9440,0.7822,10.2020,0.0000,34.7272,3.7996,2.5449,0.0000,0.0000,0.0000,0.0000,0.0000,0.0000,0.0000,0.0000,0.0000,0.0000,0.0000,-3.646,-2.836,0.704,0.080,0.344,0.094016,0.095122,0.719686,0.079752,0.011423
1125,876.00,0.000,-12.980,0.3845,4.6699,0.0000,47.9491,0.7772,10.1867,0.0000,34.7739,3.7812,2.5318,0.0000,0.0000,0.0000,0.0000,0.0000,0.0000,0.0000,0.0000,0.0000,0.0000,0.0000,-3.743,-2.913,0.723,0.082,0.353,0.093541,0.094991,0.720740,0.079376,0.011351
1126,875.00,0.000,-12.998,0.3947,4.6703,0.0000,47.9543,0.7723,10.1714,0.0000,34.8205,3.7628,2.5187,0.0000,0.0000,0.0000,0.0000,0.0000,0.0000,0.0000,0.0000,0.0000,0.0000,0.0000,-3.841,-2.989,0.742,0.085,0.363,0.093071,0.094859,0.721793,0.078997,0.011280
1127,874.00,0.000,-13.017,0.4049,4.6707,0.0000,47.9596,0.7674,10.1560,0.0000,34.8671,3.7442,2.5058,0.0000,0.0000,0.0000,0.0000,0.0000,0.0000,0.0000,0.0000,0.0000,0.0000,0.0000,-3.938,-3.066,0.760,0.087,0.372,0.092604,0.094726,0.722843,0.078617,0.011210
1128,873.00,0.000,-13.035,0.4150,4.6710,0.0000,47.9649,0.7625,10.1405,0.0000,34.9136,3.7255,2.4930,0.0000,0.0000,0.0000,0.0000,0.0000,0.0000,0.0000,0.0000,0.0000,0.0000,0.0000,-4.035,-3.142,0.779,0.089,0.381,0.092142,0.094593,0.723891,0.078234,0.011140
1129,872.00,0.000,-13.054,0.4252,4.6714,0.0000,47.9703,0.7577,10.1249,0.0000,34.9600,3.7068,2.4803,0.0000,0.0000,0.0000,0.0000,0.0000,0.0000,0.0000,0.0000,0.0000,0.0000,0.0000,-4.132,-3.219,0.798,0.091,0.390,0.091683,0.094458,0.724937,0.077850,0.011071
1130,871.00,0.000,-13.073,0.4353,4.6717,0.0000,47.9757,0.7529,10.1093,0.0000,35.0064,3.6880,2.4678,0.0000,0.0000,0.0000,0.0000,0.0000,0.0000,0.0000,0.0000,0.0000,0.0000,0.0000,-4.229,-3.295,0.816,0.093,0.400,0.091229,0.094323,0.725982,0.077463,0.011003
1131,870.00,0.000,-13.091,0.4454,4.6721,0.0000,47.9812,0.7482,10.0936,0.0000,35.0527,3.6691,2.4553,0.0000,0.0000,0.0000,0.0000,0.0000,0.0000,0.0000,0.0000,0.0000,0.0000,0.0000,-4.325,-3.371,0.835,0.095,0.409,0.090779,0.094188,0.727024,0.077075,0.010935
1132,869.00,0.000,-13.110,0.4555,4.6724,0.0000,47.9868,0.7435,10.0778,0.0000,35.0989,3.6501,2.4429,0.0000,0.0000,0.0000,0.0000,0.0000,0.0000,0.0000,0.0000,0.0000,0.0000,0.0000,-4.421,-3.447,0.853,0.097,0.418,0.090332,0.094051,0.728065,0.076684,0.010867
1133,868.00,0.000,-13.129,0.4656,4.6727,0.0000,47.9924,0.7389,10.0620,0.0000,35.1451,3.6310,2.4307,0.0000,0.0000,0.0000,0.0000,0.0000,0.0000,0.0000,0.0000,0.0000,0.0000,0.0000,-4.517,-3.523,0.871,0.100,0.427,0.089890,0.093914,0.729103,0.076292,0.010801
1134,867.00,0.000,-13.148,0.4743,4.6732,0.0000,47.9964,0.7330,10.0509,0.0000,35.1787,3.6219,2.4191,0.0000,0.0000,0.0000,0.0000,0.0000,0.0000,0.0000,0.0000,0.0000,0.0000,0.0000,-4.600,-3.588,0.887,0.102,0.435,0.089469,0.093821,0.729884,0.076110,0.010716
1135,866.00,0.000,-13.166,0.4819,4.6737,0.0000,47.9993,0.7262,10.0435,0.0000,35.2025,3.6205,2.4080,0.0000,0.0000,0.0000,0.0000,0.0000,0.0000,0.0000,0.0000,0.0000,0.0000,0.0000,-4.671,-3.645,0.901,0.103,0.442,0.089070,0.093762,0.730460,0.076089,0.010618
1136,865.00,0.000,-13.185,0.4893,4.6742,0.0000,48.0024,0.7195,10.0359,0.0000,35.2262,3.6189,2.3971,0.0000,0.0000,0.0000,0.0000,0.0000,0.0000,0.0000,0.0000,0.0000,0.0000,0.0000,-4.741,-3.700,0.914,0.105,0.448,0.088679,0.093702,0.731034,0.076063,0.010522
1137,864.00,0.000,-13.204,0.4965,4.6747,0.0000,48.0055,0.7129,10.0282,0.0000,35.2499,3.6170,2.3865,0.0000,0.0000,0.0000,0.0000,0.0000,0.0000,0.0000,0.0000,0.0000,0.0000,0.0000,-4.809,-3.755,0.927,0.106,0.455,0.088295,0.093641,0.731606,0.076032,0.010426
1138,863.00,0.000,-13.223,0.5036,4.6752,0.0000,48.0087,0.7064,10.0204,0.0000,35.2735,3.6149,2.3761,0.0000,0.0000,0.0000,0.0000,0.0000,0.0000,0.0000,0.0000,0.0000,0.0000,0.0000,-4.876,-3.808,0.940,0.108,0.461,0.087918,0.093578,0.732175,0.075997,0.010332
1139,862.00,0.000,-13.242,0.5106,4.6756,0.0000,48.0120,0.6999,10.0125,0.0000,35.2970,3.6127,2.3658,0.0000,0.0000,0.0000,0.0000,0.0000,0.0000,0.0000,0.0000,0.0000,0.0000,0.0000,-4.942,-3.861,0.953,0.109,0.468,0.087547,0.093514,0.732742,0.075958,0.010239
1140,861.00,0.000,-13.261,0.5175,4.6761,0.0000,48.0155,0.6936,10.0045,0.0000,35.3205,3.6102,2.3557,0.0000,0.0000,0.0000,0.0000,0.0000,0.0000,0.0000,0.0000,0.0000,0.0000,0.0000,-5.007,-3.912,0.965,0.111,0.474,0.087184,0.093449,0.733307,0.075914,0.010147
1141,860.00,0.000,-13.280,0.5242,4.6766,0.0000,48.0190,0.6873,9.9964,0.0000,35.3440,3.6076,2.3459,0.0000,0.0000,0.0000,0.0000,0.0000,0.0000,0.0000,0.0000,0.0000,0.0000,0.0000,-5.070,-3.963,0.977,0.112,0.480,0.086827,0.093383,0.733869,0.075866,0.010055
1142,859.00,0.000,-13.299,0.5308,4.6770,0.0000,48.0225,0.6811,9.9881,0.0000,35.3674,3.6048,2.3361,0.0000,0.0000,0.0000,0.0000,0.0000,0.0000,0.0000,0.0000,0.0000,0.0000,0.0000,-5.132,-4.012,0.989,0.113,0.486,0.086477,0.093315,0.734428,0.075815,0.009965
1143,858.00,0.000,-13.318,0.5373,4.6774,0.0000,48.0262,0.6749,9.9798,0.0000,35.3907,3.6018,2.3266,0.0000,0.0000,0.0000,0.0000,0.0000,0.0000,0.0000,0.0000,0.0000,0.0000,0.0000,-5.193,-4.061,1.000,0.115,0.492,0.086132,0.093247,0.734986,0.075759,0.009876
1144,857.00,0.000,-13.337,0.5437,4.6779,0.0000,48.0300,0.6688,9.9714,0.0000,35.4140,3.5986,2.3172,0.0000,0.0000,0.0000,0.0000,0.0000,0.0000,0.0000,0.0000,0.0000,0.0000,0.0000,-5.252,-4.109,1.012,0.116,0.497,0.085794,0.093177,0.735541,0.075700,0.009788
1145,856.00,0.000,-13.356,0.5500,4.6783,0.0000,48.0338,0.6628,9.9628,0.0000,35.4372,3.5953,2.3080,0.0000,0.0000,0.0000,0.0000,0.0000,0.0000,0.0000,0.0000,0.0000,0.0000,0.0000,-5.311,-4.156,1.023,0.118,0.503,0.085461,0.093106,0.736093,0.075638,0.009701
1146,855.00,0.000,-13.376,0.5561,4.6787,0.0000,48.0377,0.6569,9.9542,0.0000,35.4603,3.5918,2.2990,0.0000,0.0000,0.0000,0.0000,0.0000,0.0000,0.0000,0.0000,0.0000,0.0000,0.0000,-5.368,-4.202,1.034,0.119,0.509,0.085134,0.093034,0.736644,0.075572,0.009615
1147,854.00,0.000,-13.395,0.5622,4.6791,0.0000,48.0417,0.6510,9.9455,0.0000,35.4834,3.5882,2.2901,0.0000,0.0000,0.0000,0.0000,0.0000,0.0000,0.0000,0.0000,0.0000,0.0000,0.0000,-5.425,-4.247,1.045,0.120,0.514,0.084813,0.092962,0.737192,0.075503,0.009530
1148,853.00,0.000,-13.414,0.5681,4.6795,0.0000,48.0458,0.6452,9.9367,0.0000,35.5065,3.5845,2.2813,0.0000,0.0000,0.0000,0.0000,0.0000,0.0000,0.0000,0.0000,0.0000,0.0000,0.0000,-5.480,-4.292,1.055,0.121,0.519,0.084496,0.092888,0.737738,0.075431,0.009446
1149,852.00,0.000,-13.433,0.5740,4.6799,0.0000,48.0499,0.6395,9.9279,0.0000,35.5294,3.5806,2.2727,0.0000,0.0000,0.0000,0.0000,0.0000,0.0000,0.0000,0.0000,0.0000,0.0000,0.0000,-5.534,-4.336,1.065,0.123,0.525,0.084185,0.092813,0.738282,0.075356,0.009363
1150,851.00,0.000,-13.453,0.5797,4.6803,0.0000,48.0541,0.6338,9.9189,0.0000,35.5524,3.5766,2.2643,0.0000,0.0000,0.0000,0.0000,0.0000,0.0000,0.0000,0.0000,0.0000,0.0000,0.0000,-5.588,-4.379,1.075,0.124,0.530,0.083879,0.092738,0.738823,0.075278,0.009281
1151,850.00,0.000,-13.472,0.5853,4.6807,0.0000,48.0583,0.6282,9.9099,0.0000,35.5752,3.5724,2.2560,0.0000,0.0000,0.0000,0.0000,0.0000,0.0000,0.0000,0.0000,0.0000,0.0000,0.0000,-5.640,-4.421,1.085,0.125,0.535,0.083578,0.092661,0.739363,0.075198,0.009200
1152,849.00,0.000,-13.491,0.5909,4.6811,0.0000,48.0627,0.6226,9.9007,0.0000,35.5980,3.5682,2.2478,0.0000,0.0000,0.0000,0.0000,0.0000,0.0000,0.0000,0.0000,0.0000,0.0000,0.0000,-5.691,-4.463,1.095,0.126,0.540,0.083282,0.092584,0.739900,0.075115,0.009119
1153,848.00,0.000,-13.511,0.5963,4.6814,0.0000,48.0670,0.6172,9.8916,0.0000,35.6208,3.5638,2.2397,0.0000,0.0000,0.0000,0.0000,0.0000,0.0000,0.0000,0.0000,0.0000,0.0000,0.0000,-5.742,-4.504,1.105,0.127,0.545,0.082990,0.092506,0.740436,0.075029,0.009040
1154,847.00,0.000,-13.530,0.6017,4.6818,0.0000,48.0715,0.6117,9.8823,0.0000,35.6434,3.5593,2.2318,0.0000,0.0000,0.0000,0.0000,0.0000,0.0000,0.0000,0.0000,0.0000,0.0000,0.0000,-5.791,-4.544,1.114,0.129,0.549,0.082703,0.092427,0.740969,0.074940,0.008961
1155,846.00,0.000,-13.550,0.6070,4.6822,0.0000,48.0760,0.6064,9.8730,0.0000,35.6661,3.5547,2.2240,0.0000,0.0000,0.0000,0.0000,0.0000,0.0000,0.0000,0.0000,0.0000,0.0000,0.0000,-5.840,-4.583,1.123,0.130,0.554,0.082420,0.092347,0.741500,0.074850,0.008883
1156,845.00,0.000,-13.569,0.6121,4.6825,0.0000,48.0805,0.6010,9.8636,0.0000,35.6886,3.5500,2.2163,0.0000,0.0000,0.0000,0.0000,0.0000,0.0000,0.0000,0.0000,0.0000,0.0000,0.0000,-5.888,-4.622,1.132,0.131,0.559,0.082142,0.092267,0.742029,0.074757,0.008806
1157,844.00,0.000,-13.589,0.6172,4.6829,0.0000,48.0851,0.5958,9.8541,0.0000,35.7111,3.5452,2.2087,0.0000,0.0000,0.0000,0.0000,0.0000,0.0000,0.0000,0.0000,0.0000,0.0000,0.0000,-5.935,-4.660,1.141,0.132,0.563,0.081867,0.092186,0.742556,0.074661,0.008730
1158,843.00,0.000,-13.608,0.6222,4.6832,0.0000,48.0897,0.5906,9.8445,0.0000,35.7336,3.5403,2.2012,0.0000,0.0000,0.0000,0.0000,0.0000,0.0000,0.0000,0.0000,0.0000,0.0000,0.0000,-5.981,-4.698,1.150,0.133,0.568,0.081597,0.092104,0.743081,0.074564,0.008654
1159,842.00,0.000,-13.628,0.6272,4.6835,0.0000,48.0944,0.5855,9.8349,0.0000,35.7560,3.5353,2.1939,0.0000,0.0000,0.0000,0.0000,0.0000,0.0000,0.0000,0.0000,0.0000,0.0000,0.0000,-6.026,-4.735,1.158,0.134,0.572,0.081331,0.092021,0.743604,0.074465,0.008579
1160,841.00,0.000,-13.648,0.6320,4.6839,0.0000,48.0992,0.5804,9.8253,0.0000,35.7783,3.5302,2.1866,0.0000,0.0000,0.0000,0.0000,0.0000,0.0000,0.0000,0.0000,0.0000,0.0000,0.0000,-6.071,-4.771,1.166,0.135,0.576,0.081068,0.091937,0.744126,0.074363,0.008505
1161,840.00,0.000,-13.668,0.6368,4.6842,0.0000,48.1040,0.5753,9.8155,0.0000,35.8006,3.5251,2.1795,0.0000,0.0000,0.0000,0.0000,0.0000,0.0000,0.0000,0.0000,0.0000,0.0000,0.0000,-6.115,-4.807,1.175,0.136,0.580,0.080809,0.091853,0.744645,0.074260,0.008432
1162,839.00,0.000,-13.687,0.6415,4.6845,0.0000,48.1088,0.5703,9.8058,0.0000,35.8228,3.5198,2.1724,0.0000,0.0000,0.0000,0.0000,0.0000,0.0000,0.0000,0.0000,0.0000,0.0000,0.0000,-6.158,-4.842,1.183,0.137,0.585,0.080554,0.091769,0.745162,0.074155,0.008360
1163,838.00,0.000,-13.707,0.6461,4.6848,0.0000,48.1137,0.5654,9.7959,0.0000,35.8450,3.5145,2.1655,0.0000,0.0000,0.0000,0.0000,0.0000,0.0000,0.0000,0.0000,0.0000,0.0000,0.0000,-6.200,-4.877,1.190,0.138,0.589,0.080303,0.091683,0.745678,0.074048,0.008288
1164,837.00,0.000,-13.727,0.6506,4.6852,0.0000,48.1186,0.5605,9.7860,0.0000,35.8671,3.5091,2.1586,0.0000,0.0000,0.0000,0.0000,0.0000,0.0000,0.0000,0.0000,0.0000,0.0000,0.0000,-6.241,-4.911,1.198,0.139,0.593,0.080054,0.091597,0.746192,0.073939,0.008217
1165,836.00,0.000,-13.747,0.6551,4.6855,0.0000,48.1236,0.5557,9.7761,0.0000,35.8892,3.5036,2.1519,0.0000,0.0000,0.0000,0.0000,0.0000,0.0000,0.0000,0.0000,0.0000,0.0000,0.0000,-6.282,-4.945,1.206,0.140,0.597,0.079810,0.091510,0.746704,0.073829,0.008147
1166,835.00,0.000,-13.767,0.6595,4.6858,0.0000,48.1286,0.5509,9.7660,0.0000,35.9112,3.4980,2.1452,0.0000,0.0000,0.0000,0.0000,0.0000,0.0000,0.0000,0.0000,0.0000,0.0000,0.0000,-6.322,-4.978,1.213,0.141,0.601,0.079568,0.091423,0.747214,0.073717,0.008078
1167,834.00,0.000,-13.787,0.6638,4.6861,0.0000,48.1336,0.5462,9.7560,0.0000,35.9331,3.4924,2.1386,0.0000,0.0000,0.0000,0.0000,0.0000,0.0000,0.0000,0.0000,0.0000,0.0000,0.0000,-6.362,-5.010,1.221,0.142,0.604,0.079330,0.091335,0.747722,0.073604,0.008009
1168,833.00,0.000,-13.806,0.6681,4.6864,0.0000,48.1387,0.5415,9.7459,0.0000,35.9550,3.4867,2.1322,0.0000,0.0000,0.0000,0.0000,0.0000,0.0000,0.0000,0.0000,0.0000,0.0000,0.0000,-6.401,-5.042,1.228,0.143,0.608,0.079095,0.091247,0.748229,0.073489,0.007941
1169,832.00,0.000,-13.826,0.6723,4.6867,0.0000,48.1438,0.5369,9.7357,0.0000,35.9768,3.4810,2.1258,0.0000,0.0000,0.0000,0.0000,0.0000,0.0000,0.0000,0.0000,0.0000,0.0000,0.0000,-6.439,-5.074,1.235,0.143,0.612,0.078863,0.091158,0.748733,0.073373,0.007873
1170,831.00,0.000,-13.846,0.6764,4.6870,0.0000,48.1490,0.5323,9.7255,0.0000,35.9986,3.4752,2.1194,0.0000,0.0000,0.0000,0.0000,0.0000,0.0000,0.0000,0.0000,0.0000,0.0000,0.0000,-6.476,-5.105,1.242,0.144,0.615,0.078634,0.091068,0.749237,0.073255,0.007806
1171,830.00,0.000,-13.867,0.6805,4.6872,0.0000,48.1542,0.5277,9.7152,0.0000,36.0203,3.4693,2.1132,0.0000,0.0000,0.0000,0.0000,0.0000,0.0000,0.0000,0.0000,0.0000,0.0000,0.0000,-6.513,-5.136,1.249,0.145,0.619,0.078407,0.090978,0.749738,0.073136,0.007740
1172,829.00,0.000,-13.887,0.6845,4.6875,0.0000,48.1594,0.5232,9.7049,0.0000,36.0420,3.4634,2.1071,0.0000,0.0000,0.0000,0.0000,0.0000,0.0000,0.0000,0.0000,0.0000,0.0000,0.0000,-6.549,-5.166,1.255,0.146,0.623,0.078184,0.090887,0.750238,0.073016,0.007675
1173,828.00,0.000,-13.907,0.6884,4.6878,0.0000,48.1647,0.5188,9.6945,0.0000,36.0636,3.4574,2.1010,0.0000,0.0000,0.0000,0.0000,0.0000,0.0000,0.0000,0.0000,0.0000,0.0000,0.0000,-6.585,-5.196,1.262,0.147,0.626,0.077963,0.090796,0.750736,0.072895,0.007610
1174,827.00,0.000,-13.927,0.6923,4.6881,0.0000,48.1699,0.5144,9.6841,0.0000,36.0852,3.4514,2.0950,0.0000,0.0000,0.0000,0.0000,0.0000,0.0000,0.0000,0.0000,0.0000,0.0000,0.0000,-6.620,-5.225,1.268,0.148,0.629,0.077746,0.090704,0.751232,0.072772,0.007546
1175,826.00,0.000,-13.947,0.6961,4.6883,0.0000,48.1753,0.5100,9.6737,0.0000,36.1067,3.4453,2.0890,0.0000,0.0000,0.0000,0.0000,0.0000,0.0000,0.0000,0.0000,0.0000,0.0000,0.0000,-6.655,-5.254,1.275,0.148,0.633,0.077530,0.090612,0.751727,0.072648,0.007482
1176,825.00,0.000,-13.967,0.6999,4.6886,0.0000,48.1806,0.5057,9.6632,0.0000,36.1282,3.4391,2.0832,0.0000,0.0000,0.0000,0.0000,0.0000,0.0000,0.0000,0.0000,0.0000,0.0000,0.0000,-6.689,-5.282,1.281,0.149,0.636,0.077318,0.090519,0.752220,0.072524,0.007419
1177,824.00,0.000,-13.988,0.7036,4.6889,0.0000,48.1860,0.5014,9.6527,0.0000,36.1496,3.4330,2.0774,0.0000,0.0000,0.0000,0.0000,0.0000,0.0000,0.0000,0.0000,0.0000,0.0000,0.0000,-6.722,-5.310,1.287,0.150,0.639,0.077107,0.090426,0.752712,0.072398,0.007357
1178,823.00,0.000,-14.008,0.7066,4.6891,0.0000,48.1914,0.4981,9.6418,0.0000,36.1702,3.4262,2.0724,0.0000,0.0000,0.0000,0.0000,0.0000,0.0000,0.0000,0.0000,0.0000,0.0000,0.0000,-6.749,-5.333,1.292,0.151,0.642,0.076925,0.090329,0.753179,0.072259,0.007308
1179,822.00,0.000,-14.028,0.7075,4.6892,0.0000,48.1956,0.4995,9.6296,0.0000,36.1883,3.4177,2.0692,0.0000,0.0000,0.0000,0.0000,0.0000,0.0000,0.0000,0.0000,0.0000,0.0000,0.0000,-6.757,-5.341,1.293,0.151,0.643,0.076810,0.090216,0.753564,0.072080,0.007330
1180,821.00,0.000,-14.049,0.7085,4.6893,0.0000,48.2012,0.4990,9.6172,0.0000,36.2070,3.4091,2.0665,0.0000,0.0000,0.0000,0.0000,0.0000,0.0000,0.0000,0.0000,0.0000,0.0000,0.0000,-6.764,-5.348,1.294,0.151,0.643,0.076708,0.090101,0.753968,0.071900,0.007322
1181,820.00,0.000,-14.069,0.7087,4.6895,0.0000,48.2054,0.4953,9.6120,0.0000,36.2166,3.4054,2.0652,0.0000,0.0000,0.0000,0.0000,0.0000,0.0000,0.0000,0.0000,0.0000,0.0000,0.0000,-6.765,-5.350,1.294,0.151,0.644,0.076664,0.090055,0.754189,0.071824,0.007268
1182,819.00,0.000,-14.090,0.7101,4.6895,0.0000,48.2124,0.4970,9.5934,0.0000,36.2437,3.3926,2.0608,0.0000,0.0000,0.0000,0.0000,0.0000,0.0000,0.0000,0.0000,0.0000,0.0000,0.0000,-6.777,-5.362,1.296,0.151,0.645,0.076503,0.089882,0.754766,0.071556,0.007292
1183,818.00,0.000,-14.110,0.7102,4.6897,0.0000,48.2128,0.4965,9.5932,0.0000,36.2447,3.3922,2.0607,0.0000,0.0000,0.0000,0.0000,0.0000,0.0000,0.0000,0.0000,0.0000,0.0000,0.0000,-6.776,-5.363,1.295,0.151,0.645,0.076498,0.089881,0.754790,0.071547,0.007285
1184,817.00,0.000,-14.131,0.7108,4.6898,0.0000,48.2210,0.4907,9.5812,0.0000,36.2647,3.3841,2.0582,0.0000,0.0000,0.0000,0.0000,0.0000,0.0000,0.0000,0.0000,0.0000,0.0000,0.0000,-6.780,-5.368,1.296,0.152,0.645,0.076410,0.089772,0.755237,0.071380,0.007202
1185,816.00,0.000,-14.151,0.7116,4.6899,0.0000,48.2280,0.4883,9.5687,0.0000,36.2833,3.3757,2.0561,0.0000,0.0000,0.0000,0.0000,0.0000,0.0000,0.0000,0.0000,0.0000,0.0000,0.0000,-6.787,-5.374,1.297,0.152,0.646,0.076331,0.089657,0.755643,0.071204,0.007166
1186,815.00,0.000,-14.172,0.7123,4.6900,0.0000,48.2331,0.4870,9.5586,0.0000,36.2981,3.3689,2.0542,0.0000,0.0000,0.0000,0.0000,0.0000,0.0000,0.0000,0.0000,0.0000,0.0000,0.0000,-6.792,-5.380,1.297,0.152,0.646,0.076264,0.089564,0.755964,0.071062,0.007147
1187,814.00,0.000,-14.193,0.7130,4.6901,0.0000,48.2382,0.4857,9.5487,0.0000,36.3127,3.3622,2.0524,0.0000,0.0000,0.0000,0.0000,0.0000,0.0000,0.0000,0.0000,0.0000,0.0000,0.0000,-6.796,-5.386,1.298,0.152,0.647,0.076197,0.089473,0.756281,0.070922,0.007128
1188,813.00,0.000,-14.213,0.7137,4.6903,0.0000,48.2433,0.4844,9.5389,0.0000,36.3273,3.3556,2.0506,0.0000,0.0000,0.0000,0.0000,0.0000,0.0000,0.0000,0.0000,0.0000,0.0000,0.0000,-6.801,-5.391,1.298,0.152,0.647,0.076130,0.089382,0.756596,0.070783,0.007109
1189,812.00,0.000,-14.234,0.7143,4.6904,0.0000,48.2483,0.4831,9.5290,0.0000,36.3418,3.3490,2.0487,0.0000,0.0000,0.0000,0.0000,0.0000,0.0000,0.0000,0.0000,0.0000,0.0000,0.0000,-6.806,-5.397,1.299,0.152,0.648,0.076064,0.089291,0.756909,0.070645,0.007091
1190,811.00,0.000,-14.255,0.7150,4.6905,0.0000,48.2534,0.4819,9.5192,0.0000,36.3561,3.3424,2.0470,0.0000,0.0000,0.0000,0.0000,0.0000,0.0000,0.0000,0.0000,0.0000,0.0000,0.0000,-6.811,-5.402,1.299,0.152,0.648,0.075999,0.089201,0.757220,0.070508,0.007072
1191,810.00,0.000,-14.276,0.7156,4.6906,0.0000,48.2584,0.4806,9.5095,0.0000,36.3703,3.3359,2.0452,0.0000,0.0000,0.0000,0.0000,0.0000,0.0000,0.0000,0.0000,0.0000,0.0000,0.0000,-6.816,-5.408,1.300,0.153,0.649,0.075936,0.089111,0.757528,0.070371,0.007054
1192,809.00,0.000,-14.297,0.7163,4.6907,0.0000,48.2635,0.4793,9.4998,0.0000,36.3844,3.3295,2.0435,0.0000,0.0000,0.0000,0.0000,0.0000,0.0000,0.0000,0.0000,0.0000,0.0000,0.0000,-6.820,-5.413,1.300,0.153,0.649,0.075874,0.089021,0.757834,0.070236,0.007035
1193,808.00,0.000,-14.317,0.7169,4.6908,0.0000,48.2685,0.4781,9.4901,0.0000,36.3984,3.3230,2.0419,0.0000,0.0000,0.0000,0.0000,0.0000,0.0000,0.0000,0.0000,0.0000,0.0000,0.0000,-6.825,-5.419,1.301,0.153,0.650,0.075814,0.088931,0.758137,0.070102,0.007016
1194,807.00,0.000,-14.338,0.7175,4.6909,0.0000,48.2736,0.4768,9.4804,0.0000,36.4123,3.3167,2.0403,0.0000,0.0000,0.0000,0.0000,0.0000,0.0000,0.0000,0.0000,0.0000,0.0000,0.0000,-6.830,-5.424,1.301,0.153,0.650,0.075755,0.088842,0.758437,0.069969,0.006998
1195,806.00,0.000,-14.359,0.7182,4.6910,0.0000,48.2786,0.4755,9.4708,0.0000,36.4261,3.3104,2.0387,0.0000,0.0000,0.0000,0.0000,0.0000,0.0000,0.0000,0.0000,0.0000,0.0000,0.0000,-6.834,-5.429,1.302,0.153,0.651,0.075697,0.088753,0.758734,0.069836,0.006979
1196,805.00,0.000,-14.380,0.7188,4.6911,0.0000,48.2837,0.4742,9.4612,0.0000,36.4397,3.3041,2.0371,0.0000,0.0000,0.0000,0.0000,0.0000,0.0000,0.0000,0.0000,0.0000,0.0000,0.0000,-6.839,-5.434,1.302,0.153,0.651,0.075641,0.088665,0.759029,0.069705,0.006960
1197,804.00,0.000,-14.401,0.7194,4.6912,0.0000,48.2887,0.4729,9.4516,0.0000,36.4532,3.2979,2.0356,0.0000,0.0000,0.0000,0.0000,0.0000,0.0000,0.0000,0.0000,0.0000,0.0000,0.0000,-6.843,-5.440,1.303,0.153,0.652,0.075587,0.088576,0.759321,0.069575,0.006941
1198,803.00,0.000,-14.422,0.7200,4.6913,0.0000,48.2938,0.4716,9.4421,0.0000,36.4666,3.2917,2.0342,0.0000,0.0000,0.0000,0.0000,0.0000,0.0000,0.0000,0.0000,0.0000,0.0000,0.0000,-6.847,-5.445,1.303,0.153,0.652,0.075534,0.088488,0.759610,0.069445,0.006923
1199,802.00,0.000,-14.444,0.7206,4.6914,0.0000,48.2988,0.4703,9.4326,0.0000,36.4799,3.2856,2.0328,0.0000,0.0000,0.0000,0.0000,0.0000,0.0000,0.0000,0.0000,0.0000,0.0000,0.0000,-6.852,-5.450,1.304,0.154,0.653,0.075482,0.088401,0.759897,0.069317,0.006904
1200,801.00,0.000,-14.465,0.7212,4.6915,0.0000,48.3039,0.4690,9.4232,0.0000,36.4930,3.2795,2.0314,0.0000,0.0000,0.0000,0.0000,0.0000,0.0000,0.0000,0.0000,0.0000,0.0000,0.0000,-6.856,-5.455,1.304,0.154,0.653,0.075432,0.088313,0.760180,0.069189,0.006885
1201,800.00,0.000,-14.486,0.7218,4.6916,0.0000,48.3089,0.4677,9.4138,0.0000,36.5061,3.2734,2.0301,0.0000,0.0000,0.0000,0.0000,0.0000,0.0000,0.0000,0.0000,0.0000,0.0000,0.0000,-6.860,-5.460,1.305,0.154,0.653,0.075383,0.088226,0.760462,0.069063,0.006866
1202,799.00,0.000,-14.507,0.7224,4.6917,0.0000,48.3140,0.4664,9.4044,0.0000,36.5190,3.2674,2.0288,0.0000,0.0000,0.0000,0.0000,0.0000,0.0000,0.0000,0.0000,0.0000,0.0000,0.0000,-6.864,-5.465,1.305,0.154,0.654,0.075336,0.088139,0.760740,0.068938,0.006847
1203,798.00,0.000,-14.528,0.7230,4.6918,0.0000,48.3190,0.4651,9.3951,0.0000,36.5318,3.2615,2.0275,0.0000,0.0000,0.0000,0.0000,0.0000,0.0000,0.0000,0.0000,0.0000,0.0000,0.0000,-6.869,-5.470,1.305,0.154,0.654,0.075291,0.088053,0.761016,0.068813,0.006828
1204,797.00,0.000,-14.550,0.7236,4.6919,0.0000,48.3241,0.4638,9.3858,0.0000,36.5445,3.2556,2.0263,0.0000,0.0000,0.0000,0.0000,0.0000,0.0000,0.0000,0.0000,0.0000,0.0000,0.0000,-6.873,-5.475,1.306,0.154,0.655,0.075246,0.087967,0.761289,0.068689,0.006808
1205,796.00,0.000,-14.571,0.7241,4.6920,0.0000,48.3291,0.4625,9.3765,0.0000,36.5570,3.2498,2.0251,0.0000,0.0000,0.0000,0.0000,0.0000,0.0000,0.0000,0.0000,0.0000,0.0000,0.0000,-6.877,-5.480,1.306,0.154,0.655,0.075203,0.087881,0.761560,0.068567,0.006789
1206,795.00,0.000,-14.593,0.7247,4.6921,0.0000,48.3341,0.4612,9.3673,0.0000,36.5695,3.2440,2.0240,0.0000,0.0000,0.0000,0.0000,0.0000,0.0000,0.0000,0.0000,0.0000,0.0000,0.0000,-6.881,-5.485,1.306,0.154,0.656,0.075161,0.087796,0.761828,0.068445,0.006770
1207,794.00,0.000,-14.614,0.7253,4.6922,0.0000,48.3392,0.4599,9.3581,0.0000,36.5818,3.2382,2.0229,0.0000,0.0000,0.0000,0.0000,0.0000,0.0000,0.0000,0.0000,0.0000,0.0000,0.0000,-6.885,-5.490,1.307,0.155,0.656,0.075121,0.087711,0.762094,0.068324,0.006750
1208,793.00,0.000,-14.635,0.7258,4.6923,0.0000,48.3442,0.4585,9.3489,0.0000,36.5941,3.2325,2.0218,0.0000,0.0000,0.0000,0.0000,0.0000,0.0000,0.0000,0.0000,0.0000,0.0000,0.0000,-6.888,-5.495,1.307,0.155,0.656,0.075082,0.087626,0.762357,0.068204,0.006731
1209,792.00,0.000,-14.657,0.7264,4.6924,0.0000,48.3492,0.4572,9.3398,0.0000,36.6062,3.2268,2.0207,0.0000,0.0000,0.0000,0.0000,0.0000,0.0000,0.0000,0.0000,0.0000,0.0000,0.0000,-6.892,-5.500,1.307,0.155,0.657,0.075044,0.087541,0.762618,0.068086,0.006712
1210,791.00,0.000,-14.679,0.7269,4.6925,0.0000,48.3543,0.4559,9.3308,0.0000,36.6182,3.2212,2.0197,0.0000,0.0000,0.0000,0.0000,0.0000,0.0000,0.0000,0.0000,0.0000,0.0000,0.0000,-6.896,-5.504,1.308,0.155,0.657,0.075007,0.087457,0.762876,0.067968,0.006692
1211,790.00,0.000,-14.700,0.7275,4.6926,0.0000,48.3593,0.4545,9.3217,0.0000,36.6301,3.2156,2.0187,0.0000,0.0000,0.0000,0.0000,0.0000,0.0000,0.0000,0.0000,0.0000,0.0000,0.0000,-6.900,-5.509,1.308,0.155,0.657,0.074972,0.087373,0.763132,0.067851,0.006673
1212,789.00,0.000,-14.722,0.7280,4.6927,0.0000,48.3643,0.4532,9.3127,0.0000,36.6419,3.2101,2.0178,0.0000,0.0000,0.0000,0.0000,0.0000,0.0000,0.0000,0.0000,0.0000,0.0000,0.0000,-6.903,-5.514,1.308,0.155,0.658,0.074937,0.087290,0.763385,0.067735,0.006653
1213,788.00,0.000,-14.744,0.7285,4.6928,0.0000,48.3693,0.4518,9.3038,0.0000,36.6536,3.2046,2.0169,0.0000,0.0000,0.0000,0.0000,0.0000,0.0000,0.0000,0.0000,0.0000,0.0000,0.0000,-6.907,-5.518,1.309,0.155,0.658,0.074904,0.087207,0.763637,0.067619,0.006633
1214,787.00,0.000,-14.765,0.7291,4.6929,0.0000,48.3743,0.4505,9.2949,0.0000,36.6652,3.1991,2.0160,0.0000,0.0000,0.0000,0.0000,0.0000,0.0000,0.0000,0.0000,0.0000,0.0000,0.0000,-6.911,-5.523,1.309,0.155,0.659,0.074872,0.087124,0.763885,0.067505,0.006614
1215,786.00,0.000,-14.787,0.7296,4.6930,0.0000,48.3793,0.4492,9.2860,0.0000,36.6767,3.1937,2.0151,0.0000,0.0000,0.0000,0.0000,0.0000,0.0000,0.0000,0.0000,0.0000,0.0000,0.0000,-6.914,-5.528,1.309,0.155,0.659,0.074841,0.087042,0.764132,0.067392,0.006594
1216,785.00,0.000,-14.809,0.7301,4.6931,0.0000,48.3843,0.4478,9.2771,0.0000,36.6881,3.1884,2.0143,0.0000,0.0000,0.0000,0.0000,0.0000,0.0000,0.0000,0.0000,0.0000,0.0000,0.0000,-6.918,-5.532,1.310,0.156,0.659,0.074811,0.086960,0.764376,0.067279,0.006574
1217,784.00,0.000,-14.831,0.7306,4.6931,0.0000,48.3893,0.4465,9.2683,0.0000,36.6994,3.1831,2.0135,0.0000,0.0000,0.0000,0.0000,0.0000,0.0000,0.0000,0.0000,0.0000,0.0000,0.0000,-6.921,-5.537,1.310,0.156,0.660,0.074781,0.086878,0.764619,0.067168,0.006554
1218,783.00,0.000,-14.853,0.7311,4.6932,0.0000,48.3943,0.4451,9.2595,0.0000,36.7106,3.1778,2.0127,0.0000,0.0000,0.0000,0.0000,0.0000,0.0000,0.0000,0.0000,0.0000,0.0000,0.0000,-6.925,-5.541,1.310,0.156,0.660,0.074753,0.086796,0.764859,0.067057,0.006535
1219,782.00,0.000,-14.874,0.7316,4.6933,0.0000,48.3992,0.4438,9.2508,0.0000,36.7217,3.1726,2.0120,0.0000,0.0000,0.0000,0.0000,0.0000,0.0000,0.0000,0.0000,0.0000,0.0000,0.0000,-6.928,-5.545,1.310,0.156,0.660,0.074726,0.086715,0.765097,0.066947,0.006515
1220,781.00,0.000,-14.896,0.7321,4.6934,0.0000,48.4042,0.4424,9.2421,0.0000,36.7327,3.1674,2.0113,0.0000,0.0000,0.0000,0.0000,0.0000,0.0000,0.0000,0.0000,0.0000,0.0000,0.0000,-6.931,-5.550,1.310,0.156,0.661,0.074700,0.086634,0.765332,0.066838,0.006495
1221,780.00,0.000,-14.918,0.7326,4.6935,0.0000,48.4091,0.4410,9.2335,0.0000,36.7436,3.1622,2.0106,0.0000,0.0000,0.0000,0.0000,0.0000,0.0000,0.0000,0.0000,0.0000,0.0000,0.0000,-6.934,-5.554,1.311,0.156,0.661,0.074675,0.086554,0.765566,0.066730,0.006475
1222,779.00,0.000,-14.941,0.7331,4.6936,0.0000,48.4141,0.4397,9.2249,0.0000,36.7544,3.1571,2.0099,0.0000,0.0000,0.0000,0.0000,0.0000,0.0000,0.0000,0.0000,0.0000,0.0000,0.0000,-6.938,-5.558,1.311,0.156,0.661,0.074650,0.086474,0.765798,0.066623,0.006455
1223,778.00,0.000,-14.963,0.7335,4.6937,0.0000,48.4190,0.4383,9.2163,0.0000,36.7651,3.1520,2.0092,0.0000,0.0000,0.0000,0.0000,0.0000,0.0000,0.0000,0.0000,0.0000,0.0000,0.0000,-6.941,-5.563,1.311,0.156,0.662,0.074626,0.086394,0.766028,0.066517,0.006435
1224,777.00,0.000,-14.985,0.7340,4.6938,0.0000,48.4239,0.4370,9.2077,0.0000,36.7757,3.1470,2.0086,0.0000,0.0000,0.0000,0.0000,0.0000,0.0000,0.0000,0.0000,0.0000,0.0000,0.0000,-6.944,-5.567,1.311,0.156,0.662,0.074604,0.086315,0.766255,0.066411,0.006415
1225,776.00,0.000,-15.007,0.7345,4.6939,0.0000,48.4288,0.4356,9.1992,0.0000,36.7863,3.1420,2.0080,0.0000,0.0000,0.0000,0.0000,0.0000,0.0000,0.0000,0.0000,0.0000,0.0000,0.0000,-6.947,-5.571,1.311,0.156,0.662,0.074581,0.086236,0.766481,0.066307,0.006395
1226,775.00,0.000,-15.029,0.7349,4.6940,0.0000,48.4337,0.4342,9.1908,0.0000,36.7968,3.1371,2.0074,0.0000,0.0000,0.0000,0.0000,0.0000,0.0000,0.0000,0.0000,0.0000,0.0000,0.0000,-6.950,-5.575,1.312,0.157,0.663,0.074560,0.086157,0.766704,0.066203,0.006375
1227,774.00,0.000,-15.051,0.7354,4.6941,0.0000,48.4386,0.4329,9.1823,0.0000,36.8071,3.1322,2.0068,0.0000,0.0000,0.0000,0.0000,0.0000,0.0000,0.0000,0.0000,0.0000,0.0000,0.0000,-6.953,-5.580,1.312,0.157,0.663,0.074540,0.086079,0.766927,0.066100,0.006355
1228,773.00,0.000,-15.074,0.7359,4.6941,0.0000,48.4435,0.4315,9.1739,0.0000,36.8174,3.1273,2.0063,0.0000,0.0000,0.0000,0.0000,0.0000,0.0000,0.0000,0.0000,0.0000,0.0000,0.0000,-6.956,-5.584,1.312,0.157,0.663,0.074520,0.086001,0.767146,0.065998,0.006335
1229,772.00,0.000,-15.096,0.7363,4.6942,0.0000,48.4484,0.4301,9.1656,0.0000,36.8276,3.1225,2.0058,0.0000,0.0000,0.0000,0.0000,0.0000,0.0000,0.0000,0.0000,0.0000,0.0000,0.0000,-6.959,-5.588,1.312,0.157,0.664,0.074501,0.085923,0.767365,0.065896,0.006315
1230,771.00,0.000,-15.119,0.7368,4.6943,0.0000,48.4532,0.4288,9.1573,0.0000,36.8378,3.1177,2.0053,0.0000,0.0000,0.0000,0.0000,0.0000,0.0000,0.0000,0.0000,0.0000,0.0000,0.0000,-6.962,-5.592,1.312,0.157,0.664,0.074482,0.085846,0.767581,0.065796,0.006295
1231,770.00,0.000,-15.141,0.7372,4.6944,0.0000,48.4581,0.4274,9.1490,0.0000,36.8478,3.1130,2.0048,0.0000,0.0000,0.0000,0.0000,0.0000,0.0000,0.0000,0.0000,0.0000,0.0000,0.0000,-6.965,-5.596,1.312,0.157,0.664,0.074464,0.085769,0.767795,0.065696,0.006275
1232,769.00,0.000,-15.163,0.7376,4.6945,0.0000,48.4629,0.4260,9.1408,0.0000,36.8578,3.1083,2.0043,0.0000,0.0000,0.0000,0.0000,0.0000,0.0000,0.0000,0.0000,0.0000,0.0000,0.0000,-6.967,-5.600,1.312,0.157,0.665,0.074447,0.085692,0.768008,0.065597,0.006255
1233,768.00,0.000,-15.186,0.7381,4.6946,0.0000,48.4677,0.4247,9.1326,0.0000,36.8676,3.1036,2.0038,0.0000,0.0000,0.0000,0.0000,0.0000,0.0000,0.0000,0.0000,0.0000,0.0000,0.0000,-6.970,-5.604,1.312,0.157,0.665,0.074431,0.085616,0.768219,0.065499,0.006235
1234,767.00,0.000,-15.209,0.7385,4.6947,0.0000,48.4725,0.4233,9.1244,0.0000,36.8775,3.0990,2.0034,0.0000,0.0000,0.0000,0.0000,0.0000,0.0000,0.0000,0.0000,0.0000,0.0000,0.0000,-6.973,-5.608,1.312,0.157,0.665,0.074415,0.085540,0.768429,0.065402,0.006215
1235,766.00,0.000,-15.231,0.7389,4.6948,0.0000,48.4773,0.4220,9.1163,0.0000,36.8872,3.0944,2.0029,0.0000,0.0000,0.0000,0.0000,0.0000,0.0000,0.0000,0.0000,0.0000,0.0000,0.0000,-6.975,-5.612,1.312,0.157,0.665,0.074399,0.085464,0.768636,0.065305,0.006196
1236,765.00,0.000,-15.254,0.7393,4.6949,0.0000,48.4821,0.4206,9.1082,0.0000,36.8968,3.0898,2.0025,0.0000,0.0000,0.0000,0.0000,0.0000,0.0000,0.0000,0.0000,0.0000,0.0000,0.0000,-6.978,-5.615,1.313,0.157,0.666,0.074384,0.085389,0.768842,0.065209,0.006176
1237,764.00,0.000,-15.277,0.7397,4.6950,0.0000,48.4868,0.4192,9.1001,0.0000,36.9064,3.0853,2.0021,0.0000,0.0000,0.0000,0.0000,0.0000,0.0000,0.0000,0.0000,0.0000,0.0000,0.0000,-6.981,-5.619,1.313,0.158,0.666,0.074370,0.085314,0.769047,0.065114,0.006156
1238,763.00,0.000,-15.299,0.7402,4.6950,0.0000,48.4916,0.4179,9.0921,0.0000,36.9159,3.0808,2.0018,0.0000,0.0000,0.0000,0.0000,0.0000,0.0000,0.0000,0.0000,0.0000,0.0000,0.0000,-6.983,-5.623,1.313,0.158,0.666,0.074356,0.085239,0.769250,0.065020,0.006136
1239,762.00,0.000,-15.322,0.7406,4.6951,0.0000,48.4963,0.4165,9.0841,0.0000,36.9253,3.0763,2.0014,0.0000,0.0000,0.0000,0.0000,0.0000,0.0000,0.0000,0.0000,0.0000,0.0000,0.0000,-6.986,-5.627,1.313,0.158,0.667,0.074343,0.085165,0.769451,0.064926,0.006116
1240,761.00,0.000,-15.345,0.7410,4.6952,0.0000,48.5011,0.4151,9.0762,0.0000,36.9347,3.0719,2.0010,0.0000,0.0000,0.0000,0.0000,0.0000,0.0000,0.0000,0.0000,0.0000,0.0000,0.0000,-6.988,-5.631,1.313,0.158,0.667,0.074330,0.085091,0.769650,0.064834,0.006096
1241,760.00,0.000,-15.368,0.7414,4.6953,0.0000,48.5058,0.4138,9.0682,0.0000,36.9440,3.0675,2.0007,0.0000,0.0000,0.0000,0.0000,0.0000,0.0000,0.0000,0.0000,0.0000,0.0000,0.0000,-6.991,-5.634,1.313,0.158,0.667,0.074317,0.085017,0.769848,0.064741,0.006076
1242,759.00,0.000,-15.391,0.7418,4.6954,0.0000,48.5105,0.4124,9.0604,0.0000,36.9532,3.0632,2.0003,0.0000,0.0000,0.0000,0.0000,0.0000,0.0000,0.0000,0.0000,0.0000,0.0000,0.0000,-6.993,-5.638,1.313,0.158,0.667,0.074305,0.084944,0.770045,0.064650,0.006056
1243,758.00,0.000,-15.414,0.7421,4.6955,0.0000,48.5151,0.4111,9.0525,0.0000,36.9623,3.0589,2.0000,0.0000,0.0000,0.0000,0.0000,0.0000,0.0000,0.0000,0.0000,0.0000,0.0000,0.0000,-6.995,-5.642,1.313,0.158,0.668,0.074294,0.084871,0.770240,0.064560,0.006036
1244,757.00,0.000,-15.437,0.7425,4.6956,0.0000,48.5198,0.4097,9.0447,0.0000,36.9714,3.0546,1.9997,0.0000,0.0000,0.0000,0.0000,0.0000,0.0000,0.0000,0.0000,0.0000,0.0000,0.0000,-6.998,-5.645,1.313,0.158,0.668,0.074283,0.084798,0.770434,0.064470,0.006016
1245,756.00,0.000,-15.460,0.7429,4.6957,0.0000,48.5245,0.4084,9.0370,0.0000,36.9804,3.0504,1.9994,0.0000,0.0000,0.0000,0.0000,0.0000,0.0000,0.0000,0.0000,0.0000,0.0000,0.0000,-7.000,-5.649,1.313,0.158,0.668,0.074272,0.084726,0.770625,0.064381,0.005996
1246,755.00,0.000,-15.483,0.7433,4.6958,0.0000,48.5291,0.4070,9.0292,0.0000,36.9894,3.0462,1.9991,0.0000,0.0000,0.0000,0.0000,0.0000,0.0000,0.0000,0.0000,0.0000,0.0000,0.0000,-7.002,-5.652,1.313,0.158,0.668,0.074262,0.084653,0.770816,0.064292,0.005976
1247,754.00,0.000,-15.506,0.7437,4.6959,0.0000,48.5337,0.4057,9.0215,0.0000,36.9983,3.0420,1.9988,0.0000,0.0000,0.0000,0.0000,0.0000,0.0000,0.0000,0.0000,0.0000,0.0000,0.0000,-7.004,-5.656,1.313,0.158,0.669,0.074252,0.084582,0.771006,0.064204,0.005957
1248,753.00,0.000,-15.529,0.7440,4.6960,0.0000,48.5383,0.4043,9.0138,0.0000,37.0071,3.0378,1.9986,0.0000,0.0000,0.0000,0.0000,0.0000,0.0000,0.0000,0.0000,0.0000,0.0000,0.0000,-7.006,-5.659,1.313,0.158,0.669,0.074242,0.084510,0.771194,0.064117,0.005937
1249,752.00,0.000,-15.552,0.7444,4.6960,0.0000,48.5429,0.4030,9.0062,0.0000,37.0159,3.0337,1.9983,0.0000,0.0000,0.0000,0.0000,0.0000,0.0000,0.0000,0.0000,0.0000,0.0000,0.0000,-7.009,-5.663,1.313,0.159,0.669,0.074233,0.084439,0.771380,0.064031,0.005917
1250,751.00,0.000,-15.576,0.7448,4.6961,0.0000,48.5475,0.4016,8.9986,0.0000,37.0245,3.0297,1.9981,0.0000,0.0000,0.0000,0.0000,0.0000,0.0000,0.0000,0.0000,0.0000,0.0000,0.0000,-7.011,-5.666,1.313,0.159,0.669,0.074224,0.084368,0.771565,0.063945,0.005897
1251,750.00,0.000,-15.599,0.7451,4.6962,0.0000,48.5521,0.4003,8.9910,0.0000,37.0332,3.0256,1.9978,0.0000,0.0000,0.0000,0.0000,0.0000,0.0000,0.0000,0.0000,0.0000,0.0000,0.0000,-7.013,-5.670,1.313,0.159,0.670,0.074216,0.084298,0.771749,0.063860,0.005878
1252,749.00,0.000,-15.622,0.7455,4.6963,0.0000,48.5566,0.3989,8.9835,0.0000,37.0418,3.0216,1.9976,0.0000,0.0000,0.0000,0.0000,0.0000,0.0000,0.0000,0.0000,0.0000,0.0000,0.0000,-7.015,-5.673,1.312,0.159,0.670,0.074207,0.084227,0.771932,0.063776,0.005858
1253,748.00,0.000,-15.646,0.7458,4.6964,0.0000,48.5612,0.3976,8.9760,0.0000,37.0503,3.0176,1.9974,0.0000,0.0000,0.0000,0.0000,0.0000,0.0000,0.0000,0.0000,0.0000,0.0000,0.0000,-7.017,-5.677,1.312,0.159,0.670,0.074200,0.084157,0.772113,0.063692,0.005838
1254,747.00,0.000,-15.669,0.7462,4.6965,0.0000,48.5657,0.3963,8.9685,0.0000,37.0587,3.0137,1.9972,0.0000,0.0000,0.0000,0.0000,0.0000,0.0000,0.0000,0.0000,0.0000,0.0000,0.0000,-7.019,-5.680,1.312,0.159,0.670,0.074192,0.084088,0.772293,0.063609,0.005819
1255,746.00,0.000,-15.693,0.7465,4.6966,0.0000,48.5702,0.3949,8.9611,0.0000,37.0671,3.0097,1.9970,0.0000,0.0000,0.0000,0.0000,0.0000,0.0000,0.0000,0.0000,0.0000,0.0000,0.0000,-7.021,-5.683,1.312,0.159,0.670,0.074185,0.084019,0.772471,0.063526,0.005799
1256,745.00,0.000,-15.716,0.7469,4.6967,0.0000,48.5747,0.3936,8.9537,0.0000,37.0754,3.0059,1.9968,0.0000,0.0000,0.0000,0.0000,0.0000,0.0000,0.0000,0.0000,0.0000,0.0000,0.0000,-7.022,-5.686,1.312,0.159,0.671,0.074177,0.083950,0.772649,0.063444,0.005780
1257,744.00,0.000,-15.740,0.7472,4.6968,0.0000,48.5792,0.3923,8.9463,0.0000,37.0837,3.0020,1.9966,0.0000,0.0000,0.0000,0.0000,0.0000,0.0000,0.0000,0.0000,0.0000,0.0000,0.0000,-7.024,-5.690,1.312,0.159,0.671,0.074171,0.083881,0.772825,0.063363,0.005760
1258,743.00,0.000,-15.764,0.7475,4.6969,0.0000,48.5836,0.3909,8.9390,0.0000,37.0919,2.9982,1.9964,0.0000,0.0000,0.0000,0.0000,0.0000,0.0000,0.0000,0.0000,0.0000,0.0000,0.0000,-7.026,-5.693,1.312,0.159,0.671,0.074164,0.083812,0.773000,0.063283,0.005741
1259,742.00,0.000,-15.787,0.7479,4.6970,0.0000,48.5881,0.3896,8.9317,0.0000,37.1001,2.9944,1.9962,0.0000,0.0000,0.0000,0.0000,0.0000,0.0000,0.0000,0.0000,0.0000,0.0000,0.0000,-7.028,-5.696,1.312,0.159,0.671,0.074158,0.083744,0.773174,0.063203,0.005721
1260,741.00,0.000,-15.811,0.7482,4.6971,0.0000,48.5925,0.3883,8.9244,0.0000,37.1082,2.9906,1.9960,0.0000,0.0000,0.0000,0.0000,0.0000,0.0000,0.0000,0.0000,0.0000,0.0000,0.0000,-7.030,-5.699,1.312,0.159,0.671,0.074152,0.083676,0.773346,0.063123,0.005702
1261,740.00,0.000,-15.835,0.7485,4.6971,0.0000,48.5969,0.3870,8.9171,0.0000,37.1163,2.9868,1.9959,0.0000,0.0000,0.0000,0.0000,0.0000,0.0000,0.0000,0.0000,0.0000,0.0000,0.0000,-7.031,-5.703,1.312,0.159,0.672,0.074146,0.083609,0.773518,0.063045,0.005683
1262,739.00,0.000,-15.859,0.7488,4.6972,0.0000,48.6013,0.3857,8.9099,0.0000,37.1243,2.9831,1.9957,0.0000,0.0000,0.0000,0.0000,0.0000,0.0000,0.0000,0.0000,0.0000,0.0000,0.0000,-7.033,-5.706,1.311,0.159,0.672,0.074140,0.083541,0.773688,0.062966,0.005663
1263,738.00,0.000,-15.882,0.7491,4.6973,0.0000,48.6057,0.3843,8.9027,0.0000,37.1322,2.9794,1.9955,0.0000,0.0000,0.0000,0.0000,0.0000,0.0000,0.0000,0.0000,0.0000,0.0000,0.0000,-7.035,-5.709,1.311,0.159,0.672,0.074135,0.083475,0.773857,0.062889,0.005644
1264,737.00,0.000,-15.906,0.7495,4.6974,0.0000,48.6101,0.3830,8.8956,0.0000,37.1401,2.9758,1.9954,0.0000,0.0000,0.0000,0.0000,0.0000,0.0000,0.0000,0.0000,0.0000,0.0000,0.0000,-7.036,-5.712,1.311,0.160,0.672,0.074130,0.083408,0.774026,0.062812,0.005625
1265,736.00,0.000,-15.930,0.7498,4.6975,0.0000,48.6144,0.3817,8.8884,0.0000,37.1480,2.9721,1.9953,0.0000,0.0000,0.0000,0.0000,0.0000,0.0000,0.0000,0.0000,0.0000,0.0000,0.0000,-7.038,-5.715,1.311,0.160,0.672,0.074125,0.083341,0.774193,0.062736,0.005606
1266,735.00,0.000,-15.954,0.7501,4.6976,0.0000,48.6188,0.3804,8.8813,0.0000,37.1558,2.9685,1.9951,0.0000,0.0000,0.0000,0.0000,0.0000,0.0000,0.0000,0.0000,0.0000,0.0000,0.0000,-7.040,-5.718,1.311,0.160,0.673,0.074120,0.083275,0.774358,0.062660,0.005587
1267,734.00,0.000,-15.978,0.7504,4.6977,0.0000,48.6231,0.3791,8.8743,0.0000,37.1635,2.9650,1.9950,0.0000,0.0000,0.0000,0.0000,0.0000,0.0000,0.0000,0.0000,0.0000,0.0000,0.0000,-7.041,-5.721,1.311,0.160,0.673,0.074116,0.083209,0.774523,0.062584,0.005567
1268,733.00,0.000,-16.003,0.7507,4.6978,0.0000,48.6274,0.3778,8.8672,0.0000,37.1712,2.9614,1.9949,0.0000,0.0000,0.0000,0.0000,0.0000,0.0000,0.0000,0.0000,0.0000,0.0000,0.0000,-7.043,-5.724,1.310,0.160,0.673,0.074111,0.083144,0.774687,0.062510,0.005548
1269,732.00,0.000,-16.027,0.7510,4.6979,0.0000,48.6317,0.3765,8.8602,0.0000,37.1789,2.9579,1.9947,0.0000,0.0000,0.0000,0.0000,0.0000,0.0000,0.0000,0.0000,0.0000,0.0000,0.0000,-7.044,-5.727,1.310,0.160,0.673,0.074107,0.083078,0.774850,0.062436,0.005529
1270,731.00,0.000,-16.051,0.7513,4.6980,0.0000,48.6360,0.3752,8.8532,0.0000,37.1865,2.9544,1.9946,0.0000,0.0000,0.0000,0.0000,0.0000,0.0000,0.0000,0.0000,0.0000,0.0000,0.0000,-7.046,-5.730,1.310,0.160,0.673,0.074103,0.083013,0.775011,0.062362,0.005511
1271,730.00,0.000,-16.075,0.7516,4.6981,0.0000,48.6403,0.3739,8.8463,0.0000,37.1941,2.9509,1.9945,0.0000,0.0000,0.0000,0.0000,0.0000,0.0000,0.0000,0.0000,0.0000,0.0000,0.0000,-7.047,-5.733,1.310,0.160,0.673,0.074099,0.082948,0.775172,0.062289,0.005492
1272,729.00,0.000,-16.100,0.7519,4.6982,0.0000,48.6445,0.3727,8.8394,0.0000,37.2016,2.9475,1.9944,0.0000,0.0000,0.0000,0.0000,0.0000,0.0000,0.0000,0.0000,0.0000,0.0000,0.0000,-7.048,-5.736,1.310,0.160,0.674,0.074095,0.082884,0.775332,0.062216,0.005473
1273,728.00,0.000,-16.124,0.7521,4.6983,0.0000,48.6488,0.3714,8.8325,0.0000,37.2090,2.9440,1.9943,0.0000,0.0000,0.0000,0.0000,0.0000,0.0000,0.0000,0.0000,0.0000,0.0000,0.0000,-7.050,-5.739,1.310,0.160,0.674,0.074092,0.082819,0.775490,0.062144,0.005454
1274,727.00,0.000,-16.148,0.7524,4.6984,0.0000,48.6530,0.3701,8.8256,0.0000,37.2165,2.9406,1.9942,0.0000,0.0000,0.0000,0.0000,0.0000,0.0000,0.0000,0.0000,0.0000,0.0000,0.0000,-7.051,-5.742,1.309,0.160,0.674,0.074088,0.082755,0.775648,0.062073,0.005435
1275,726.00,0.000,-16.173,0.7527,4.6985,0.0000,48.6572,0.3688,8.8187,0.0000,37.2238,2.9373,1.9941,0.0000,0.0000,0.0000,0.0000,0.0000,0.0000,0.0000,0.0000,0.0000,0.0000,0.0000,-7.053,-5.745,1.309,0.160,0.674,0.074085,0.082691,0.775805,0.062002,0.005416
1276,725.00,0.000,-16.197,0.7530,4.6986,0.0000,48.6614,0.3675,8.8119,0.0000,37.2312,2.9339,1.9940,0.0000,0.0000,0.0000,0.0000,0.0000,0.0000,0.0000,0.0000,0.0000,0.0000,0.0000,-7.054,-5.747,1.309,0.160,0.674,0.074082,0.082628,0.775961,0.061931,0.005398
1277,724.00,0.000,-16.222,0.7533,4.6986,0.0000,48.6656,0.3663,8.8051,0.0000,37.2385,2.9306,1.9939,0.0000,0.0000,0.0000,0.0000,0.0000,0.0000,0.0000,0.0000,0.0000,0.0000,0.0000,-7.055,-5.750,1.309,0.160,0.674,0.074079,0.082564,0.776116,0.061862,0.005379
1278,723.00,0.000,-16.246,0.7535,4.6987,0.0000,48.6698,0.3650,8.7984,0.0000,37.2457,2.9273,1.9938,0.0000,0.0000,0.0000,0.0000,0.0000,0.0000,0.0000,0.0000,0.0000,0.0000,0.0000,-7.056,-5.753,1.308,0.160,0.675,0.074076,0.082501,0.776270,0.061792,0.005361
1279,722.00,0.000,-16.271,0.7538,4.6988,0.0000,48.6739,0.3638,8.7916,0.0000,37.2529,2.9240,1.9938,0.0000,0.0000,0.0000,0.0000,0.0000,0.0000,0.0000,0.0000,0.0000,0.0000,0.0000,-7.058,-5.756,1.308,0.160,0.675,0.074074,0.082438,0.776423,0.061723,0.005342
1280,721.00,0.000,-16.296,0.7541,4.6989,0.0000,48.6781,0.3625,8.7849,0.0000,37.2601,2.9208,1.9937,0.0000,0.0000,0.0000,0.0000,0.0000,0.0000,0.0000,0.0000,0.0000,0.0000,0.0000,-7.059,-5.759,1.308,0.160,0.675,0.074071,0.082376,0.776575,0.061654,0.005324
1281,720.00,0.000,-16.321,0.7543,4.6990,0.0000,48.6822,0.3612,8.7782,0.0000,37.2672,2.9175,1.9936,0.0000,0.0000,0.0000,0.0000,0.0000,0.0000,0.0000,0.0000,0.0000,0.0000,0.0000,-7.060,-5.761,1.308,0.161,0.675,0.074069,0.082313,0.776727,0.061586,0.005305
1282,719.00,0.000,-16.345,0.7546,4.6991,0.0000,48.6863,0.3600,8.7715,0.0000,37.2743,2.9143,1.9935,0.0000,0.0000,0.0000,0.0000,0.0000,0.0000,0.0000,0.0000,0.0000,0.0000,0.0000,-7.061,-5.764,1.307,0.161,0.675,0.074066,0.082251,0.776877,0.061519,0.005287
1283,718.00,0.000,-16.370,0.7601,4.6982,0.0000,48.7575,0.3500,8.6441,0.0000,37.4010,2.8557,1.9917,0.0000,0.0000,0.0000,0.0000,0.0000,0.0000,0.0000,0.0000,0.0000,0.0000,0.0000,-7.112,-5.808,1.316,0.162,0.680,0.073997,0.081056,0.779525,0.060282,0.005140
1284,717.00,0.000,-16.395,0.7602,4.6984,0.0000,48.7589,0.3500,8.6413,0.0000,37.4039,2.8542,1.9916,0.0000,0.0000,0.0000,0.0000,0.0000,0.0000,0.0000,0.0000,0.0000,0.0000,0.0000,-7.112,-5.810,1.315,0.162,0.680,0.073996,0.081031,0.779583,0.060250,0.005141
1285,716.00,0.000,-16.420,0.7604,4.6985,0.0000,48.7610,0.3500,8.6374,0.0000,37.4079,2.8521,1.9916,0.0000,0.0000,0.0000,0.0000,0.0000,0.0000,0.0000,0.0000,0.0000,0.0000,0.0000,-7.113,-5.812,1.315,0.162,0.680,0.073994,0.080993,0.779666,0.060206,0.005140
1286,715.00,0.000,-16.445,0.7606,4.6986,0.0000,48.7634,0.3499,8.6329,0.0000,37.4124,2.8499,1.9915,0.0000,0.0000,0.0000,0.0000,0.0000,0.0000,0.0000,0.0000,0.0000,0.0000,0.0000,-7.114,-5.815,1.315,0.162,0.680,0.073992,0.080951,0.779759,0.060159,0.005139
1287,714.00,0.000,-16.470,0.7609,4.6987,0.0000,48.7659,0.3498,8.6280,0.0000,37.4173,2.8474,1.9915,0.0000,0.0000,0.0000,0.0000,0.0000,0.0000,0.0000,0.0000,0.0000,0.0000,0.0000,-7.115,-5.817,1.314,0.162,0.680,0.073989,0.080905,0.779860,0.060107,0.005138
1288,713.00,0.000,-16.495,0.7611,4.6988,0.0000,48.7688,0.3497,8.6227,0.0000,37.4226,2.8448,1.9914,0.0000,0.0000,0.0000,0.0000,0.0000,0.0000,0.0000,0.0000,0.0000,0.0000,0.0000,-7.116,-5.820,1.314,0.162,0.680,0.073987,0.080856,0.779970,0.060052,0.005136
1289,712.00,0.000,-16.520,0.7646,4.6984,0.0000,48.8090,0.3395,8.5556,0.0000,37.4919,2.8134,1.9906,0.0000,0.0000,0.0000,0.0000,0.0000,0.0000,0.0000,0.0000,0.0000,0.0000,0.0000,-7.147,-5.848,1.319,0.163,0.683,0.073960,0.080228,0.781436,0.059390,0.004986
1290,711.00,0.000,-16.546,0.7653,4.6984,0.0000,48.8159,0.3402,8.5415,0.0000,37.5052,2.8069,1.9904,0.0000,0.0000,0.0000,0.0000,0.0000,0.0000,0.0000,0.0000,0.0000,0.0000,0.0000,-7.153,-5.854,1.320,0.163,0.684,0.073950,0.080095,0.781706,0.059253,0.004996
1291,710.00,0.000,-16.571,0.7666,4.6983,0.0000,48.8282,0.3413,8.5164,0.0000,37.5287,2.7956,1.9899,0.0000,0.0000,0.0000,0.0000,0.0000,0.0000,0.0000,0.0000,0.0000,0.0000,0.0000,-7.164,-5.865,1.321,0.163,0.685,0.073930,0.079859,0.782186,0.059013,0.005012
1292,709.00,0.000,-16.596,0.7680,4.6982,0.0000,48.8422,0.3426,8.4878,0.0000,37.5556,2.7826,1.9892,0.0000,0.0000,0.0000,0.0000,0.0000,0.0000,0.0000,0.0000,0.0000,0.0000,0.0000,-7.176,-5.877,1.323,0.163,0.686,0.073906,0.079590,0.782735,0.058738,0.005031
1293,708.00,0.000,-16.622,0.7695,4.6981,0.0000,48.8567,0.3441,8.4581,0.0000,37.5835,2.7691,1.9885,0.0000,0.0000,0.0000,0.0000,0.0000,0.0000,0.0000,0.0000,0.0000,0.0000,0.0000,-7.190,-5.890,1.325,0.164,0.687,0.073879,0.079310,0.783305,0.058452,0.005054
1294,707.00,0.000,-16.647,0.7712,4.6980,0.0000,48.8716,0.3460,8.4270,0.0000,37.6127,2.7549,1.9877,0.0000,0.0000,0.0000,0.0000,0.0000,0.0000,0.0000,0.0000,0.0000,0.0000,0.0000,-7.204,-5.904,1.327,0.164,0.689,0.073848,0.079018,0.783902,0.058151,0.005081
1295,706.00,0.000,-16.672,0.7729,4.6978,0.0000,48.8869,0.3483,8.3947,0.0000,37.6432,2.7400,1.9868,0.0000,0.0000,0.0000,0.0000,0.0000,0.0000,0.0000,0.0000,0.0000,0.0000,0.0000,-7.220,-5.919,1.329,0.165,0.690,0.073812,0.078713,0.784524,0.057836,0.005115
1296,705.00,0.000,-16.698,0.7747,4.6977,0.0000,48.9020,0.3511,8.3623,0.0000,37.6739,2.7250,1.9857,0.0000,0.0000,0.0000,0.0000,0.0000,0.0000,0.0000,0.0000,0.0000,0.0000,0.0000,-7.236,-5.934,1.331,0.165,0.692,0.073770,0.078407,0.785149,0.057518,0.005156
1297,704.00,0.000,-16.724,0.7765,4.6975,0.0000,48.9164,0.3543,8.3307,0.0000,37.7039,2.7103,1.9845,0.0000,0.0000,0.0000,0.0000,0.0000,0.0000,0.0000,0.0000,0.0000,0.0000,0.0000,-7.252,-5.949,1.333,0.165,0.693,0.073722,0.078110,0.785759,0.057207,0.005202
1298,703.00,0.000,-16.749,0.7783,4.6974,0.0000,48.9297,0.3577,8.3006,0.0000,37.7328,2.6962,1.9830,0.0000,0.0000,0.0000,0.0000,0.0000,0.0000,0.0000,0.0000,0.0000,0.0000,0.0000,-7.267,-5.963,1.336,0.166,0.694,0.073668,0.077826,0.786346,0.056908,0.005252
1299,702.00,0.000,-16.775,0.7799,4.6973,0.0000,48.9421,0.3612,8.2722,0.0000,37.7603,2.6828,1.9814,0.0000,0.0000,0.0000,0.0000,0.0000,0.0000,0.0000,0.0000,0.0000,0.0000,0.0000,-7.282,-5.977,1.338,0.166,0.696,0.073607,0.077558,0.786906,0.056625,0.005304
1300,701.00,0.000,-16.801,0.7815,4.6972,0.0000,48.9533,0.3647,8.2457,0.0000,37.7863,2.6703,1.9796,0.0000,0.0000,0.0000,0.0000,0.0000,0.0000,0.0000,0.0000,0.0000,0.0000,0.0000,-7.296,-5.991,1.340,0.166,0.697,0.073539,0.077309,0.787437,0.056360,0.005356
1301,700.00,0.000,-16.826,0.7830,4.6971,0.0000,48.9635,0.3681,8.2212,0.0000,37.8109,2.6587,1.9776,0.0000,0.0000,0.0000,0.0000,0.0000,0.0000,0.0000,0.0000,0.0000,0.0000,0.0000,-7.309,-6.003,1.341,0.167,0.698,0.073463,0.077079,0.787940,0.056114,0.005405
