Index,T (C),P (kbars),log(10) f O2,mass (gm),rho (gm/cc),wt% SiO2,wt% TiO2,wt% Al2O3,wt% Fe2O3,wt% Cr2O3,wt% FeO,wt% MnO,wt% MgO,wt% NiO,wt% CoO,wt% CaO,wt% Na2O,wt% K2O,wt% P2O5,wt% H2O,wt% CO2,wt% SO3,wt% Cl2O-1,wt% F2O-1,G (kJ),H (kJ),S (J/K),V (cc),Cp (J/K),     chromite,    hercynite,    magnetite,       spinel,   ulvospinel
951,1050.00,0.000,-10.183,0.1639,4.7217,0.0000,13.5915,3.5690,40.5048,0.0000,38.6969,0.0000,3.6378,0.0000,0.0000,0.0000,0.0000,0.0000,0.0000,0.0000,0.0000,0.0000,0.0000,0.0000,-1.333,-0.887,0.337,0.035,0.151,0.000000,-0.120443,0.552894,0.196745,0.370804
952,1049.00,0.000,-10.197,0.2673,4.7236,0.0000,13.5733,3.5217,40.5804,0.0000,38.7148,0.0000,3.6098,0.0000,0.0000,0.0000,0.0000,0.0000,0.0000,0.0000,0.0000,0.0000,0.0000,0.0000,-2.170,-1.444,0.549,0.057,0.246,0.000000,-0.119998,0.554190,0.195324,0.370485
953,1048.00,0.000,-10.211,0.3676,4.7255,0.0000,13.5597,3.4741,40.6480,0.0000,38.7353,0.0000,3.5828,0.0000,0.0000,0.0000,0.0000,0.0000,0.0000,0.0000,0.0000,0.0000,0.0000,0.0000,-2.980,-1.984,0.754,0.078,0.339,0.000000,-0.119614,0.555372,0.193955,0.370287
954,1047.00,0.000,-10.225,0.4650,4.7273,0.0000,13.5507,3.4262,40.7077,0.0000,38.7585,0.0000,3.5569,0.0000,0.0000,0.0000,0.0000,0.0000,0.0000,0.0000,0.0000,0.0000,0.0000,0.0000,-3.765,-2.506,0.953,0.098,0.429,0.000000,-0.119289,0.556439,0.192639,0.370210
955,1046.00,0.000,-10.239,0.5593,4.7290,0.0000,13.5462,3.3782,40.7594,0.0000,38.7842,0.0000,3.5320,0.0000,0.0000,0.0000,0.0000,0.0000,0.0000,0.0000,0.0000,0.0000,0.0000,0.0000,-4.522,-3.010,1.146,0.118,0.515,0.000000,-0.119019,0.557394,0.191375,0.370251
956,1045.00,0.000,-10.253,0.6505,4.7307,0.0000,13.5460,3.3302,40.8034,0.0000,38.8124,0.0000,3.5081,0.0000,0.0000,0.0000,0.0000,0.0000,0.0000,0.0000,0.0000,0.0000,0.0000,0.0000,-5.252,-3.497,1.332,0.138,0.599,0.000000,-0.118803,0.558238,0.190160,0.370405
957,1044.00,0.000,-10.267,0.7386,4.7323,0.0000,13.5499,3.2822,40.8399,0.0000,38.8429,0.0000,3.4851,0.0000,0.0000,0.0000,0.0000,0.0000,0.0000,0.0000,0.0000,0.0000,0.0000,0.0000,-5.956,-3.965,1.511,0.156,0.680,0.000000,-0.118636,0.558973,0.188996,0.370667
958,1043.00,0.000,-10.281,0.8234,4.7338,0.0000,13.5576,3.2345,40.8692,0.0000,38.8757,0.0000,3.4631,0.0000,0.0000,0.0000,0.0000,0.0000,0.0000,0.0000,0.0000,0.0000,0.0000,0.0000,-6.632,-4.415,1.684,0.174,0.758,0.000000,-0.118515,0.559604,0.187879,0.371032
959,1042.00,0.000,-10.295,0.9050,4.7353,0.0000,13.5690,3.1870,40.8916,0.0000,38.9104,0.0000,3.4420,0.0000,0.0000,0.0000,0.0000,0.0000,0.0000,0.0000,0.0000,0.0000,0.0000,0.0000,-7.280,-4.847,1.850,0.191,0.833,0.000000,-0.118437,0.560134,0.186809,0.371493
960,1041.00,0.000,-10.309,0.9833,4.7368,0.0000,13.5838,3.1398,40.9076,0.0000,38.9470,0.0000,3.4218,0.0000,0.0000,0.0000,0.0000,0.0000,0.0000,0.0000,0.0000,0.0000,0.0000,0.0000,-7.902,-5.262,2.009,0.208,0.904,0.000000,-0.118396,0.560571,0.185784,0.372041
961,1040.00,0.000,-10.323,1.0585,4.7381,0.0000,13.6016,3.0932,40.9177,0.0000,38.9852,0.0000,3.4024,0.0000,0.0000,0.0000,0.0000,0.0000,0.0000,0.0000,0.0000,0.0000,0.0000,0.0000,-8.497,-5.659,2.161,0.223,0.973,0.000000,-0.118390,0.560920,0.184801,0.372669
962,1039.00,0.000,-10.337,1.1306,4.7395,0.0000,13.6221,3.0471,40.9222,0.0000,39.0248,0.0000,3.3838,0.0000,0.0000,0.0000,0.0000,0.0000,0.0000,0.0000,0.0000,0.0000,0.0000,0.0000,-9.066,-6.038,2.307,0.239,1.039,0.000000,-0.118413,0.561186,0.183859,0.373368
963,1038.00,0.000,-10.352,1.1995,4.7407,0.0000,13.6451,3.0016,40.9217,0.0000,39.0656,0.0000,3.3660,0.0000,0.0000,0.0000,0.0000,0.0000,0.0000,0.0000,0.0000,0.0000,0.0000,0.0000,-9.609,-6.401,2.447,0.253,1.102,0.000000,-0.118463,0.561378,0.182955,0.374129
964,1037.00,0.000,-10.366,1.2655,4.7420,0.0000,13.6702,2.9569,40.9167,0.0000,39.1074,0.0000,3.3489,0.0000,0.0000,0.0000,0.0000,0.0000,0.0000,0.0000,0.0000,0.0000,0.0000,0.0000,-10.127,-6.747,2.580,0.267,1.162,0.000000,-0.118534,0.561502,0.182087,0.374945
965,1036.00,0.000,-10.380,1.3285,4.7432,0.0000,13.6970,2.9129,40.9076,0.0000,39.1500,0.0000,3.3324,0.0000,0.0000,0.0000,0.0000,0.0000,0.0000,0.0000,0.0000,0.0000,0.0000,0.0000,-10.622,-7.078,2.707,0.280,1.220,0.000000,-0.118625,0.561565,0.181253,0.375807
966,1035.00,0.000,-10.394,1.3886,4.7443,0.0000,13.7254,2.8698,40.8950,0.0000,39.1932,0.0000,3.3166,0.0000,0.0000,0.0000,0.0000,0.0000,0.0000,0.0000,0.0000,0.0000,0.0000,0.0000,-11.093,-7.393,2.828,0.293,1.275,0.000000,-0.118731,0.561572,0.180451,0.376707
967,1034.00,0.000,-10.409,1.4461,4.7454,0.0000,13.7551,2.8274,40.8793,0.0000,39.2368,0.0000,3.3014,0.0000,0.0000,0.0000,0.0000,0.0000,0.0000,0.0000,0.0000,0.0000,0.0000,0.0000,-11.541,-7.694,2.944,0.305,1.327,0.000000,-0.118850,0.561531,0.179679,0.377640
968,1033.00,0.000,-10.423,1.5009,4.7465,0.0000,13.7858,2.7860,40.8608,0.0000,39.2807,0.0000,3.2867,0.0000,0.0000,0.0000,0.0000,0.0000,0.0000,0.0000,0.0000,0.0000,0.0000,0.0000,-11.969,-7.980,3.054,0.316,1.377,0.000000,-0.118978,0.561447,0.178934,0.378597
969,1032.00,0.000,-10.437,1.5533,4.7475,0.0000,13.8173,2.7455,40.8400,0.0000,39.3247,0.0000,3.2725,0.0000,0.0000,0.0000,0.0000,0.0000,0.0000,0.0000,0.0000,0.0000,0.0000,0.0000,-12.376,-8.254,3.159,0.327,1.425,0.000000,-0.119114,0.561326,0.178215,0.379573
970,1031.00,0.000,-10.452,1.6033,4.7485,0.0000,13.8494,2.7058,40.8172,0.0000,39.3687,0.0000,3.2588,0.0000,0.0000,0.0000,0.0000,0.0000,0.0000,0.0000,0.0000,0.0000,0.0000,0.0000,-12.764,-8.514,3.259,0.338,1.470,0.000000,-0.119256,0.561172,0.177520,0.380564
971,1030.00,0.000,-10.466,1.6510,4.7494,0.0000,13.8820,2.6671,40.7927,0.0000,39.4126,0.0000,3.2456,0.0000,0.0000,0.0000,0.0000,0.0000,0.0000,0.0000,0.0000,0.0000,0.0000,0.0000,-13.134,-8.763,3.354,0.348,1.514,0.000000,-0.119401,0.560989,0.176847,0.381565
972,1029.00,0.000,-10.481,1.6967,4.7504,0.0000,13.9149,2.6292,40.7668,0.0000,39.4563,0.0000,3.2328,0.0000,0.0000,0.0000,0.0000,0.0000,0.0000,0.0000,0.0000,0.0000,0.0000,0.0000,-13.487,-9.001,3.445,0.357,1.555,0.000000,-0.119549,0.560783,0.176194,0.382572
973,1028.00,0.000,-10.495,1.7403,4.7513,0.0000,13.9480,2.5923,40.7397,0.0000,39.4997,0.0000,3.2203,0.0000,0.0000,0.0000,0.0000,0.0000,0.0000,0.0000,0.0000,0.0000,0.0000,0.0000,-13.823,-9.227,3.532,0.366,1.595,0.000000,-0.119697,0.560555,0.175561,0.383581
974,1027.00,0.000,-10.509,1.7819,4.7521,0.0000,13.9811,2.5562,40.7116,0.0000,39.5428,0.0000,3.2082,0.0000,0.0000,0.0000,0.0000,0.0000,0.0000,0.0000,0.0000,0.0000,0.0000,0.0000,-14.144,-9.444,3.615,0.375,1.633,0.000000,-0.119846,0.560311,0.174946,0.384589
975,1026.00,0.000,-10.524,1.8218,4.7530,0.0000,14.0143,2.5210,40.6828,0.0000,39.5856,0.0000,3.1965,0.0000,0.0000,0.0000,0.0000,0.0000,0.0000,0.0000,0.0000,0.0000,0.0000,0.0000,-14.451,-9.651,3.694,0.383,1.669,0.000000,-0.119993,0.560051,0.174348,0.385594
976,1025.00,0.000,-10.538,1.8600,4.7538,0.0000,14.0473,2.4866,40.6533,0.0000,39.6278,0.0000,3.1850,0.0000,0.0000,0.0000,0.0000,0.0000,0.0000,0.0000,0.0000,0.0000,0.0000,0.0000,-14.744,-9.849,3.770,0.391,1.704,0.000000,-0.120139,0.559779,0.173765,0.386595
977,1024.00,0.000,-10.553,1.8966,4.7546,0.0000,14.0801,2.4530,40.6234,0.0000,39.6696,0.0000,3.1739,0.0000,0.0000,0.0000,0.0000,0.0000,0.0000,0.0000,0.0000,0.0000,0.0000,0.0000,-15.023,-10.039,3.843,0.399,1.737,0.000000,-0.120282,0.559497,0.173197,0.387589
978,1023.00,0.000,-10.567,1.9317,4.7554,0.0000,14.1127,2.4203,40.5931,0.0000,39.7110,0.0000,3.1630,0.0000,0.0000,0.0000,0.0000,0.0000,0.0000,0.0000,0.0000,0.0000,0.0000,0.0000,-15.291,-10.221,3.912,0.406,1.768,0.000000,-0.120422,0.559206,0.172642,0.388574
979,1022.00,0.000,-10.582,1.9653,4.7562,0.0000,14.1450,2.3883,40.5625,0.0000,39.7518,0.0000,3.1524,0.0000,0.0000,0.0000,0.0000,0.0000,0.0000,0.0000,0.0000,0.0000,0.0000,0.0000,-15.547,-10.395,3.978,0.413,1.799,0.000000,-0.120559,0.558909,0.172100,0.389550
980,1021.00,0.000,-10.597,1.9976,4.7570,0.0000,14.1770,2.3571,40.5319,0.0000,39.7920,0.0000,3.1420,0.0000,0.0000,0.0000,0.0000,0.0000,0.0000,0.0000,0.0000,0.0000,0.0000,0.0000,-15.793,-10.562,4.042,0.420,1.828,0.000000,-0.120693,0.558606,0.171571,0.390516
981,1020.00,0.000,-10.611,2.0286,4.7577,0.0000,14.2087,2.3266,40.5011,0.0000,39.8318,0.0000,3.1318,0.0000,0.0000,0.0000,0.0000,0.0000,0.0000,0.0000,0.0000,0.0000,0.0000,0.0000,-16.028,-10.723,4.103,0.426,1.856,0.000000,-0.120822,0.558300,0.171052,0.391470
982,1019.00,0.000,-10.626,2.0585,4.7584,0.0000,14.2400,2.2968,40.4704,0.0000,39.8709,0.0000,3.1219,0.0000,0.0000,0.0000,0.0000,0.0000,0.0000,0.0000,0.0000,0.0000,0.0000,0.0000,-16.254,-10.877,4.161,0.433,1.883,0.000000,-0.120948,0.557990,0.170545,0.392413
983,1018.00,0.000,-10.640,2.0871,4.7591,0.0000,14.2709,2.2677,40.4397,0.0000,39.9095,0.0000,3.1122,0.0000,0.0000,0.0000,0.0000,0.0000,0.0000,0.0000,0.0000,0.0000,0.0000,0.0000,-16.470,-11.025,4.217,0.439,1.909,0.000000,-0.121069,0.557678,0.170047,0.393343
984,1017.00,0.000,-10.655,2.1147,4.7598,0.0000,14.3014,2.2392,40.4091,0.0000,39.9476,0.0000,3.1026,0.0000,0.0000,0.0000,0.0000,0.0000,0.0000,0.0000,0.0000,0.0000,0.0000,0.0000,-16.678,-11.168,4.271,0.444,1.934,0.000000,-0.121186,0.557365,0.169559,0.394261
985,1016.00,0.000,-10.670,2.1413,4.7605,0.0000,14.3315,2.2114,40.3786,0.0000,39.9851,0.0000,3.0933,0.0000,0.0000,0.0000,0.0000,0.0000,0.0000,0.0000,0.0000,0.0000,0.0000,0.0000,-16.878,-11.305,4.323,0.450,1.958,0.000000,-0.121298,0.557052,0.169081,0.395166
986,1015.00,0.000,-10.685,2.1670,4.7612,0.0000,14.3612,2.1842,40.3484,0.0000,40.0221,0.0000,3.0841,0.0000,0.0000,0.0000,0.0000,0.0000,0.0000,0.0000,0.0000,0.0000,0.0000,0.0000,-17.070,-11.438,4.373,0.455,1.981,0.000000,-0.121407,0.556738,0.168610,0.396058
987,1014.00,0.000,-10.699,2.1917,4.7618,0.0000,14.3905,2.1577,40.3183,0.0000,40.0585,0.0000,3.0751,0.0000,0.0000,0.0000,0.0000,0.0000,0.0000,0.0000,0.0000,0.0000,0.0000,0.0000,-17.255,-11.565,4.421,0.460,2.003,0.000000,-0.121511,0.556425,0.168148,0.396938
988,1013.00,0.000,-10.714,2.2155,4.7625,0.0000,14.4193,2.1317,40.2885,0.0000,40.0944,0.0000,3.0662,0.0000,0.0000,0.0000,0.0000,0.0000,0.0000,0.0000,0.0000,0.0000,0.0000,0.0000,-17.433,-11.688,4.467,0.465,2.024,0.000000,-0.121610,0.556112,0.167694,0.397804
989,1012.00,0.000,-10.729,2.2386,4.7631,0.0000,14.4477,2.1062,40.2589,0.0000,40.1297,0.0000,3.0575,0.0000,0.0000,0.0000,0.0000,0.0000,0.0000,0.0000,0.0000,0.0000,0.0000,0.0000,-17.605,-11.807,4.511,0.470,2.045,0.000000,-0.121706,0.555801,0.167247,0.398657
990,1011.00,0.000,-10.744,2.2936,4.7642,0.0000,14.4713,2.0795,40.2334,0.0000,40.1788,0.0000,3.0369,0.0000,0.0000,0.0000,0.0000,0.0000,0.0000,0.0000,0.0000,0.0000,0.0000,0.0000,-18.023,-12.090,4.620,0.481,2.095,0.000000,-0.121188,0.555603,0.166166,0.399420
991,1010.00,0.000,-10.758,2.3521,4.7654,0.0000,14.4930,2.0531,40.2102,0.0000,40.2299,0.0000,3.0138,0.0000,0.0000,0.0000,0.0000,0.0000,0.0000,0.0000,0.0000,0.0000,0.0000,0.0000,-18.467,-12.391,4.735,0.494,2.148,0.000000,-0.120528,0.555446,0.164947,0.400135
992,1009.00,0.000,-10.773,2.4072,4.7667,0.0000,14.5135,2.0273,40.1886,0.0000,40.2801,0.0000,2.9906,0.0000,0.0000,0.0000,0.0000,0.0000,0.0000,0.0000,0.0000,0.0000,0.0000,0.0000,-18.884,-12.673,4.844,0.505,2.197,0.000000,-0.119855,0.555309,0.163728,0.400817
993,1008.00,0.000,-10.788,2.4592,4.7679,0.0000,14.5329,2.0021,40.1683,0.0000,40.3293,0.0000,2.9675,0.0000,0.0000,0.0000,0.0000,0.0000,0.0000,0.0000,0.0000,0.0000,0.0000,0.0000,-19.275,-12.939,4.946,0.516,2.244,0.000000,-0.119168,0.555191,0.162508,0.401470
994,1007.00,0.000,-10.803,2.5082,4.7691,0.0000,14.5513,1.9774,40.1493,0.0000,40.3777,0.0000,2.9443,0.0000,0.0000,0.0000,0.0000,0.0000,0.0000,0.0000,0.0000,0.0000,0.0000,0.0000,-19.643,-13.188,5.042,0.526,2.288,0.000000,-0.118471,0.555088,0.161289,0.402094
995,1006.00,0.000,-10.818,2.5546,4.7703,0.0000,14.5688,1.9533,40.1314,0.0000,40.4252,0.0000,2.9213,0.0000,0.0000,0.0000,0.0000,0.0000,0.0000,0.0000,0.0000,0.0000,0.0000,0.0000,-19.989,-13.423,5.132,0.536,2.330,0.000000,-0.117763,0.554999,0.160071,0.402693
996,1005.00,0.000,-10.833,2.5983,4.7715,0.0000,14.5855,1.9296,40.1145,0.0000,40.4721,0.0000,2.8983,0.0000,0.0000,0.0000,0.0000,0.0000,0.0000,0.0000,0.0000,0.0000,0.0000,0.0000,-20.314,-13.645,5.218,0.545,2.369,0.000000,-0.117048,0.554923,0.158855,0.403269
997,1004.00,0.000,-10.848,2.6397,4.7727,0.0000,14.6015,1.9065,40.0984,0.0000,40.5182,0.0000,2.8753,0.0000,0.0000,0.0000,0.0000,0.0000,0.0000,0.0000,0.0000,0.0000,0.0000,0.0000,-20.620,-13.853,5.298,0.553,2.406,0.000000,-0.116325,0.554856,0.157643,0.403826
998,1003.00,0.000,-10.863,2.6789,4.7739,0.0000,14.6169,1.8839,40.0830,0.0000,40.5637,0.0000,2.8525,0.0000,0.0000,0.0000,0.0000,0.0000,0.0000,0.0000,0.0000,0.0000,0.0000,0.0000,-20.908,-14.050,5.374,0.561,2.441,0.000000,-0.115595,0.554797,0.156434,0.404364
999,1002.00,0.000,-10.878,2.7160,4.7751,0.0000,14.6318,1.8617,40.0681,0.0000,40.6086,0.0000,2.8298,0.0000,0.0000,0.0000,0.0000,0.0000,0.0000,0.0000,0.0000,0.0000,0.0000,0.0000,-21.180,-14.236,5.446,0.569,2.475,0.000000,-0.114861,0.554744,0.155230,0.404887
1000,1001.00,0.000,-10.893,2.7511,4.7763,0.0000,14.6462,1.8400,40.0537,0.0000,40.6531,0.0000,2.8071,0.0000,0.0000,0.0000,0.0000,0.0000,0.0000,0.0000,0.0000,0.0000,0.0000,0.0000,-21.436,-14.411,5.513,0.576,2.506,0.000000,-0.114122,0.554695,0.154031,0.405396
1001,1000.00,0.000,-10.908,2.7844,4.7774,0.0000,14.6602,1.8186,40.0395,0.0000,40.6970,0.0000,2.7846,0.0000,0.0000,0.0000,0.0000,0.0000,0.0000,0.0000,0.0000,0.0000,0.0000,0.0000,-21.678,-14.577,5.577,0.583,2.536,0.000000,-0.113380,0.554648,0.152838,0.405895
1002,999.00,0.000,-10.923,2.8159,4.7786,0.0000,14.6740,1.7977,40.0254,0.0000,40.7406,0.0000,2.7623,0.0000,0.0000,0.0000,0.0000,0.0000,0.0000,0.0000,0.0000,0.0000,0.0000,0.0000,-21.905,-14.733,5.638,0.589,2.564,0.000000,-0.112636,0.554602,0.151650,0.406384
1003,998.00,0.000,-10.938,2.8459,4.7797,0.0000,14.6875,1.7772,40.0114,0.0000,40.7838,0.0000,2.7400,0.0000,0.0000,0.0000,0.0000,0.0000,0.0000,0.0000,0.0000,0.0000,0.0000,0.0000,-22.120,-14.881,5.695,0.595,2.590,0.000000,-0.111891,0.554555,0.150469,0.406866
1004,997.00,0.000,-10.953,2.8742,4.7809,0.0000,14.7009,1.7571,39.9974,0.0000,40.8267,0.0000,2.7179,0.0000,0.0000,0.0000,0.0000,0.0000,0.0000,0.0000,0.0000,0.0000,0.0000,0.0000,-22.322,-15.021,5.749,0.601,2.615,0.000000,-0.111144,0.554506,0.149295,0.407343
1005,996.00,0.000,-10.969,2.9012,4.7820,0.0000,14.7141,1.7373,39.9833,0.0000,40.8693,0.0000,2.6960,0.0000,0.0000,0.0000,0.0000,0.0000,0.0000,0.0000,0.0000,0.0000,0.0000,0.0000,-22.513,-15.153,5.799,0.607,2.639,0.000000,-0.110397,0.554453,0.148129,0.407816
1006,995.00,0.000,-10.984,2.9267,4.7832,0.0000,14.7273,1.7178,39.9689,0.0000,40.9117,0.0000,2.6742,0.0000,0.0000,0.0000,0.0000,0.0000,0.0000,0.0000,0.0000,0.0000,0.0000,0.0000,-22.694,-15.278,5.848,0.612,2.662,0.000000,-0.109651,0.554395,0.146970,0.408286
1007,994.00,0.000,-10.999,2.9509,4.7843,0.0000,14.7405,1.6987,39.9542,0.0000,40.9539,0.0000,2.6526,0.0000,0.0000,0.0000,0.0000,0.0000,0.0000,0.0000,0.0000,0.0000,0.0000,0.0000,-22.863,-15.396,5.893,0.617,2.683,0.000000,-0.108906,0.554332,0.145819,0.408755
1008,993.00,0.000,-11.014,2.9739,4.7854,0.0000,14.7537,1.6799,39.9392,0.0000,40.9960,0.0000,2.6312,0.0000,0.0000,0.0000,0.0000,0.0000,0.0000,0.0000,0.0000,0.0000,0.0000,0.0000,-23.024,-15.508,5.936,0.621,2.704,0.000000,-0.108162,0.554262,0.144676,0.409224
1009,992.00,0.000,-11.029,2.9958,4.7865,0.0000,14.7670,1.6615,39.9237,0.0000,41.0378,0.0000,2.6099,0.0000,0.0000,0.0000,0.0000,0.0000,0.0000,0.0000,0.0000,0.0000,0.0000,0.0000,-23.175,-15.613,5.977,0.626,2.723,0.000000,-0.107420,0.554184,0.143542,0.409694
1010,991.00,0.000,-11.045,3.0165,4.7876,0.0000,14.7805,1.6433,39.9078,0.0000,41.0796,0.0000,2.5888,0.0000,0.0000,0.0000,0.0000,0.0000,0.0000,0.0000,0.0000,0.0000,0.0000,0.0000,-23.317,-15.713,6.015,0.630,2.741,0.000000,-0.106681,0.554098,0.142417,0.410167
1011,990.00,0.000,-11.060,3.0361,4.7886,0.0000,14.7940,1.6254,39.8913,0.0000,41.1213,0.0000,2.5679,0.0000,0.0000,0.0000,0.0000,0.0000,0.0000,0.0000,0.0000,0.0000,0.0000,0.0000,-23.451,-15.807,6.051,0.634,2.758,0.000000,-0.105945,0.554003,0.141300,0.410642
1012,989.00,0.000,-11.075,3.0547,4.7897,0.0000,14.8078,1.6079,39.8743,0.0000,41.1629,0.0000,2.5472,0.0000,0.0000,0.0000,0.0000,0.0000,0.0000,0.0000,0.0000,0.0000,0.0000,0.0000,-23.577,-15.896,6.085,0.638,2.774,0.000000,-0.105213,0.553898,0.140193,0.411121
1013,988.00,0.000,-11.091,3.0723,4.7907,0.0000,14.8217,1.5905,39.8567,0.0000,41.2044,0.0000,2.5266,0.0000,0.0000,0.0000,0.0000,0.0000,0.0000,0.0000,0.0000,0.0000,0.0000,0.0000,-23.695,-15.980,6.117,0.641,2.790,0.000000,-0.104484,0.553782,0.139096,0.411605
1014,987.00,0.000,-11.106,3.0890,4.7918,0.0000,14.8359,1.5735,39.8383,0.0000,41.2459,0.0000,2.5063,0.0000,0.0000,0.0000,0.0000,0.0000,0.0000,0.0000,0.0000,0.0000,0.0000,0.0000,-23.807,-16.060,6.148,0.645,2.804,0.000000,-0.103759,0.553656,0.138008,0.412094
1015,986.00,0.000,-11.122,3.1049,4.7928,0.0000,14.8503,1.5567,39.8193,0.0000,41.2874,0.0000,2.4862,0.0000,0.0000,0.0000,0.0000,0.0000,0.0000,0.0000,0.0000,0.0000,0.0000,0.0000,-23.911,-16.135,6.176,0.648,2.818,0.000000,-0.103038,0.553519,0.136930,0.412590
1016,985.00,0.000,-11.137,3.1198,4.7938,0.0000,14.8651,1.5402,39.7996,0.0000,41.3289,0.0000,2.4662,0.0000,0.0000,0.0000,0.0000,0.0000,0.0000,0.0000,0.0000,0.0000,0.0000,0.0000,-24.009,-16.205,6.203,0.651,2.831,0.000000,-0.102322,0.553369,0.135861,0.413091
1017,984.00,0.000,-11.152,3.1340,4.7948,0.0000,14.8801,1.5239,39.7792,0.0000,41.3704,0.0000,2.4464,0.0000,0.0000,0.0000,0.0000,0.0000,0.0000,0.0000,0.0000,0.0000,0.0000,0.0000,-24.101,-16.272,6.228,0.654,2.843,0.000000,-0.101611,0.553208,0.134803,0.413600
1018,983.00,0.000,-11.168,3.1474,4.7958,0.0000,14.8954,1.5078,39.7579,0.0000,41.4120,0.0000,2.4269,0.0000,0.0000,0.0000,0.0000,0.0000,0.0000,0.0000,0.0000,0.0000,0.0000,0.0000,-24.187,-16.334,6.252,0.656,2.855,0.000000,-0.100905,0.553034,0.133755,0.414116
1019,982.00,0.000,-11.183,3.1600,4.7967,0.0000,14.9110,1.4920,39.7359,0.0000,41.4535,0.0000,2.4075,0.0000,0.0000,0.0000,0.0000,0.0000,0.0000,0.0000,0.0000,0.0000,0.0000,0.0000,-24.267,-16.393,6.274,0.659,2.866,0.000000,-0.100205,0.552848,0.132717,0.414640
1020,981.00,0.000,-11.199,3.1720,4.7977,0.0000,14.9269,1.4764,39.7131,0.0000,41.4951,0.0000,2.3884,0.0000,0.0000,0.0000,0.0000,0.0000,0.0000,0.0000,0.0000,0.0000,0.0000,0.0000,-24.342,-16.448,6.294,0.661,2.876,0.000000,-0.099509,0.552648,0.131689,0.415172
1021,980.00,0.000,-11.214,3.1832,4.7986,0.0000,14.9432,1.4611,39.6895,0.0000,41.5368,0.0000,2.3694,0.0000,0.0000,0.0000,0.0000,0.0000,0.0000,0.0000,0.0000,0.0000,0.0000,0.0000,-24.412,-16.500,6.313,0.663,2.885,0.000000,-0.098820,0.552436,0.130671,0.415713
1022,979.00,0.000,-11.230,3.1938,4.7996,0.0000,14.9599,1.4459,39.6651,0.0000,41.5785,0.0000,2.3507,0.0000,0.0000,0.0000,0.0000,0.0000,0.0000,0.0000,0.0000,0.0000,0.0000,0.0000,-24.477,-16.549,6.331,0.665,2.894,0.000000,-0.098137,0.552210,0.129664,0.416263
1023,978.00,0.000,-11.246,3.2037,4.8005,0.0000,14.9769,1.4310,39.6398,0.0000,41.6202,0.0000,2.3321,0.0000,0.0000,0.0000,0.0000,0.0000,0.0000,0.0000,0.0000,0.0000,0.0000,0.0000,-24.537,-16.594,6.348,0.667,2.903,0.000000,-0.097459,0.551971,0.128667,0.416821
1024,977.00,0.000,-11.261,3.2130,4.8014,0.0000,14.9943,1.4162,39.6137,0.0000,41.6620,0.0000,2.3138,0.0000,0.0000,0.0000,0.0000,0.0000,0.0000,0.0000,0.0000,0.0000,0.0000,0.0000,-24.592,-16.637,6.364,0.669,2.910,0.000000,-0.096788,0.551718,0.127681,0.417389
1025,976.00,0.000,-11.277,3.2218,4.8023,0.0000,15.0120,1.4017,39.5867,0.0000,41.7039,0.0000,2.2956,0.0000,0.0000,0.0000,0.0000,0.0000,0.0000,0.0000,0.0000,0.0000,0.0000,0.0000,-24.643,-16.676,6.378,0.671,2.918,0.000000,-0.096123,0.551452,0.126705,0.417966
1026,975.00,0.000,-11.293,3.2300,4.8032,0.0000,15.0301,1.3874,39.5589,0.0000,41.7459,0.0000,2.2777,0.0000,0.0000,0.0000,0.0000,0.0000,0.0000,0.0000,0.0000,0.0000,0.0000,0.0000,-24.690,-16.713,6.391,0.672,2.925,0.000000,-0.095465,0.551172,0.125740,0.418552
1027,974.00,0.000,-11.308,3.2376,4.8040,0.0000,15.0487,1.3732,39.5302,0.0000,41.7879,0.0000,2.2600,0.0000,0.0000,0.0000,0.0000,0.0000,0.0000,0.0000,0.0000,0.0000,0.0000,0.0000,-24.733,-16.748,6.403,0.674,2.931,0.000000,-0.094813,0.550879,0.124785,0.419149
1028,973.00,0.000,-11.324,3.2447,4.8049,0.0000,15.0676,1.3593,39.5007,0.0000,41.8300,0.0000,2.2425,0.0000,0.0000,0.0000,0.0000,0.0000,0.0000,0.0000,0.0000,0.0000,0.0000,0.0000,-24.772,-16.779,6.414,0.675,2.937,0.000000,-0.094168,0.550572,0.123841,0.419755
1029,972.00,0.000,-11.340,3.2513,4.8057,0.0000,15.0868,1.3455,39.4703,0.0000,41.8722,0.0000,2.2251,0.0000,0.0000,0.0000,0.0000,0.0000,0.0000,0.0000,0.0000,0.0000,0.0000,0.0000,-24.808,-16.809,6.424,0.677,2.942,0.000000,-0.093529,0.550251,0.122908,0.420370
1030,971.00,0.000,-11.356,3.2574,4.8065,0.0000,15.1065,1.3319,39.4391,0.0000,41.9145,0.0000,2.2080,0.0000,0.0000,0.0000,0.0000,0.0000,0.0000,0.0000,0.0000,0.0000,0.0000,0.0000,-24.840,-16.836,6.433,0.678,2.947,0.000000,-0.092897,0.549917,0.121984,0.420996
1031,970.00,0.000,-11.371,3.2631,4.8074,0.0000,15.1266,1.3185,39.4070,0.0000,41.9568,0.0000,2.1911,0.0000,0.0000,0.0000,0.0000,0.0000,0.0000,0.0000,0.0000,0.0000,0.0000,0.0000,-24.868,-16.860,6.441,0.679,2.952,0.000000,-0.092272,0.549569,0.121072,0.421632
1032,969.00,0.000,-11.387,3.2683,4.8082,0.0000,15.1470,1.3053,39.3740,0.0000,41.9993,0.0000,2.1744,0.0000,0.0000,0.0000,0.0000,0.0000,0.0000,0.0000,0.0000,0.0000,0.0000,0.0000,-24.893,-16.883,6.449,0.680,2.956,0.000000,-0.091654,0.549207,0.120170,0.422277
1033,968.00,0.000,-11.403,3.2730,4.8089,0.0000,15.1679,1.2922,39.3402,0.0000,42.0418,0.0000,2.1579,0.0000,0.0000,0.0000,0.0000,0.0000,0.0000,0.0000,0.0000,0.0000,0.0000,0.0000,-24.915,-16.903,6.455,0.681,2.960,0.000000,-0.091043,0.548832,0.119278,0.422933
1034,967.00,0.000,-11.419,3.2774,4.8097,0.0000,15.1891,1.2793,39.3056,0.0000,42.0844,0.0000,2.1416,0.0000,0.0000,0.0000,0.0000,0.0000,0.0000,0.0000,0.0000,0.0000,0.0000,0.0000,-24.934,-16.922,6.461,0.681,2.963,0.000000,-0.090439,0.548444,0.118397,0.423598
1035,966.00,0.000,-11.435,3.2813,4.8105,0.0000,15.2108,1.2666,39.2701,0.0000,42.1271,0.0000,2.1254,0.0000,0.0000,0.0000,0.0000,0.0000,0.0000,0.0000,0.0000,0.0000,0.0000,0.0000,-24.950,-16.939,6.466,0.682,2.966,0.000000,-0.089841,0.548042,0.117526,0.424273
1036,965.00,0.000,-11.451,3.2849,4.8112,0.0000,15.2328,1.2540,39.2338,0.0000,42.1699,0.0000,2.1095,0.0000,0.0000,0.0000,0.0000,0.0000,0.0000,0.0000,0.0000,0.0000,0.0000,0.0000,-24.964,-16.953,6.470,0.683,2.969,0.000000,-0.089251,0.547627,0.116665,0.424959
1037,964.00,0.000,-11.467,3.2880,4.8120,0.0000,15.2552,1.2416,39.1967,0.0000,42.2127,0.0000,2.0938,0.0000,0.0000,0.0000,0.0000,0.0000,0.0000,0.0000,0.0000,0.0000,0.0000,0.0000,-24.974,-16.966,6.473,0.683,2.971,0.000000,-0.088667,0.547199,0.115815,0.425654
1038,963.00,0.000,-11.483,3.2908,4.8127,0.0000,15.2780,1.2294,39.1587,0.0000,42.2557,0.0000,2.0783,0.0000,0.0000,0.0000,0.0000,0.0000,0.0000,0.0000,0.0000,0.0000,0.0000,0.0000,-24.982,-16.978,6.475,0.684,2.973,0.000000,-0.088091,0.546757,0.114975,0.426359
1039,962.00,0.000,-11.499,3.2932,4.8134,0.0000,15.3011,1.2173,39.1199,0.0000,42.2987,0.0000,2.0630,0.0000,0.0000,0.0000,0.0000,0.0000,0.0000,0.0000,0.0000,0.0000,0.0000,0.0000,-24.988,-16.987,6.477,0.684,2.974,0.000000,-0.087522,0.546303,0.114145,0.427073
1040,961.00,0.000,-11.515,3.2953,4.8141,0.0000,15.3247,1.2053,39.0804,0.0000,42.3418,0.0000,2.0478,0.0000,0.0000,0.0000,0.0000,0.0000,0.0000,0.0000,0.0000,0.0000,0.0000,0.0000,-24.991,-16.995,6.478,0.685,2.976,0.000000,-0.086959,0.545836,0.113326,0.427798
1041,960.00,0.000,-11.531,3.2971,4.8148,0.0000,15.3486,1.1935,39.0400,0.0000,42.3850,0.0000,2.0329,0.0000,0.0000,0.0000,0.0000,0.0000,0.0000,0.0000,0.0000,0.0000,0.0000,0.0000,-24.991,-17.002,6.479,0.685,2.977,0.000000,-0.086404,0.545356,0.112516,0.428532
1042,959.00,0.000,-11.547,3.2986,4.8155,0.0000,15.3729,1.1818,38.9988,0.0000,42.4283,0.0000,2.0181,0.0000,0.0000,0.0000,0.0000,0.0000,0.0000,0.0000,0.0000,0.0000,0.0000,0.0000,-24.990,-17.007,6.479,0.685,2.978,0.000000,-0.085856,0.544864,0.111716,0.429275
1043,958.00,0.000,-11.563,3.2997,4.8161,0.0000,15.3976,1.1703,38.9569,0.0000,42.4716,0.0000,2.0036,0.0000,0.0000,0.0000,0.0000,0.0000,0.0000,0.0000,0.0000,0.0000,0.0000,0.0000,-24.986,-17.011,6.478,0.685,2.978,0.000000,-0.085314,0.544359,0.110927,0.430028
1044,957.00,0.000,-11.579,3.3005,4.8168,0.0000,15.4226,1.1589,38.9142,0.0000,42.5150,0.0000,1.9892,0.0000,0.0000,0.0000,0.0000,0.0000,0.0000,0.0000,0.0000,0.0000,0.0000,0.0000,-24.981,-17.013,6.477,0.685,2.978,0.000000,-0.084780,0.543842,0.110147,0.430791
1045,956.00,0.000,-11.595,3.3011,4.8174,0.0000,15.4480,1.1477,38.8707,0.0000,42.5585,0.0000,1.9750,0.0000,0.0000,0.0000,0.0000,0.0000,0.0000,0.0000,0.0000,0.0000,0.0000,0.0000,-24.973,-17.014,6.475,0.685,2.978,0.000000,-0.084252,0.543312,0.109377,0.431562
1046,955.00,0.000,-11.611,3.3014,4.8180,0.0000,15.4738,1.1366,38.8265,0.0000,42.6021,0.0000,1.9610,0.0000,0.0000,0.0000,0.0000,0.0000,0.0000,0.0000,0.0000,0.0000,0.0000,0.0000,-24.963,-17.014,6.473,0.685,2.978,0.000000,-0.083732,0.542771,0.108617,0.432343
1047,954.00,0.000,-11.628,3.3014,4.8186,0.0000,15.4999,1.1256,38.7815,0.0000,42.6457,0.0000,1.9472,0.0000,0.0000,0.0000,0.0000,0.0000,0.0000,0.0000,0.0000,0.0000,0.0000,0.0000,-24.952,-17.012,6.470,0.685,2.978,0.000000,-0.083218,0.542218,0.107867,0.433133
1048,953.00,0.000,-11.644,3.3011,4.8192,0.0000,15.5264,1.1148,38.7358,0.0000,42.6894,0.0000,1.9336,0.0000,0.0000,0.0000,0.0000,0.0000,0.0000,0.0000,0.0000,0.0000,0.0000,0.0000,-24.939,-17.010,6.467,0.685,2.977,0.000000,-0.082711,0.541653,0.107126,0.433932
1049,952.00,0.000,-11.660,3.3006,4.8198,0.0000,15.5532,1.1041,38.6894,0.0000,42.7332,0.0000,1.9201,0.0000,0.0000,0.0000,0.0000,0.0000,0.0000,0.0000,0.0000,0.0000,0.0000,0.0000,-24.924,-17.006,6.463,0.685,2.976,0.000000,-0.082211,0.541076,0.106395,0.434740
1050,951.00,0.000,-11.677,3.2998,4.8204,0.0000,15.5803,1.0935,38.6422,0.0000,42.7771,0.0000,1.9068,0.0000,0.0000,0.0000,0.0000,0.0000,0.0000,0.0000,0.0000,0.0000,0.0000,0.0000,-24.907,-17.001,6.458,0.685,2.975,0.000000,-0.081717,0.540488,0.105673,0.435556
1051,950.00,0.000,-11.693,3.2988,4.8210,0.0000,15.6078,1.0831,38.5944,0.0000,42.8210,0.0000,1.8937,0.0000,0.0000,0.0000,0.0000,0.0000,0.0000,0.0000,0.0000,0.0000,0.0000,0.0000,-24.889,-16.995,6.454,0.684,2.973,0.000000,-0.081231,0.539889,0.104960,0.436381
1052,949.00,0.000,-11.709,3.2976,4.8215,0.0000,15.6357,1.0728,38.5458,0.0000,42.8650,0.0000,1.8808,0.0000,0.0000,0.0000,0.0000,0.0000,0.0000,0.0000,0.0000,0.0000,0.0000,0.0000,-24.869,-16.988,6.448,0.684,2.972,0.000000,-0.080750,0.539278,0.104257,0.437215
1053,948.00,0.000,-11.726,3.2962,4.8221,0.0000,15.6638,1.0626,38.4966,0.0000,42.9090,0.0000,1.8680,0.0000,0.0000,0.0000,0.0000,0.0000,0.0000,0.0000,0.0000,0.0000,0.0000,0.0000,-24.848,-16.981,6.443,0.684,2.970,0.000000,-0.080277,0.538657,0.103563,0.438057
1054,947.00,0.000,-11.742,3.2945,4.8226,0.0000,15.6923,1.0525,38.4467,0.0000,42.9531,0.0000,1.8554,0.0000,0.0000,0.0000,0.0000,0.0000,0.0000,0.0000,0.0000,0.0000,0.0000,0.0000,-24.826,-16.972,6.437,0.683,2.968,0.000000,-0.079810,0.538025,0.102878,0.438907
1055,946.00,0.000,-11.758,3.2927,4.8231,0.0000,15.7211,1.0425,38.3961,0.0000,42.9972,0.0000,1.8430,0.0000,0.0000,0.0000,0.0000,0.0000,0.0000,0.0000,0.0000,0.0000,0.0000,0.0000,-24.802,-16.962,6.430,0.683,2.966,0.000000,-0.079350,0.537382,0.102202,0.439766
1056,945.00,0.000,-11.775,3.2906,4.8237,0.0000,15.7502,1.0327,38.3449,0.0000,43.0414,0.0000,1.8308,0.0000,0.0000,0.0000,0.0000,0.0000,0.0000,0.0000,0.0000,0.0000,0.0000,0.0000,-24.776,-16.952,6.424,0.682,2.964,0.000000,-0.078895,0.536728,0.101535,0.440632
1057,944.00,0.000,-11.791,3.2884,4.8242,0.0000,15.7796,1.0230,38.2930,0.0000,43.0857,0.0000,1.8187,0.0000,0.0000,0.0000,0.0000,0.0000,0.0000,0.0000,0.0000,0.0000,0.0000,0.0000,-24.750,-16.940,6.416,0.682,2.961,0.000000,-0.078448,0.536065,0.100876,0.441507
1058,943.00,0.000,-11.808,3.2859,4.8246,0.0000,15.8093,1.0133,38.2405,0.0000,43.1300,0.0000,1.8068,0.0000,0.0000,0.0000,0.0000,0.0000,0.0000,0.0000,0.0000,0.0000,0.0000,0.0000,-24.722,-16.928,6.409,0.681,2.958,0.000000,-0.078007,0.535391,0.100227,0.442389
1059,942.00,0.000,-11.824,3.2833,4.8251,0.0000,15.8394,1.0038,38.1874,0.0000,43.1744,0.0000,1.7950,0.0000,0.0000,0.0000,0.0000,0.0000,0.0000,0.0000,0.0000,0.0000,0.0000,0.0000,-24.693,-16.915,6.401,0.680,2.956,0.000000,-0.077571,0.534707,0.099586,0.443279
1060,941.00,0.000,-11.841,3.2806,4.8256,0.0000,15.8697,0.9944,38.1337,0.0000,43.2188,0.0000,1.7834,0.0000,0.0000,0.0000,0.0000,0.0000,0.0000,0.0000,0.0000,0.0000,0.0000,0.0000,-24.663,-16.901,6.393,0.680,2.953,0.000000,-0.077143,0.534013,0.098953,0.444176
1061,940.00,0.000,-11.858,3.2776,4.8261,0.0000,15.9003,0.9852,38.0793,0.0000,43.2632,0.0000,1.7720,0.0000,0.0000,0.0000,0.0000,0.0000,0.0000,0.0000,0.0000,0.0000,0.0000,0.0000,-24.632,-16.887,6.384,0.679,2.950,0.000000,-0.076720,0.533310,0.098329,0.445081
1062,939.00,0.000,-11.874,3.2745,4.8265,0.0000,15.9312,0.9760,38.0244,0.0000,43.3077,0.0000,1.7607,0.0000,0.0000,0.0000,0.0000,0.0000,0.0000,0.0000,0.0000,0.0000,0.0000,0.0000,-24.600,-16.872,6.376,0.678,2.946,0.000000,-0.076303,0.532597,0.097714,0.445993
1063,938.00,0.000,-11.891,3.2712,4.8270,0.0000,15.9624,0.9669,37.9689,0.0000,43.3522,0.0000,1.7496,0.0000,0.0000,0.0000,0.0000,0.0000,0.0000,0.0000,0.0000,0.0000,0.0000,0.0000,-24.567,-16.856,6.367,0.678,2.943,0.000000,-0.075892,0.531874,0.097106,0.446912
1064,937.00,0.000,-11.908,3.2678,4.8274,0.0000,15.9938,0.9580,37.9128,0.0000,43.3968,0.0000,1.7386,0.0000,0.0000,0.0000,0.0000,0.0000,0.0000,0.0000,0.0000,0.0000,0.0000,0.0000,-24.533,-16.840,6.357,0.677,2.939,0.000000,-0.075488,0.531143,0.096507,0.447838
1065,936.00,0.000,-11.924,3.2643,4.8278,0.0000,16.0255,0.9491,37.8562,0.0000,43.4414,0.0000,1.7278,0.0000,0.0000,0.0000,0.0000,0.0000,0.0000,0.0000,0.0000,0.0000,0.0000,0.0000,-24.498,-16.823,6.348,0.676,2.936,0.000000,-0.075089,0.530402,0.095916,0.448770
1066,935.00,0.000,-11.941,3.2606,4.8282,0.0000,16.0575,0.9403,37.7990,0.0000,43.4860,0.0000,1.7171,0.0000,0.0000,0.0000,0.0000,0.0000,0.0000,0.0000,0.0000,0.0000,0.0000,0.0000,-24.462,-16.805,6.338,0.675,2.932,0.000000,-0.074696,0.529653,0.095333,0.449710
1067,934.00,0.000,-11.958,3.2567,4.8286,0.0000,16.0897,0.9317,37.7413,0.0000,43.5307,0.0000,1.7066,0.0000,0.0000,0.0000,0.0000,0.0000,0.0000,0.0000,0.0000,0.0000,0.0000,0.0000,-24.426,-16.787,6.328,0.674,2.928,0.000000,-0.074308,0.528895,0.094757,0.450656
1068,933.00,0.000,-11.974,3.2528,4.8290,0.0000,16.1222,0.9231,37.6830,0.0000,43.5754,0.0000,1.6962,0.0000,0.0000,0.0000,0.0000,0.0000,0.0000,0.0000,0.0000,0.0000,0.0000,0.0000,-24.388,-16.769,6.317,0.674,2.924,0.000000,-0.073927,0.528128,0.094190,0.451609
1069,932.00,0.000,-11.991,3.2487,4.8294,0.0000,16.1550,0.9147,37.6242,0.0000,43.6202,0.0000,1.6860,0.0000,0.0000,0.0000,0.0000,0.0000,0.0000,0.0000,0.0000,0.0000,0.0000,0.0000,-24.350,-16.750,6.307,0.673,2.920,0.000000,-0.073550,0.527353,0.093630,0.452568
1070,931.00,0.000,-12.008,3.2445,4.8298,0.0000,16.1880,0.9063,37.5649,0.0000,43.6649,0.0000,1.6759,0.0000,0.0000,0.0000,0.0000,0.0000,0.0000,0.0000,0.0000,0.0000,0.0000,0.0000,-24.311,-16.730,6.296,0.672,2.916,0.000000,-0.073180,0.526569,0.093077,0.453533
1071,930.00,0.000,-12.025,3.2402,4.8301,0.0000,16.2212,0.8981,37.5051,0.0000,43.7097,0.0000,1.6659,0.0000,0.0000,0.0000,0.0000,0.0000,0.0000,0.0000,0.0000,0.0000,0.0000,0.0000,-24.271,-16.710,6.285,0.671,2.912,0.000000,-0.072815,0.525778,0.092533,0.454504
1072,929.00,0.000,-12.042,3.2358,4.8305,0.0000,16.2547,0.8899,37.4449,0.0000,43.7545,0.0000,1.6561,0.0000,0.0000,0.0000,0.0000,0.0000,0.0000,0.0000,0.0000,0.0000,0.0000,0.0000,-24.231,-16.689,6.274,0.670,2.907,0.000000,-0.072455,0.524979,0.091995,0.455481
1073,928.00,0.000,-12.059,3.2312,4.8308,0.0000,16.2883,0.8818,37.3841,0.0000,43.7993,0.0000,1.6464,0.0000,0.0000,0.0000,0.0000,0.0000,0.0000,0.0000,0.0000,0.0000,0.0000,0.0000,-24.190,-16.668,6.262,0.669,2.903,0.000000,-0.072100,0.524171,0.091465,0.456464
1074,927.00,0.000,-12.076,3.2266,4.8312,0.0000,16.3223,0.8738,37.3229,0.0000,43.8442,0.0000,1.6369,0.0000,0.0000,0.0000,0.0000,0.0000,0.0000,0.0000,0.0000,0.0000,0.0000,0.0000,-24.149,-16.647,6.251,0.668,2.898,0.000000,-0.071751,0.523357,0.090942,0.457452
1075,926.00,0.000,-12.093,3.2219,4.8315,0.0000,16.3564,0.8659,37.2612,0.0000,43.8890,0.0000,1.6274,0.0000,0.0000,0.0000,0.0000,0.0000,0.0000,0.0000,0.0000,0.0000,0.0000,0.0000,-24.106,-16.625,6.239,0.667,2.893,0.000000,-0.071407,0.522534,0.090426,0.458446
1076,925.00,0.000,-12.110,3.2171,4.8318,0.0000,16.3907,0.8581,37.1991,0.0000,43.9339,0.0000,1.6181,0.0000,0.0000,0.0000,0.0000,0.0000,0.0000,0.0000,0.0000,0.0000,0.0000,0.0000,-24.064,-16.603,6.227,0.666,2.889,0.000000,-0.071068,0.521705,0.089917,0.459446
1077,924.00,0.000,-12.127,3.2122,4.8322,0.0000,16.4253,0.8504,37.1365,0.0000,43.9788,0.0000,1.6090,0.0000,0.0000,0.0000,0.0000,0.0000,0.0000,0.0000,0.0000,0.0000,0.0000,0.0000,-24.020,-16.580,6.215,0.665,2.884,0.000000,-0.070734,0.520868,0.089415,0.460451
1078,923.00,0.000,-12.144,3.2072,4.8325,0.0000,16.4600,0.8428,37.0735,0.0000,44.0237,0.0000,1.6000,0.0000,0.0000,0.0000,0.0000,0.0000,0.0000,0.0000,0.0000,0.0000,0.0000,0.0000,-23.977,-16.558,6.203,0.664,2.879,0.000000,-0.070405,0.520025,0.088920,0.461460
1079,922.00,0.000,-12.161,3.2021,4.8328,0.0000,16.4950,0.8353,37.0101,0.0000,44.0686,0.0000,1.5910,0.0000,0.0000,0.0000,0.0000,0.0000,0.0000,0.0000,0.0000,0.0000,0.0000,0.0000,-23.933,-16.534,6.190,0.663,2.874,0.000000,-0.070080,0.519174,0.088431,0.462475
1080,921.00,0.000,-12.178,3.1969,4.8331,0.0000,16.5301,0.8278,36.9463,0.0000,44.1135,0.0000,1.5823,0.0000,0.0000,0.0000,0.0000,0.0000,0.0000,0.0000,0.0000,0.0000,0.0000,0.0000,-23.888,-16.511,6.178,0.661,2.869,0.000000,-0.069761,0.518317,0.087949,0.463495
1081,920.00,0.000,-12.195,3.1917,4.8333,0.0000,16.5655,0.8204,36.8821,0.0000,44.1584,0.0000,1.5736,0.0000,0.0000,0.0000,0.0000,0.0000,0.0000,0.0000,0.0000,0.0000,0.0000,0.0000,-23.843,-16.487,6.165,0.660,2.864,0.000000,-0.069446,0.517453,0.087474,0.464519
1082,919.00,0.000,-12.212,3.1864,4.8336,0.0000,16.6010,0.8131,36.8175,0.0000,44.2033,0.0000,1.5650,0.0000,0.0000,0.0000,0.0000,0.0000,0.0000,0.0000,0.0000,0.0000,0.0000,0.0000,-23.797,-16.463,6.152,0.659,2.859,0.000000,-0.069136,0.516583,0.087005,0.465548
1083,918.00,0.000,-12.230,3.1810,4.8339,0.0000,16.6367,0.8059,36.7525,0.0000,44.2483,0.0000,1.5566,0.0000,0.0000,0.0000,0.0000,0.0000,0.0000,0.0000,0.0000,0.0000,0.0000,0.0000,-23.752,-16.439,6.139,0.658,2.854,0.000000,-0.068831,0.515707,0.086543,0.466581
1084,917.00,0.000,-12.247,3.1756,4.8341,0.0000,16.6726,0.7988,36.6871,0.0000,44.2932,0.0000,1.5483,0.0000,0.0000,0.0000,0.0000,0.0000,0.0000,0.0000,0.0000,0.0000,0.0000,0.0000,-23.705,-16.414,6.126,0.657,2.848,0.000000,-0.068530,0.514824,0.086086,0.467619
1085,916.00,0.000,-12.264,3.1701,4.8344,0.0000,16.7086,0.7918,36.6214,0.0000,44.3381,0.0000,1.5401,0.0000,0.0000,0.0000,0.0000,0.0000,0.0000,0.0000,0.0000,0.0000,0.0000,0.0000,-23.659,-16.389,6.113,0.656,2.843,0.000000,-0.068233,0.513936,0.085636,0.468661
1086,915.00,0.000,-12.281,3.1646,4.8346,0.0000,16.7449,0.7848,36.5553,0.0000,44.3830,0.0000,1.5320,0.0000,0.0000,0.0000,0.0000,0.0000,0.0000,0.0000,0.0000,0.0000,0.0000,0.0000,-23.612,-16.364,6.100,0.655,2.838,0.000000,-0.067941,0.513042,0.085192,0.469707
1087,914.00,0.000,-12.299,3.1589,4.8349,0.0000,16.7812,0.7779,36.4889,0.0000,44.4279,0.0000,1.5241,0.0000,0.0000,0.0000,0.0000,0.0000,0.0000,0.0000,0.0000,0.0000,0.0000,0.0000,-23.565,-16.339,6.087,0.653,2.832,0.000000,-0.067653,0.512142,0.084754,0.470757
1088,913.00,0.000,-12.316,3.1533,4.8351,0.0000,16.8178,0.7711,36.4221,0.0000,44.4728,0.0000,1.5162,0.0000,0.0000,0.0000,0.0000,0.0000,0.0000,0.0000,0.0000,0.0000,0.0000,0.0000,-23.518,-16.314,6.073,0.652,2.827,0.000000,-0.067370,0.511236,0.084322,0.471811
1089,912.00,0.000,-12.334,3.1476,4.8353,0.0000,16.8544,0.7644,36.3551,0.0000,44.5177,0.0000,1.5084,0.0000,0.0000,0.0000,0.0000,0.0000,0.0000,0.0000,0.0000,0.0000,0.0000,0.0000,-23.470,-16.288,6.060,0.651,2.821,0.000000,-0.067090,0.510326,0.083896,0.472869
1090,911.00,0.000,-12.351,3.1209,4.8365,0.0000,16.8045,0.7595,36.4492,0.0000,44.4928,0.0000,1.4939,0.0000,0.0000,0.0000,0.0000,0.0000,0.0000,0.0000,0.0000,0.0000,0.0000,0.0000,-23.249,-16.138,6.005,0.645,2.797,0.000000,-0.066399,0.511742,0.083101,0.471556
1091,910.00,0.000,-12.368,3.0993,4.8374,0.0000,16.7760,0.7543,36.5037,0.0000,44.4849,0.0000,1.4812,0.0000,0.0000,0.0000,0.0000,0.0000,0.0000,0.0000,0.0000,0.0000,0.0000,0.0000,-23.071,-16.018,5.961,0.641,2.777,0.000000,-0.065819,0.512585,0.082408,0.470826
1092,909.00,0.000,-12.386,3.0777,4.8383,0.0000,16.7475,0.7491,36.5580,0.0000,44.4767,0.0000,1.4687,0.0000,0.0000,0.0000,0.0000,0.0000,0.0000,0.0000,0.0000,0.0000,0.0000,0.0000,-22.892,-15.898,5.916,0.636,2.757,0.000000,-0.065247,0.513425,0.081724,0.470097
1093,908.00,0.000,-12.403,3.0559,4.8391,0.0000,16.7191,0.7440,36.6122,0.0000,44.4684,0.0000,1.4564,0.0000,0.0000,0.0000,0.0000,0.0000,0.0000,0.0000,0.0000,0.0000,0.0000,0.0000,-22.713,-15.778,5.871,0.632,2.738,0.000000,-0.064684,0.514264,0.081051,0.469370
1094,907.00,0.000,-12.421,3.0341,4.8400,0.0000,16.6907,0.7389,36.6664,0.0000,44.4598,0.0000,1.4442,0.0000,0.0000,0.0000,0.0000,0.0000,0.0000,0.0000,0.0000,0.0000,0.0000,0.0000,-22.534,-15.658,5.826,0.627,2.718,0.000000,-0.064129,0.515099,0.080386,0.468643
1095,906.00,0.000,-12.438,3.0122,4.8409,0.0000,16.6625,0.7339,36.7204,0.0000,44.4511,0.0000,1.4322,0.0000,0.0000,0.0000,0.0000,0.0000,0.0000,0.0000,0.0000,0.0000,0.0000,0.0000,-22.354,-15.537,5.781,0.622,2.698,0.000000,-0.063582,0.515933,0.079731,0.467917
1096,905.00,0.000,-12.456,2.9903,4.8418,0.0000,16.6343,0.7289,36.7743,0.0000,44.4422,0.0000,1.4204,0.0000,0.0000,0.0000,0.0000,0.0000,0.0000,0.0000,0.0000,0.0000,0.0000,0.0000,-22.175,-15.417,5.736,0.618,2.678,0.000000,-0.063042,0.516765,0.079085,0.467193
1097,904.00,0.000,-12.474,2.9683,4.8426,0.0000,16.6061,0.7240,36.8281,0.0000,44.4331,0.0000,1.4087,0.0000,0.0000,0.0000,0.0000,0.0000,0.0000,0.0000,0.0000,0.0000,0.0000,0.0000,-21.995,-15.296,5.691,0.613,2.658,0.000000,-0.062511,0.517595,0.078447,0.466469
1098,903.00,0.000,-12.491,2.9462,4.8435,0.0000,16.5780,0.7191,36.8818,0.0000,44.4238,0.0000,1.3973,0.0000,0.0000,0.0000,0.0000,0.0000,0.0000,0.0000,0.0000,0.0000,0.0000,0.0000,-21.815,-15.175,5.646,0.608,2.638,0.000000,-0.061987,0.518423,0.077818,0.465746
1099,902.00,0.000,-12.509,2.9240,4.8443,0.0000,16.5500,0.7143,36.9354,0.0000,44.4144,0.0000,1.3859,0.0000,0.0000,0.0000,0.0000,0.0000,0.0000,0.0000,0.0000,0.0000,0.0000,0.0000,-21.635,-15.054,5.600,0.604,2.617,0.000000,-0.061470,0.519249,0.077198,0.465023
1100,901.00,0.000,-12.527,2.9018,4.8452,0.0000,16.5220,0.7095,36.9890,0.0000,44.4047,0.0000,1.3747,0.0000,0.0000,0.0000,0.0000,0.0000,0.0000,0.0000,0.0000,0.0000,0.0000,0.0000,-21.455,-14.932,5.555,0.599,2.597,0.000000,-0.060961,0.520074,0.076585,0.464301
1101,900.00,0.000,-12.545,2.8795,4.8460,0.0000,16.4941,0.7048,37.0425,0.0000,44.3949,0.0000,1.3637,0.0000,0.0000,0.0000,0.0000,0.0000,0.0000,0.0000,0.0000,0.0000,0.0000,0.0000,-21.275,-14.811,5.510,0.594,2.577,0.000000,-0.060459,0.520897,0.075981,0.463580
1102,899.00,0.000,-12.562,2.8572,4.8468,0.0000,16.4663,0.7001,37.0959,0.0000,44.3849,0.0000,1.3528,0.0000,0.0000,0.0000,0.0000,0.0000,0.0000,0.0000,0.0000,0.0000,0.0000,0.0000,-21.094,-14.689,5.464,0.589,2.557,0.000000,-0.059963,0.521719,0.075385,0.462859
1103,898.00,0.000,-12.580,2.8348,4.8477,0.0000,16.4384,0.6955,37.1492,0.0000,44.3747,0.0000,1.3421,0.0000,0.0000,0.0000,0.0000,0.0000,0.0000,0.0000,0.0000,0.0000,0.0000,0.0000,-20.913,-14.568,5.418,0.585,2.536,0.000000,-0.059475,0.522539,0.074797,0.462139
1104,897.00,0.000,-12.598,2.8123,4.8485,0.0000,16.4106,0.6909,37.2025,0.0000,44.3644,0.0000,1.3315,0.0000,0.0000,0.0000,0.0000,0.0000,0.0000,0.0000,0.0000,0.0000,0.0000,0.0000,-20.733,-14.446,5.373,0.580,2.516,0.000000,-0.058993,0.523358,0.074217,0.461419
1105,896.00,0.000,-12.616,2.7898,4.8493,0.0000,16.3829,0.6864,37.2557,0.0000,44.3539,0.0000,1.3211,0.0000,0.0000,0.0000,0.0000,0.0000,0.0000,0.0000,0.0000,0.0000,0.0000,0.0000,-20.552,-14.324,5.327,0.575,2.495,0.000000,-0.058518,0.524175,0.073644,0.460699
1106,895.00,0.000,-12.634,2.7672,4.8501,0.0000,16.3552,0.6819,37.3089,0.0000,44.3432,0.0000,1.3107,0.0000,0.0000,0.0000,0.0000,0.0000,0.0000,0.0000,0.0000,0.0000,0.0000,0.0000,-20.370,-14.201,5.281,0.571,2.475,0.000000,-0.058049,0.524991,0.073078,0.459980
1107,894.00,0.000,-12.652,2.7445,4.8509,0.0000,16.3275,0.6775,37.3620,0.0000,44.3324,0.0000,1.3006,0.0000,0.0000,0.0000,0.0000,0.0000,0.0000,0.0000,0.0000,0.0000,0.0000,0.0000,-20.189,-14.079,5.235,0.566,2.454,0.000000,-0.057587,0.525807,0.072520,0.459260
1108,893.00,0.000,-12.670,2.7218,4.8517,0.0000,16.2999,0.6731,37.4151,0.0000,44.3214,0.0000,1.2905,0.0000,0.0000,0.0000,0.0000,0.0000,0.0000,0.0000,0.0000,0.0000,0.0000,0.0000,-20.008,-13.956,5.189,0.561,2.434,0.000000,-0.057131,0.526621,0.071969,0.458541
1109,892.00,0.000,-12.688,2.6990,4.8525,0.0000,16.2723,0.6688,37.4682,0.0000,44.3102,0.0000,1.2806,0.0000,0.0000,0.0000,0.0000,0.0000,0.0000,0.0000,0.0000,0.0000,0.0000,0.0000,-19.826,-13.834,5.143,0.556,2.413,0.000000,-0.056681,0.527434,0.071425,0.457822
1110,891.00,0.000,-12.706,2.6761,4.8533,0.0000,16.2447,0.6645,37.5212,0.0000,44.2989,0.0000,1.2708,0.0000,0.0000,0.0000,0.0000,0.0000,0.0000,0.0000,0.0000,0.0000,0.0000,0.0000,-19.644,-13.711,5.097,0.551,2.392,0.000000,-0.056236,0.528246,0.070888,0.457103
1111,890.00,0.000,-12.724,2.6532,4.8540,0.0000,16.2171,0.6602,37.5742,0.0000,44.2874,0.0000,1.2611,0.0000,0.0000,0.0000,0.0000,0.0000,0.0000,0.0000,0.0000,0.0000,0.0000,0.0000,-19.462,-13.588,5.051,0.547,2.372,0.000000,-0.055798,0.529057,0.070357,0.456384
1112,889.00,0.000,-12.742,2.6302,4.8548,0.0000,16.1896,0.6560,37.6271,0.0000,44.2757,0.0000,1.2516,0.0000,0.0000,0.0000,0.0000,0.0000,0.0000,0.0000,0.0000,0.0000,0.0000,0.0000,-19.280,-13.464,5.004,0.542,2.351,0.000000,-0.055365,0.529867,0.069833,0.455664
1113,888.00,0.000,-12.760,2.6071,4.8556,0.0000,16.1621,0.6518,37.6800,0.0000,44.2639,0.0000,1.2422,0.0000,0.0000,0.0000,0.0000,0.0000,0.0000,0.0000,0.0000,0.0000,0.0000,0.0000,-19.098,-13.341,4.958,0.537,2.330,0.000000,-0.054938,0.530677,0.069316,0.454945
1114,887.00,0.000,-12.778,2.5840,4.8564,0.0000,16.1346,0.6477,37.7330,0.0000,44.2519,0.0000,1.2329,0.0000,0.0000,0.0000,0.0000,0.0000,0.0000,0.0000,0.0000,0.0000,0.0000,0.0000,-18.915,-13.217,4.911,0.532,2.309,0.000000,-0.054516,0.531486,0.068805,0.454225
1115,886.00,0.000,-12.796,2.5608,4.8571,0.0000,16.1071,0.6436,37.7858,0.0000,44.2398,0.0000,1.2237,0.0000,0.0000,0.0000,0.0000,0.0000,0.0000,0.0000,0.0000,0.0000,0.0000,0.0000,-18.732,-13.093,4.865,0.527,2.288,0.000000,-0.054100,0.532294,0.068300,0.453506
1116,885.00,0.000,-12.814,2.5376,4.8579,0.0000,16.0796,0.6396,37.8387,0.0000,44.2275,0.0000,1.2146,0.0000,0.0000,0.0000,0.0000,0.0000,0.0000,0.0000,0.0000,0.0000,0.0000,0.0000,-18.550,-12.969,4.818,0.522,2.267,0.000000,-0.053689,0.533102,0.067802,0.452785
1117,884.00,0.000,-12.833,2.5142,4.8586,0.0000,16.0521,0.6356,37.8916,0.0000,44.2151,0.0000,1.2056,0.0000,0.0000,0.0000,0.0000,0.0000,0.0000,0.0000,0.0000,0.0000,0.0000,0.0000,-18.366,-12.845,4.771,0.517,2.246,0.000000,-0.053283,0.533909,0.067309,0.452065
1118,883.00,0.000,-12.851,2.4909,4.8594,0.0000,16.0247,0.6316,37.9444,0.0000,44.2025,0.0000,1.1968,0.0000,0.0000,0.0000,0.0000,0.0000,0.0000,0.0000,0.0000,0.0000,0.0000,0.0000,-18.183,-12.721,4.725,0.513,2.225,0.000000,-0.052882,0.534716,0.066822,0.451344
1119,882.00,0.000,-12.869,2.4674,4.8601,0.0000,15.9973,0.6277,37.9973,0.0000,44.1897,0.0000,1.1880,0.0000,0.0000,0.0000,0.0000,0.0000,0.0000,0.0000,0.0000,0.0000,0.0000,0.0000,-18.000,-12.596,4.678,0.508,2.204,0.000000,-0.052486,0.535522,0.066341,0.450623
1120,881.00,0.000,-12.887,2.4439,4.8609,0.0000,15.9698,0.6238,38.0502,0.0000,44.1768,0.0000,1.1794,0.0000,0.0000,0.0000,0.0000,0.0000,0.0000,0.0000,0.0000,0.0000,0.0000,0.0000,-17.816,-12.471,4.631,0.503,2.182,0.000000,-0.052095,0.536328,0.065866,0.449901
1121,880.00,0.000,-12.906,2.4203,4.8616,0.0000,15.9424,0.6200,38.1030,0.0000,44.1638,0.0000,1.1709,0.0000,0.0000,0.0000,0.0000,0.0000,0.0000,0.0000,0.0000,0.0000,0.0000,0.0000,-17.632,-12.346,4.584,0.498,2.161,0.000000,-0.051709,0.537133,0.065397,0.449179
1122,879.00,0.000,-12.924,2.3967,4.8623,0.0000,15.9150,0.6162,38.1559,0.0000,44.1506,0.0000,1.1624,0.0000,0.0000,0.0000,0.0000,0.0000,0.0000,0.0000,0.0000,0.0000,0.0000,0.0000,-17.448,-12.221,4.537,0.493,2.140,0.000000,-0.051327,0.537938,0.064932,0.448456
1123,878.00,0.000,-12.943,2.3729,4.8631,0.0000,15.8875,0.6124,38.2087,0.0000,44.1373,0.0000,1.1541,0.0000,0.0000,0.0000,0.0000,0.0000,0.0000,0.0000,0.0000,0.0000,0.0000,0.0000,-17.263,-12.095,4.490,0.488,2.118,0.000000,-0.050950,0.538743,0.064474,0.447733
1124,877.00,0.000,-12.961,2.3491,4.8638,0.0000,15.8601,0.6087,38.2616,0.0000,44.1238,0.0000,1.1458,0.0000,0.0000,0.0000,0.0000,0.0000,0.0000,0.0000,0.0000,0.0000,0.0000,0.0000,-17.079,-11.970,4.442,0.483,2.097,0.000000,-0.050577,0.539548,0.064020,0.447009
1125,876.00,0.000,-12.980,2.3253,4.8645,0.0000,15.8327,0.6050,38.3145,0.0000,44.1102,0.0000,1.1377,0.0000,0.0000,0.0000,0.0000,0.0000,0.0000,0.0000,0.0000,0.0000,0.0000,0.0000,-16.894,-11.844,4.395,0.478,2.075,0.000000,-0.050209,0.540353,0.063572,0.446285
1126,875.00,0.000,-12.998,2.3013,4.8652,0.0000,15.8052,0.6013,38.3674,0.0000,44.0964,0.0000,1.1296,0.0000,0.0000,0.0000,0.0000,0.0000,0.0000,0.0000,0.0000,0.0000,0.0000,0.0000,-16.709,-11.717,4.347,0.473,2.054,0.000000,-0.049845,0.541157,0.063128,0.445560
1127,874.00,0.000,-13.017,2.2773,4.8659,0.0000,15.7778,0.5977,38.4203,0.0000,44.0826,0.0000,1.1217,0.0000,0.0000,0.0000,0.0000,0.0000,0.0000,0.0000,0.0000,0.0000,0.0000,0.0000,-16.523,-11.591,4.300,0.468,2.032,0.000000,-0.049485,0.541962,0.062690,0.444834
1128,873.00,0.000,-13.035,2.2532,4.8666,0.0000,15.7504,0.5941,38.4732,0.0000,44.0685,0.0000,1.1138,0.0000,0.0000,0.0000,0.0000,0.0000,0.0000,0.0000,0.0000,0.0000,0.0000,0.0000,-16.338,-11.464,4.252,0.463,2.010,0.000000,-0.049130,0.542766,0.062257,0.444107
1129,872.00,0.000,-13.054,2.2290,4.8673,0.0000,15.7229,0.5905,38.5262,0.0000,44.0543,0.0000,1.1060,0.0000,0.0000,0.0000,0.0000,0.0000,0.0000,0.0000,0.0000,0.0000,0.0000,0.0000,-16.152,-11.337,4.204,0.458,1.989,0.000000,-0.048778,0.543570,0.061828,0.443380
1130,871.00,0.000,-13.073,2.2048,4.8681,0.0000,15.6954,0.5870,38.5792,0.0000,44.0400,0.0000,1.0983,0.0000,0.0000,0.0000,0.0000,0.0000,0.0000,0.0000,0.0000,0.0000,0.0000,0.0000,-15.965,-11.210,4.157,0.453,1.967,0.000000,-0.048431,0.544375,0.061404,0.442652
1131,870.00,0.000,-13.091,2.1805,4.8688,0.0000,15.6680,0.5836,38.6322,0.0000,44.0256,0.0000,1.0907,0.0000,0.0000,0.0000,0.0000,0.0000,0.0000,0.0000,0.0000,0.0000,0.0000,0.0000,-15.779,-11.082,4.109,0.448,1.945,0.000000,-0.048087,0.545180,0.060985,0.441923
1132,869.00,0.000,-13.110,2.1561,4.8695,0.0000,15.6405,0.5801,38.6852,0.0000,44.0110,0.0000,1.0832,0.0000,0.0000,0.0000,0.0000,0.0000,0.0000,0.0000,0.0000,0.0000,0.0000,0.0000,-15.592,-10.954,4.061,0.443,1.923,0.000000,-0.047747,0.545984,0.060570,0.441193
1133,868.00,0.000,-13.129,2.1316,4.8701,0.0000,15.6130,0.5767,38.7383,0.0000,43.9963,0.0000,1.0757,0.0000,0.0000,0.0000,0.0000,0.0000,0.0000,0.0000,0.0000,0.0000,0.0000,0.0000,-15.405,-10.826,4.012,0.438,1.901,0.000000,-0.047411,0.546789,0.060160,0.440462
1134,867.00,0.000,-13.148,2.1116,4.8709,0.0000,15.5818,0.5724,38.7996,0.0000,43.9779,0.0000,1.0683,0.0000,0.0000,0.0000,0.0000,0.0000,0.0000,0.0000,0.0000,0.0000,0.0000,0.0000,-15.250,-10.720,3.973,0.434,1.883,0.000000,-0.047097,0.547715,0.059753,0.439629
1135,866.00,0.000,-13.166,2.0953,4.8717,0.0000,15.5476,0.5675,38.8673,0.0000,43.9565,0.0000,1.0611,0.0000,0.0000,0.0000,0.0000,0.0000,0.0000,0.0000,0.0000,0.0000,0.0000,0.0000,-15.121,-10.633,3.940,0.430,1.868,0.000000,-0.046804,0.548733,0.059354,0.438718
1136,865.00,0.000,-13.185,2.0793,4.8724,0.0000,15.5136,0.5627,38.9348,0.0000,43.9350,0.0000,1.0539,0.0000,0.0000,0.0000,0.0000,0.0000,0.0000,0.0000,0.0000,0.0000,0.0000,0.0000,-14.994,-10.547,3.908,0.427,1.854,0.000000,-0.046518,0.549749,0.058961,0.437807
1137,864.00,0.000,-13.204,2.0635,4.8732,0.0000,15.4796,0.5579,39.0022,0.0000,43.9133,0.0000,1.0469,0.0000,0.0000,0.0000,0.0000,0.0000,0.0000,0.0000,0.0000,0.0000,0.0000,0.0000,-14.869,-10.462,3.876,0.423,1.840,0.000000,-0.046237,0.550763,0.058576,0.436897
1138,863.00,0.000,-13.223,2.0478,4.8739,0.0000,15.4457,0.5532,39.0695,0.0000,43.8915,0.0000,1.0400,0.0000,0.0000,0.0000,0.0000,0.0000,0.0000,0.0000,0.0000,0.0000,0.0000,0.0000,-14.746,-10.378,3.845,0.420,1.825,0.000000,-0.045961,0.551775,0.058197,0.435989
1139,862.00,0.000,-13.242,2.0324,4.8747,0.0000,15.4118,0.5485,39.1367,0.0000,43.8696,0.0000,1.0333,0.0000,0.0000,0.0000,0.0000,0.0000,0.0000,0.0000,0.0000,0.0000,0.0000,0.0000,-14.624,-10.295,3.814,0.417,1.812,0.000000,-0.045691,0.552785,0.057826,0.435081
1140,861.00,0.000,-13.261,2.0172,4.8754,0.0000,15.3780,0.5439,39.2038,0.0000,43.8476,0.0000,1.0266,0.0000,0.0000,0.0000,0.0000,0.0000,0.0000,0.0000,0.0000,0.0000,0.0000,0.0000,-14.504,-10.214,3.783,0.414,1.798,0.000000,-0.045427,0.553793,0.057460,0.434173
1141,860.00,0.000,-13.280,2.0021,4.8761,0.0000,15.3443,0.5394,39.2708,0.0000,43.8254,0.0000,1.0201,0.0000,0.0000,0.0000,0.0000,0.0000,0.0000,0.0000,0.0000,0.0000,0.0000,0.0000,-14.386,-10.134,3.753,0.411,1.784,0.000000,-0.045167,0.554799,0.057101,0.433267
1142,859.00,0.000,-13.299,1.9873,4.8769,0.0000,15.3106,0.5349,39.3377,0.0000,43.8032,0.0000,1.0137,0.0000,0.0000,0.0000,0.0000,0.0000,0.0000,0.0000,0.0000,0.0000,0.0000,0.0000,-14.269,-10.054,3.723,0.407,1.771,0.000000,-0.044912,0.555803,0.056748,0.432361
1143,858.00,0.000,-13.318,1.9727,4.8776,0.0000,15.2769,0.5304,39.4045,0.0000,43.7808,0.0000,1.0074,0.0000,0.0000,0.0000,0.0000,0.0000,0.0000,0.0000,0.0000,0.0000,0.0000,0.0000,-14.154,-9.976,3.694,0.404,1.758,0.000000,-0.044662,0.556805,0.056401,0.431456
1144,857.00,0.000,-13.337,1.9582,4.8783,0.0000,15.2433,0.5260,39.4712,0.0000,43.7583,0.0000,1.0012,0.0000,0.0000,0.0000,0.0000,0.0000,0.0000,0.0000,0.0000,0.0000,0.0000,0.0000,-14.041,-9.899,3.665,0.401,1.745,0.000000,-0.044417,0.557806,0.056060,0.430551
1145,856.00,0.000,-13.356,1.9440,4.8790,0.0000,15.2097,0.5217,39.5378,0.0000,43.7357,0.0000,0.9951,0.0000,0.0000,0.0000,0.0000,0.0000,0.0000,0.0000,0.0000,0.0000,0.0000,0.0000,-13.929,-9.823,3.636,0.398,1.732,0.000000,-0.044176,0.558805,0.055724,0.429647
1146,855.00,0.000,-13.376,1.9299,4.8797,0.0000,15.1762,0.5174,39.6043,0.0000,43.7130,0.0000,0.9891,0.0000,0.0000,0.0000,0.0000,0.0000,0.0000,0.0000,0.0000,0.0000,0.0000,0.0000,-13.818,-9.748,3.608,0.395,1.719,0.000000,-0.043939,0.559802,0.055394,0.428743
1147,854.00,0.000,-13.395,1.9160,4.8805,0.0000,15.1427,0.5132,39.6708,0.0000,43.6902,0.0000,0.9832,0.0000,0.0000,0.0000,0.0000,0.0000,0.0000,0.0000,0.0000,0.0000,0.0000,0.0000,-13.710,-9.674,3.580,0.393,1.707,0.000000,-0.043707,0.560798,0.055069,0.427840
1148,853.00,0.000,-13.414,1.9024,4.8812,0.0000,15.1092,0.5090,39.7372,0.0000,43.6673,0.0000,0.9774,0.0000,0.0000,0.0000,0.0000,0.0000,0.0000,0.0000,0.0000,0.0000,0.0000,0.0000,-13.602,-9.601,3.553,0.390,1.694,0.000000,-0.043479,0.561793,0.054748,0.426937
1149,852.00,0.000,-13.433,1.8889,4.8819,0.0000,15.0758,0.5048,39.8035,0.0000,43.6443,0.0000,0.9717,0.0000,0.0000,0.0000,0.0000,0.0000,0.0000,0.0000,0.0000,0.0000,0.0000,0.0000,-13.496,-9.529,3.526,0.387,1.682,0.000000,-0.043254,0.562786,0.054433,0.426035
1150,851.00,0.000,-13.453,1.8755,4.8826,0.0000,15.0424,0.5007,39.8698,0.0000,43.6211,0.0000,0.9660,0.0000,0.0000,0.0000,0.0000,0.0000,0.0000,0.0000,0.0000,0.0000,0.0000,0.0000,-13.392,-9.459,3.499,0.384,1.670,0.000000,-0.043034,0.563778,0.054123,0.425132
1151,850.00,0.000,-13.472,1.8624,4.8832,0.0000,15.0090,0.4967,39.9359,0.0000,43.5979,0.0000,0.9605,0.0000,0.0000,0.0000,0.0000,0.0000,0.0000,0.0000,0.0000,0.0000,0.0000,0.0000,-13.289,-9.389,3.473,0.381,1.658,0.000000,-0.042817,0.564769,0.053817,0.424231
1152,849.00,0.000,-13.491,1.8494,4.8839,0.0000,14.9756,0.4926,40.0021,0.0000,43.5746,0.0000,0.9550,0.0000,0.0000,0.0000,0.0000,0.0000,0.0000,0.0000,0.0000,0.0000,0.0000,0.0000,-13.187,-9.320,3.447,0.379,1.647,0.000000,-0.042604,0.565759,0.053516,0.423329
1153,848.00,0.000,-13.511,1.8366,4.8846,0.0000,14.9423,0.4887,40.0681,0.0000,43.5512,0.0000,0.9496,0.0000,0.0000,0.0000,0.0000,0.0000,0.0000,0.0000,0.0000,0.0000,0.0000,0.0000,-13.087,-9.252,3.421,0.376,1.635,0.000000,-0.042394,0.566747,0.053220,0.422427
1154,847.00,0.000,-13.530,1.8240,4.8853,0.0000,14.9090,0.4847,40.1341,0.0000,43.5278,0.0000,0.9443,0.0000,0.0000,0.0000,0.0000,0.0000,0.0000,0.0000,0.0000,0.0000,0.0000,0.0000,-12.988,-9.185,3.396,0.373,1.624,0.000000,-0.042187,0.567734,0.052927,0.421526
1155,846.00,0.000,-13.550,1.8115,4.8860,0.0000,14.8758,0.4809,40.2001,0.0000,43.5042,0.0000,0.9391,0.0000,0.0000,0.0000,0.0000,0.0000,0.0000,0.0000,0.0000,0.0000,0.0000,0.0000,-12.891,-9.119,3.371,0.371,1.612,0.000000,-0.041984,0.568721,0.052639,0.420625
1156,845.00,0.000,-13.569,1.7992,4.8867,0.0000,14.8425,0.4770,40.2660,0.0000,43.4805,0.0000,0.9339,0.0000,0.0000,0.0000,0.0000,0.0000,0.0000,0.0000,0.0000,0.0000,0.0000,0.0000,-12.795,-9.053,3.346,0.368,1.601,0.000000,-0.041784,0.569706,0.052355,0.419724
1157,844.00,0.000,-13.589,1.7871,4.8873,0.0000,14.8093,0.4732,40.3318,0.0000,43.4568,0.0000,0.9288,0.0000,0.0000,0.0000,0.0000,0.0000,0.0000,0.0000,0.0000,0.0000,0.0000,0.0000,-12.700,-8.989,3.322,0.366,1.590,0.000000,-0.041587,0.570690,0.052075,0.418823
1158,843.00,0.000,-13.608,1.7751,4.8880,0.0000,14.7761,0.4694,40.3976,0.0000,43.4330,0.0000,0.9238,0.0000,0.0000,0.0000,0.0000,0.0000,0.0000,0.0000,0.0000,0.0000,0.0000,0.0000,-12.606,-8.926,3.298,0.363,1.580,0.000000,-0.041394,0.571673,0.051798,0.417922
1159,842.00,0.000,-13.628,1.7633,4.8887,0.0000,14.7429,0.4657,40.4634,0.0000,43.4091,0.0000,0.9189,0.0000,0.0000,0.0000,0.0000,0.0000,0.0000,0.0000,0.0000,0.0000,0.0000,0.0000,-12.514,-8.863,3.274,0.361,1.569,0.000000,-0.041203,0.572655,0.051526,0.417022
1160,841.00,0.000,-13.648,1.7517,4.8893,0.0000,14.7098,0.4620,40.5291,0.0000,43.3851,0.0000,0.9140,0.0000,0.0000,0.0000,0.0000,0.0000,0.0000,0.0000,0.0000,0.0000,0.0000,0.0000,-12.423,-8.801,3.251,0.358,1.559,0.000000,-0.041015,0.573637,0.051257,0.416121
1161,840.00,0.000,-13.668,1.7402,4.8900,0.0000,14.6766,0.4584,40.5947,0.0000,43.3610,0.0000,0.9092,0.0000,0.0000,0.0000,0.0000,0.0000,0.0000,0.0000,0.0000,0.0000,0.0000,0.0000,-12.333,-8.740,3.228,0.356,1.548,0.000000,-0.040829,0.574617,0.050991,0.415221
1162,839.00,0.000,-13.687,1.7288,4.8907,0.0000,14.6435,0.4548,40.6604,0.0000,43.3369,0.0000,0.9044,0.0000,0.0000,0.0000,0.0000,0.0000,0.0000,0.0000,0.0000,0.0000,0.0000,0.0000,-12.245,-8.680,3.205,0.353,1.538,0.000000,-0.040646,0.575597,0.050729,0.414320
1163,838.00,0.000,-13.707,1.7176,4.8913,0.0000,14.6104,0.4512,40.7259,0.0000,43.3127,0.0000,0.8998,0.0000,0.0000,0.0000,0.0000,0.0000,0.0000,0.0000,0.0000,0.0000,0.0000,0.0000,-12.157,-8.621,3.182,0.351,1.528,0.000000,-0.040466,0.576576,0.050471,0.413420
1164,837.00,0.000,-13.727,1.7066,4.8920,0.0000,14.5773,0.4477,40.7915,0.0000,43.2884,0.0000,0.8951,0.0000,0.0000,0.0000,0.0000,0.0000,0.0000,0.0000,0.0000,0.0000,0.0000,0.0000,-12.071,-8.563,3.160,0.349,1.518,0.000000,-0.040289,0.577554,0.050216,0.412519
1165,836.00,0.000,-13.747,1.6957,4.8926,0.0000,14.5442,0.4441,40.8569,0.0000,43.2641,0.0000,0.8906,0.0000,0.0000,0.0000,0.0000,0.0000,0.0000,0.0000,0.0000,0.0000,0.0000,0.0000,-11.986,-8.505,3.138,0.347,1.508,0.000000,-0.040114,0.578531,0.049964,0.411619
1166,835.00,0.000,-13.767,1.6849,4.8933,0.0000,14.5112,0.4407,40.9224,0.0000,43.2397,0.0000,0.8860,0.0000,0.0000,0.0000,0.0000,0.0000,0.0000,0.0000,0.0000,0.0000,0.0000,0.0000,-11.902,-8.448,3.117,0.344,1.498,0.000000,-0.039941,0.579507,0.049715,0.410719
1167,834.00,0.000,-13.787,1.6743,4.8939,0.0000,14.4781,0.4372,40.9878,0.0000,43.2152,0.0000,0.8816,0.0000,0.0000,0.0000,0.0000,0.0000,0.0000,0.0000,0.0000,0.0000,0.0000,0.0000,-11.819,-8.392,3.096,0.342,1.489,0.000000,-0.039770,0.580483,0.049469,0.409818
1168,833.00,0.000,-13.806,1.6638,4.8946,0.0000,14.4451,0.4338,41.0532,0.0000,43.1907,0.0000,0.8772,0.0000,0.0000,0.0000,0.0000,0.0000,0.0000,0.0000,0.0000,0.0000,0.0000,0.0000,-11.737,-8.336,3.075,0.340,1.479,0.000000,-0.039602,0.581458,0.049226,0.408918
1169,832.00,0.000,-13.826,1.6535,4.8952,0.0000,14.4121,0.4305,41.1185,0.0000,43.1661,0.0000,0.8728,0.0000,0.0000,0.0000,0.0000,0.0000,0.0000,0.0000,0.0000,0.0000,0.0000,0.0000,-11.657,-8.282,3.054,0.338,1.470,0.000000,-0.039436,0.582432,0.048986,0.408018
1170,831.00,0.000,-13.846,1.6433,4.8959,0.0000,14.3791,0.4271,41.1838,0.0000,43.1414,0.0000,0.8685,0.0000,0.0000,0.0000,0.0000,0.0000,0.0000,0.0000,0.0000,0.0000,0.0000,0.0000,-11.577,-8.228,3.033,0.336,1.461,0.000000,-0.039273,0.583406,0.048749,0.407117
1171,830.00,0.000,-13.867,1.6332,4.8965,0.0000,14.3461,0.4238,41.2491,0.0000,43.1167,0.0000,0.8643,0.0000,0.0000,0.0000,0.0000,0.0000,0.0000,0.0000,0.0000,0.0000,0.0000,0.0000,-11.499,-8.175,3.013,0.334,1.452,0.000000,-0.039111,0.584379,0.048515,0.406217
1172,829.00,0.000,-13.887,1.6233,4.8971,0.0000,14.3131,0.4206,41.3143,0.0000,43.0919,0.0000,0.8601,0.0000,0.0000,0.0000,0.0000,0.0000,0.0000,0.0000,0.0000,0.0000,0.0000,0.0000,-11.421,-8.122,2.993,0.331,1.443,0.000000,-0.038951,0.585351,0.048283,0.405317
1173,828.00,0.000,-13.907,1.6134,4.8978,0.0000,14.2802,0.4173,41.3795,0.0000,43.0671,0.0000,0.8560,0.0000,0.0000,0.0000,0.0000,0.0000,0.0000,0.0000,0.0000,0.0000,0.0000,0.0000,-11.345,-8.070,2.974,0.329,1.434,0.000000,-0.038794,0.586323,0.048055,0.404416
1174,827.00,0.000,-13.927,1.6037,4.8984,0.0000,14.2472,0.4141,41.4446,0.0000,43.0422,0.0000,0.8519,0.0000,0.0000,0.0000,0.0000,0.0000,0.0000,0.0000,0.0000,0.0000,0.0000,0.0000,-11.269,-8.019,2.954,0.327,1.425,0.000000,-0.038638,0.587294,0.047828,0.403516
1175,826.00,0.000,-13.947,1.5942,4.8990,0.0000,14.2143,0.4109,41.5098,0.0000,43.0172,0.0000,0.8478,0.0000,0.0000,0.0000,0.0000,0.0000,0.0000,0.0000,0.0000,0.0000,0.0000,0.0000,-11.195,-7.969,2.935,0.325,1.417,0.000000,-0.038484,0.588264,0.047605,0.402616
1176,825.00,0.000,-13.967,1.5847,4.8997,0.0000,14.1814,0.4078,41.5749,0.0000,42.9922,0.0000,0.8438,0.0000,0.0000,0.0000,0.0000,0.0000,0.0000,0.0000,0.0000,0.0000,0.0000,0.0000,-11.121,-7.919,2.916,0.323,1.408,0.000000,-0.038332,0.589233,0.047383,0.401715
1177,824.00,0.000,-13.988,1.5754,4.9003,0.0000,14.1485,0.4046,41.6399,0.0000,42.9672,0.0000,0.8398,0.0000,0.0000,0.0000,0.0000,0.0000,0.0000,0.0000,0.0000,0.0000,0.0000,0.0000,-11.048,-7.870,2.897,0.321,1.400,0.000000,-0.038182,0.590203,0.047164,0.400815
1178,823.00,0.000,-14.008,1.5685,4.9009,0.0000,14.1153,0.4022,41.7049,0.0000,42.9414,0.0000,0.8362,0.0000,0.0000,0.0000,0.0000,0.0000,0.0000,0.0000,0.0000,0.0000,0.0000,0.0000,-10.993,-7.833,2.883,0.320,1.394,0.000000,-0.038035,0.591167,0.046966,0.399903
1179,822.00,0.000,-14.028,1.5690,4.9014,0.0000,14.0804,0.4021,41.7710,0.0000,42.9129,0.0000,0.8336,0.0000,0.0000,0.0000,0.0000,0.0000,0.0000,0.0000,0.0000,0.0000,0.0000,0.0000,-10.990,-7.833,2.883,0.320,1.394,0.000000,-0.037895,0.592137,0.046822,0.398937
1180,821.00,0.000,-14.049,1.5697,4.9020,0.0000,14.0452,0.4019,41.8377,0.0000,42.8843,0.0000,0.8310,0.0000,0.0000,0.0000,0.0000,0.0000,0.0000,0.0000,0.0000,0.0000,0.0000,0.0000,-10.988,-7.835,2.882,0.320,1.395,0.000000,-0.037752,0.593115,0.046675,0.397962
1181,820.00,0.000,-14.069,1.5704,4.9023,0.0000,14.0281,0.4017,41.8701,0.0000,42.8703,0.0000,0.8297,0.0000,0.0000,0.0000,0.0000,0.0000,0.0000,0.0000,0.0000,0.0000,0.0000,0.0000,-10.989,-7.838,2.882,0.320,1.395,0.000000,-0.037686,0.593590,0.046606,0.397490
1182,819.00,0.000,-14.090,1.5711,4.9031,0.0000,13.9776,0.4015,41.9659,0.0000,42.8291,0.0000,0.8259,0.0000,0.0000,0.0000,0.0000,0.0000,0.0000,0.0000,0.0000,0.0000,0.0000,0.0000,-10.985,-7.838,2.882,0.320,1.396,0.000000,-0.037478,0.594996,0.046394,0.396088
1183,818.00,0.000,-14.110,1.5714,4.9033,0.0000,13.9720,0.4014,41.9766,0.0000,42.8245,0.0000,0.8256,0.0000,0.0000,0.0000,0.0000,0.0000,0.0000,0.0000,0.0000,0.0000,0.0000,0.0000,-10.984,-7.840,2.881,0.320,1.396,0.000000,-0.037465,0.595152,0.046378,0.395935
1184,817.00,0.000,-14.131,1.5725,4.9038,0.0000,13.9388,0.4012,42.0397,0.0000,42.7974,0.0000,0.8230,0.0000,0.0000,0.0000,0.0000,0.0000,0.0000,0.0000,0.0000,0.0000,0.0000,0.0000,-10.985,-7.844,2.882,0.321,1.397,0.000000,-0.037328,0.596078,0.046236,0.395013
1185,816.00,0.000,-14.151,1.5734,4.9044,0.0000,13.9039,0.4010,42.1057,0.0000,42.7690,0.0000,0.8204,0.0000,0.0000,0.0000,0.0000,0.0000,0.0000,0.0000,0.0000,0.0000,0.0000,0.0000,-10.985,-7.846,2.882,0.321,1.397,0.000000,-0.037186,0.597048,0.046090,0.394047
1186,815.00,0.000,-14.172,1.5741,4.9049,0.0000,13.8749,0.4008,42.1608,0.0000,42.7453,0.0000,0.8182,0.0000,0.0000,0.0000,0.0000,0.0000,0.0000,0.0000,0.0000,0.0000,0.0000,0.0000,-10.984,-7.848,2.882,0.321,1.398,0.000000,-0.037070,0.597857,0.045971,0.393242
1187,814.00,0.000,-14.193,1.5748,4.9054,0.0000,13.8461,0.4006,42.2153,0.0000,42.7218,0.0000,0.8161,0.0000,0.0000,0.0000,0.0000,0.0000,0.0000,0.0000,0.0000,0.0000,0.0000,0.0000,-10.983,-7.851,2.881,0.321,1.399,0.000000,-0.036956,0.598657,0.045853,0.392446
1188,813.00,0.000,-14.213,1.5756,4.9058,0.0000,13.8175,0.4004,42.2697,0.0000,42.6984,0.0000,0.8139,0.0000,0.0000,0.0000,0.0000,0.0000,0.0000,0.0000,0.0000,0.0000,0.0000,0.0000,-10.982,-7.853,2.881,0.321,1.399,0.000000,-0.036842,0.599455,0.045736,0.391652
1189,812.00,0.000,-14.234,1.5763,4.9063,0.0000,13.7889,0.4002,42.3239,0.0000,42.6751,0.0000,0.8118,0.0000,0.0000,0.0000,0.0000,0.0000,0.0000,0.0000,0.0000,0.0000,0.0000,0.0000,-10.982,-7.855,2.881,0.321,1.400,0.000000,-0.036729,0.600250,0.045619,0.390860
1190,811.00,0.000,-14.255,1.5770,4.9068,0.0000,13.7605,0.4000,42.3779,0.0000,42.6519,0.0000,0.8097,0.0000,0.0000,0.0000,0.0000,0.0000,0.0000,0.0000,0.0000,0.0000,0.0000,0.0000,-10.981,-7.857,2.881,0.321,1.400,0.000000,-0.036617,0.601043,0.045503,0.390071
1191,810.00,0.000,-14.276,1.5778,4.9073,0.0000,13.7322,0.3999,42.4317,0.0000,42.6287,0.0000,0.8076,0.0000,0.0000,0.0000,0.0000,0.0000,0.0000,0.0000,0.0000,0.0000,0.0000,0.0000,-10.980,-7.860,2.881,0.322,1.401,0.000000,-0.036505,0.601833,0.045387,0.389285
1192,809.00,0.000,-14.297,1.5785,4.9078,0.0000,13.7039,0.3997,42.4853,0.0000,42.6056,0.0000,0.8056,0.0000,0.0000,0.0000,0.0000,0.0000,0.0000,0.0000,0.0000,0.0000,0.0000,0.0000,-10.980,-7.862,2.881,0.322,1.401,0.000000,-0.036393,0.602620,0.045272,0.388502
1193,808.00,0.000,-14.317,1.5793,4.9082,0.0000,13.6758,0.3995,42.5387,0.0000,42.5826,0.0000,0.8035,0.0000,0.0000,0.0000,0.0000,0.0000,0.0000,0.0000,0.0000,0.0000,0.0000,0.0000,-10.979,-7.864,2.881,0.322,1.402,0.000000,-0.036283,0.603404,0.045157,0.387721
1194,807.00,0.000,-14.338,1.5800,4.9087,0.0000,13.6477,0.3993,42.5919,0.0000,42.5596,0.0000,0.8014,0.0000,0.0000,0.0000,0.0000,0.0000,0.0000,0.0000,0.0000,0.0000,0.0000,0.0000,-10.978,-7.867,2.881,0.322,1.403,0.000000,-0.036172,0.604186,0.045043,0.386943
1195,806.00,0.000,-14.359,1.5808,4.9092,0.0000,13.6198,0.3991,42.6450,0.0000,42.5368,0.0000,0.7994,0.0000,0.0000,0.0000,0.0000,0.0000,0.0000,0.0000,0.0000,0.0000,0.0000,0.0000,-10.978,-7.869,2.881,0.322,1.403,0.000000,-0.036063,0.604965,0.044930,0.386168
1196,805.00,0.000,-14.380,1.5816,4.9097,0.0000,13.5919,0.3989,42.6978,0.0000,42.5140,0.0000,0.7973,0.0000,0.0000,0.0000,0.0000,0.0000,0.0000,0.0000,0.0000,0.0000,0.0000,0.0000,-10.978,-7.872,2.881,0.322,1.404,0.000000,-0.035954,0.605741,0.044817,0.385395
1197,804.00,0.000,-14.401,1.5824,4.9101,0.0000,13.5642,0.3987,42.7505,0.0000,42.4913,0.0000,0.7953,0.0000,0.0000,0.0000,0.0000,0.0000,0.0000,0.0000,0.0000,0.0000,0.0000,0.0000,-10.977,-7.874,2.881,0.322,1.404,0.000000,-0.035845,0.606514,0.044705,0.384626
1198,803.00,0.000,-14.422,1.5832,4.9106,0.0000,13.5366,0.3985,42.8029,0.0000,42.4687,0.0000,0.7933,0.0000,0.0000,0.0000,0.0000,0.0000,0.0000,0.0000,0.0000,0.0000,0.0000,0.0000,-10.977,-7.877,2.881,0.322,1.405,0.000000,-0.035737,0.607285,0.044593,0.383859
1199,802.00,0.000,-14.444,1.5840,4.9111,0.0000,13.5091,0.3983,42.8552,0.0000,42.4462,0.0000,0.7913,0.0000,0.0000,0.0000,0.0000,0.0000,0.0000,0.0000,0.0000,0.0000,0.0000,0.0000,-10.977,-7.880,2.880,0.323,1.406,0.000000,-0.035630,0.608052,0.044482,0.383095
1200,801.00,0.000,-14.465,1.5848,4.9115,0.0000,13.4817,0.3982,42.9072,0.0000,42.4237,0.0000,0.7893,0.0000,0.0000,0.0000,0.0000,0.0000,0.0000,0.0000,0.0000,0.0000,0.0000,0.0000,-10.977,-7.883,2.880,0.323,1.406,0.000000,-0.035523,0.608817,0.044372,0.382334
1201,800.00,0.000,-14.486,1.5856,4.9120,0.0000,13.4544,0.3980,42.9590,0.0000,42.4014,0.0000,0.7873,0.0000,0.0000,0.0000,0.0000,0.0000,0.0000,0.0000,0.0000,0.0000,0.0000,0.0000,-10.977,-7.885,2.880,0.323,1.407,0.000000,-0.035417,0.609579,0.044262,0.381577
1202,799.00,0.000,-14.507,1.5864,4.9125,0.0000,13.4272,0.3978,43.0107,0.0000,42.3791,0.0000,0.7853,0.0000,0.0000,0.0000,0.0000,0.0000,0.0000,0.0000,0.0000,0.0000,0.0000,0.0000,-10.976,-7.888,2.880,0.323,1.408,0.000000,-0.035312,0.610338,0.044152,0.380821
1203,798.00,0.000,-14.528,1.5873,4.9129,0.0000,13.4001,0.3976,43.0621,0.0000,42.3569,0.0000,0.7833,0.0000,0.0000,0.0000,0.0000,0.0000,0.0000,0.0000,0.0000,0.0000,0.0000,0.0000,-10.977,-7.891,2.881,0.323,1.408,0.000000,-0.035207,0.611094,0.044043,0.380070
1204,797.00,0.000,-14.550,1.5881,4.9134,0.0000,13.3731,0.3974,43.1134,0.0000,42.3347,0.0000,0.7814,0.0000,0.0000,0.0000,0.0000,0.0000,0.0000,0.0000,0.0000,0.0000,0.0000,0.0000,-10.977,-7.894,2.881,0.323,1.409,0.000000,-0.035102,0.611848,0.043935,0.379320
1205,796.00,0.000,-14.571,1.5889,4.9139,0.0000,13.3462,0.3972,43.1644,0.0000,42.3128,0.0000,0.7794,0.0000,0.0000,0.0000,0.0000,0.0000,0.0000,0.0000,0.0000,0.0000,0.0000,0.0000,-10.977,-7.897,2.881,0.323,1.409,0.000000,-0.034999,0.612597,0.043828,0.378574
1206,795.00,0.000,-14.593,1.5898,4.9143,0.0000,13.3195,0.3970,43.2153,0.0000,42.2908,0.0000,0.7775,0.0000,0.0000,0.0000,0.0000,0.0000,0.0000,0.0000,0.0000,0.0000,0.0000,0.0000,-10.977,-7.900,2.881,0.324,1.410,0.000000,-0.034895,0.613344,0.043720,0.377831
1207,794.00,0.000,-14.614,1.5907,4.9148,0.0000,13.2928,0.3968,43.2659,0.0000,42.2689,0.0000,0.7755,0.0000,0.0000,0.0000,0.0000,0.0000,0.0000,0.0000,0.0000,0.0000,0.0000,0.0000,-10.977,-7.903,2.881,0.324,1.411,0.000000,-0.034793,0.614088,0.043614,0.377091
1208,793.00,0.000,-14.635,1.5915,4.9153,0.0000,13.2662,0.3966,43.3164,0.0000,42.2472,0.0000,0.7736,0.0000,0.0000,0.0000,0.0000,0.0000,0.0000,0.0000,0.0000,0.0000,0.0000,0.0000,-10.977,-7.906,2.881,0.324,1.412,0.000000,-0.034691,0.614830,0.043508,0.376352
1209,792.00,0.000,-14.657,1.5924,4.9157,0.0000,13.2398,0.3964,43.3665,0.0000,42.2255,0.0000,0.7717,0.0000,0.0000,0.0000,0.0000,0.0000,0.0000,0.0000,0.0000,0.0000,0.0000,0.0000,-10.978,-7.909,2.881,0.324,1.412,0.000000,-0.034589,0.615568,0.043402,0.375619
1210,791.00,0.000,-14.679,1.5933,4.9162,0.0000,13.2135,0.3962,43.4166,0.0000,42.2039,0.0000,0.7698,0.0000,0.0000,0.0000,0.0000,0.0000,0.0000,0.0000,0.0000,0.0000,0.0000,0.0000,-10.978,-7.912,2.881,0.324,1.413,0.000000,-0.034488,0.616305,0.043297,0.374886
1211,790.00,0.000,-14.700,1.5942,4.9166,0.0000,13.1873,0.3960,43.4664,0.0000,42.1824,0.0000,0.7679,0.0000,0.0000,0.0000,0.0000,0.0000,0.0000,0.0000,0.0000,0.0000,0.0000,0.0000,-10.979,-7.916,2.881,0.324,1.414,0.000000,-0.034388,0.617036,0.043193,0.374159
1212,789.00,0.000,-14.722,1.5951,4.9171,0.0000,13.1612,0.3958,43.5160,0.0000,42.1609,0.0000,0.7661,0.0000,0.0000,0.0000,0.0000,0.0000,0.0000,0.0000,0.0000,0.0000,0.0000,0.0000,-10.979,-7.919,2.881,0.324,1.414,0.000000,-0.034288,0.617766,0.043089,0.373433
1213,788.00,0.000,-14.744,1.5960,4.9175,0.0000,13.1352,0.3956,43.5654,0.0000,42.1396,0.0000,0.7642,0.0000,0.0000,0.0000,0.0000,0.0000,0.0000,0.0000,0.0000,0.0000,0.0000,0.0000,-10.980,-7.922,2.881,0.325,1.415,0.000000,-0.034189,0.618493,0.042986,0.372710
1214,787.00,0.000,-14.765,1.5969,4.9180,0.0000,13.1093,0.3954,43.6146,0.0000,42.1183,0.0000,0.7623,0.0000,0.0000,0.0000,0.0000,0.0000,0.0000,0.0000,0.0000,0.0000,0.0000,0.0000,-10.980,-7.926,2.881,0.325,1.416,0.000000,-0.034091,0.619216,0.042884,0.371991
1215,786.00,0.000,-14.787,1.5978,4.9184,0.0000,13.0835,0.3952,43.6636,0.0000,42.0971,0.0000,0.7605,0.0000,0.0000,0.0000,0.0000,0.0000,0.0000,0.0000,0.0000,0.0000,0.0000,0.0000,-10.981,-7.929,2.882,0.325,1.416,0.000000,-0.033992,0.619937,0.042781,0.371274
1216,785.00,0.000,-14.809,1.5987,4.9189,0.0000,13.0578,0.3950,43.7123,0.0000,42.0761,0.0000,0.7587,0.0000,0.0000,0.0000,0.0000,0.0000,0.0000,0.0000,0.0000,0.0000,0.0000,0.0000,-10.982,-7.932,2.882,0.325,1.417,0.000000,-0.033895,0.620654,0.042680,0.370561
1217,784.00,0.000,-14.831,1.5996,4.9194,0.0000,13.0322,0.3948,43.7610,0.0000,42.0550,0.0000,0.7568,0.0000,0.0000,0.0000,0.0000,0.0000,0.0000,0.0000,0.0000,0.0000,0.0000,0.0000,-10.983,-7.936,2.882,0.325,1.418,0.000000,-0.033798,0.621370,0.042579,0.369849
1218,783.00,0.000,-14.853,1.6006,4.9198,0.0000,13.0068,0.3946,43.8094,0.0000,42.0341,0.0000,0.7550,0.0000,0.0000,0.0000,0.0000,0.0000,0.0000,0.0000,0.0000,0.0000,0.0000,0.0000,-10.983,-7.939,2.882,0.325,1.419,0.000000,-0.033702,0.622082,0.042479,0.369142
1219,782.00,0.000,-14.874,1.6015,4.9203,0.0000,12.9815,0.3944,43.8576,0.0000,42.0133,0.0000,0.7532,0.0000,0.0000,0.0000,0.0000,0.0000,0.0000,0.0000,0.0000,0.0000,0.0000,0.0000,-10.984,-7.943,2.882,0.325,1.419,0.000000,-0.033606,0.622790,0.042379,0.368438
1220,781.00,0.000,-14.896,1.6025,4.9207,0.0000,12.9562,0.3942,43.9056,0.0000,41.9926,0.0000,0.7514,0.0000,0.0000,0.0000,0.0000,0.0000,0.0000,0.0000,0.0000,0.0000,0.0000,0.0000,-10.985,-7.947,2.882,0.326,1.420,0.000000,-0.033511,0.623496,0.042280,0.367735
1221,780.00,0.000,-14.918,1.6034,4.9211,0.0000,12.9311,0.3940,43.9533,0.0000,41.9719,0.0000,0.7496,0.0000,0.0000,0.0000,0.0000,0.0000,0.0000,0.0000,0.0000,0.0000,0.0000,0.0000,-10.986,-7.950,2.883,0.326,1.421,0.000000,-0.033416,0.624199,0.042181,0.367037
1222,779.00,0.000,-14.941,1.6044,4.9216,0.0000,12.9061,0.3938,44.0009,0.0000,41.9513,0.0000,0.7479,0.0000,0.0000,0.0000,0.0000,0.0000,0.0000,0.0000,0.0000,0.0000,0.0000,0.0000,-10.987,-7.954,2.883,0.326,1.422,0.000000,-0.033322,0.624899,0.042083,0.366341
1223,778.00,0.000,-14.963,1.6053,4.9220,0.0000,12.8811,0.3936,44.0483,0.0000,41.9308,0.0000,0.7461,0.0000,0.0000,0.0000,0.0000,0.0000,0.0000,0.0000,0.0000,0.0000,0.0000,0.0000,-10.988,-7.958,2.883,0.326,1.422,0.000000,-0.033229,0.625597,0.041985,0.365647
1224,777.00,0.000,-14.985,1.6063,4.9225,0.0000,12.8563,0.3934,44.0954,0.0000,41.9104,0.0000,0.7443,0.0000,0.0000,0.0000,0.0000,0.0000,0.0000,0.0000,0.0000,0.0000,0.0000,0.0000,-10.989,-7.961,2.883,0.326,1.423,0.000000,-0.033136,0.626290,0.041888,0.364958
1225,776.00,0.000,-15.007,1.6073,4.9229,0.0000,12.8316,0.3932,44.1424,0.0000,41.8901,0.0000,0.7426,0.0000,0.0000,0.0000,0.0000,0.0000,0.0000,0.0000,0.0000,0.0000,0.0000,0.0000,-10.991,-7.965,2.884,0.326,1.424,0.000000,-0.033043,0.626982,0.041791,0.364270
1226,775.00,0.000,-15.029,1.6083,4.9234,0.0000,12.8070,0.3930,44.1892,0.0000,41.8699,0.0000,0.7409,0.0000,0.0000,0.0000,0.0000,0.0000,0.0000,0.0000,0.0000,0.0000,0.0000,0.0000,-10.992,-7.969,2.884,0.327,1.425,0.000000,-0.032951,0.627670,0.041695,0.363586
1227,774.00,0.000,-15.051,1.6093,4.9238,0.0000,12.7825,0.3928,44.2358,0.0000,41.8497,0.0000,0.7391,0.0000,0.0000,0.0000,0.0000,0.0000,0.0000,0.0000,0.0000,0.0000,0.0000,0.0000,-10.993,-7.973,2.884,0.327,1.426,0.000000,-0.032860,0.628357,0.041599,0.362904
1228,773.00,0.000,-15.074,1.6103,4.9242,0.0000,12.7581,0.3926,44.2822,0.0000,41.8296,0.0000,0.7374,0.0000,0.0000,0.0000,0.0000,0.0000,0.0000,0.0000,0.0000,0.0000,0.0000,0.0000,-10.994,-7.977,2.884,0.327,1.426,0.000000,-0.032769,0.629040,0.041504,0.362225
1229,772.00,0.000,-15.096,1.6113,4.9247,0.0000,12.7338,0.3924,44.3284,0.0000,41.8096,0.0000,0.7357,0.0000,0.0000,0.0000,0.0000,0.0000,0.0000,0.0000,0.0000,0.0000,0.0000,0.0000,-10.996,-7.981,2.885,0.327,1.427,0.000000,-0.032679,0.629720,0.041410,0.361549
1230,771.00,0.000,-15.119,1.6123,4.9251,0.0000,12.7097,0.3922,44.3744,0.0000,41.7897,0.0000,0.7340,0.0000,0.0000,0.0000,0.0000,0.0000,0.0000,0.0000,0.0000,0.0000,0.0000,0.0000,-10.997,-7.985,2.885,0.327,1.428,0.000000,-0.032589,0.630396,0.041316,0.360877
1231,770.00,0.000,-15.141,1.6133,4.9255,0.0000,12.6856,0.3920,44.4202,0.0000,41.7699,0.0000,0.7323,0.0000,0.0000,0.0000,0.0000,0.0000,0.0000,0.0000,0.0000,0.0000,0.0000,0.0000,-10.999,-7.989,2.885,0.328,1.429,0.000000,-0.032500,0.631070,0.041222,0.360207
1232,769.00,0.000,-15.163,1.6143,4.9260,0.0000,12.6616,0.3918,44.4658,0.0000,41.7501,0.0000,0.7306,0.0000,0.0000,0.0000,0.0000,0.0000,0.0000,0.0000,0.0000,0.0000,0.0000,0.0000,-11.000,-7.993,2.885,0.328,1.430,0.000000,-0.032411,0.631742,0.041129,0.359539
1233,768.00,0.000,-15.186,1.6153,4.9264,0.0000,12.6378,0.3916,44.5112,0.0000,41.7305,0.0000,0.7290,0.0000,0.0000,0.0000,0.0000,0.0000,0.0000,0.0000,0.0000,0.0000,0.0000,0.0000,-11.002,-7.997,2.886,0.328,1.430,0.000000,-0.032323,0.632411,0.041037,0.358875
1234,767.00,0.000,-15.209,1.6163,4.9269,0.0000,12.6140,0.3914,44.5565,0.0000,41.7109,0.0000,0.7273,0.0000,0.0000,0.0000,0.0000,0.0000,0.0000,0.0000,0.0000,0.0000,0.0000,0.0000,-11.003,-8.001,2.886,0.328,1.431,0.000000,-0.032235,0.633077,0.040945,0.358213
1235,766.00,0.000,-15.231,1.6174,4.9273,0.0000,12.5903,0.3912,44.6014,0.0000,41.6914,0.0000,0.7257,0.0000,0.0000,0.0000,0.0000,0.0000,0.0000,0.0000,0.0000,0.0000,0.0000,0.0000,-11.005,-8.005,2.886,0.328,1.432,0.000000,-0.032148,0.633740,0.040854,0.357555
1236,765.00,0.000,-15.254,1.6184,4.9277,0.0000,12.5668,0.3910,44.6463,0.0000,41.6720,0.0000,0.7240,0.0000,0.0000,0.0000,0.0000,0.0000,0.0000,0.0000,0.0000,0.0000,0.0000,0.0000,-11.006,-8.010,2.887,0.328,1.433,0.000000,-0.032062,0.634401,0.040763,0.356898
1237,764.00,0.000,-15.277,1.6195,4.9281,0.0000,12.5433,0.3908,44.6910,0.0000,41.6526,0.0000,0.7224,0.0000,0.0000,0.0000,0.0000,0.0000,0.0000,0.0000,0.0000,0.0000,0.0000,0.0000,-11.008,-8.014,2.887,0.329,1.434,0.000000,-0.031975,0.635059,0.040672,0.356245
1238,763.00,0.000,-15.299,1.6205,4.9286,0.0000,12.5199,0.3906,44.7355,0.0000,41.6333,0.0000,0.7208,0.0000,0.0000,0.0000,0.0000,0.0000,0.0000,0.0000,0.0000,0.0000,0.0000,0.0000,-11.010,-8.018,2.887,0.329,1.434,0.000000,-0.031890,0.635715,0.040582,0.355593
1239,762.00,0.000,-15.322,1.6216,4.9290,0.0000,12.4966,0.3903,44.7797,0.0000,41.6141,0.0000,0.7191,0.0000,0.0000,0.0000,0.0000,0.0000,0.0000,0.0000,0.0000,0.0000,0.0000,0.0000,-11.012,-8.023,2.888,0.329,1.435,0.000000,-0.031805,0.636366,0.040493,0.354946
1240,761.00,0.000,-15.345,1.6226,4.9294,0.0000,12.4735,0.3901,44.8238,0.0000,41.5950,0.0000,0.7175,0.0000,0.0000,0.0000,0.0000,0.0000,0.0000,0.0000,0.0000,0.0000,0.0000,0.0000,-11.014,-8.027,2.888,0.329,1.436,0.000000,-0.031720,0.637015,0.040404,0.354301
1241,760.00,0.000,-15.368,1.6237,4.9298,0.0000,12.4504,0.3899,44.8678,0.0000,41.5760,0.0000,0.7159,0.0000,0.0000,0.0000,0.0000,0.0000,0.0000,0.0000,0.0000,0.0000,0.0000,0.0000,-11.015,-8.031,2.888,0.329,1.437,0.000000,-0.031636,0.637663,0.040315,0.353658
1242,759.00,0.000,-15.391,1.6248,4.9303,0.0000,12.4274,0.3897,44.9115,0.0000,41.5570,0.0000,0.7144,0.0000,0.0000,0.0000,0.0000,0.0000,0.0000,0.0000,0.0000,0.0000,0.0000,0.0000,-11.017,-8.036,2.889,0.330,1.438,0.000000,-0.031552,0.638307,0.040227,0.353018
1243,758.00,0.000,-15.414,1.6258,4.9307,0.0000,12.4046,0.3895,44.9550,0.0000,41.5382,0.0000,0.7128,0.0000,0.0000,0.0000,0.0000,0.0000,0.0000,0.0000,0.0000,0.0000,0.0000,0.0000,-11.019,-8.040,2.889,0.330,1.439,0.000000,-0.031469,0.638948,0.040140,0.352382
1244,757.00,0.000,-15.437,1.6269,4.9311,0.0000,12.3818,0.3893,44.9984,0.0000,41.5193,0.0000,0.7112,0.0000,0.0000,0.0000,0.0000,0.0000,0.0000,0.0000,0.0000,0.0000,0.0000,0.0000,-11.021,-8.045,2.889,0.330,1.440,0.000000,-0.031386,0.639588,0.040052,0.351746
1245,756.00,0.000,-15.460,1.6280,4.9315,0.0000,12.3591,0.3891,45.0415,0.0000,41.5006,0.0000,0.7096,0.0000,0.0000,0.0000,0.0000,0.0000,0.0000,0.0000,0.0000,0.0000,0.0000,0.0000,-11.023,-8.049,2.890,0.330,1.440,0.000000,-0.031304,0.640224,0.039966,0.351115
1246,755.00,0.000,-15.483,1.6291,4.9320,0.0000,12.3365,0.3889,45.0846,0.0000,41.4820,0.0000,0.7081,0.0000,0.0000,0.0000,0.0000,0.0000,0.0000,0.0000,0.0000,0.0000,0.0000,0.0000,-11.025,-8.054,2.890,0.330,1.441,0.000000,-0.031222,0.640858,0.039879,0.350485
1247,754.00,0.000,-15.506,1.6302,4.9324,0.0000,12.3140,0.3886,45.1274,0.0000,41.4634,0.0000,0.7065,0.0000,0.0000,0.0000,0.0000,0.0000,0.0000,0.0000,0.0000,0.0000,0.0000,0.0000,-11.027,-8.058,2.891,0.331,1.442,0.000000,-0.031141,0.641490,0.039794,0.349858
1248,753.00,0.000,-15.529,1.6313,4.9328,0.0000,12.2916,0.3884,45.1701,0.0000,41.4449,0.0000,0.7050,0.0000,0.0000,0.0000,0.0000,0.0000,0.0000,0.0000,0.0000,0.0000,0.0000,0.0000,-11.029,-8.063,2.891,0.331,1.443,0.000000,-0.031060,0.642119,0.039708,0.349233
1249,752.00,0.000,-15.552,1.6324,4.9332,0.0000,12.2693,0.3882,45.2126,0.0000,41.4264,0.0000,0.7035,0.0000,0.0000,0.0000,0.0000,0.0000,0.0000,0.0000,0.0000,0.0000,0.0000,0.0000,-11.032,-8.068,2.891,0.331,1.444,0.000000,-0.030980,0.642745,0.039624,0.348612
1250,751.00,0.000,-15.576,1.6335,4.9336,0.0000,12.2471,0.3880,45.2549,0.0000,41.4081,0.0000,0.7019,0.0000,0.0000,0.0000,0.0000,0.0000,0.0000,0.0000,0.0000,0.0000,0.0000,0.0000,-11.034,-8.072,2.892,0.331,1.445,0.000000,-0.030900,0.643369,0.039539,0.347992
1251,750.00,0.000,-15.599,1.6346,4.9340,0.0000,12.2249,0.3878,45.2971,0.0000,41.3898,0.0000,0.7004,0.0000,0.0000,0.0000,0.0000,0.0000,0.0000,0.0000,0.0000,0.0000,0.0000,0.0000,-11.036,-8.077,2.892,0.331,1.446,0.000000,-0.030821,0.643990,0.039455,0.347375
1252,749.00,0.000,-15.622,1.6357,4.9345,0.0000,12.2029,0.3876,45.3390,0.0000,41.3716,0.0000,0.6989,0.0000,0.0000,0.0000,0.0000,0.0000,0.0000,0.0000,0.0000,0.0000,0.0000,0.0000,-11.038,-8.082,2.893,0.331,1.447,0.000000,-0.030742,0.644609,0.039372,0.346761
1253,748.00,0.000,-15.646,1.6368,4.9349,0.0000,12.1809,0.3873,45.3809,0.0000,41.3534,0.0000,0.6974,0.0000,0.0000,0.0000,0.0000,0.0000,0.0000,0.0000,0.0000,0.0000,0.0000,0.0000,-11.041,-8.086,2.893,0.332,1.447,0.000000,-0.030663,0.645226,0.039289,0.346149
1254,747.00,0.000,-15.669,1.6380,4.9353,0.0000,12.1591,0.3871,45.4225,0.0000,41.3354,0.0000,0.6959,0.0000,0.0000,0.0000,0.0000,0.0000,0.0000,0.0000,0.0000,0.0000,0.0000,0.0000,-11.043,-8.091,2.893,0.332,1.448,0.000000,-0.030585,0.645840,0.039206,0.345539
1255,746.00,0.000,-15.693,1.6391,4.9357,0.0000,12.1373,0.3869,45.4640,0.0000,41.3174,0.0000,0.6945,0.0000,0.0000,0.0000,0.0000,0.0000,0.0000,0.0000,0.0000,0.0000,0.0000,0.0000,-11.045,-8.096,2.894,0.332,1.449,0.000000,-0.030508,0.646451,0.039124,0.344932
1256,745.00,0.000,-15.716,1.6402,4.9361,0.0000,12.1156,0.3867,45.5053,0.0000,41.2994,0.0000,0.6930,0.0000,0.0000,0.0000,0.0000,0.0000,0.0000,0.0000,0.0000,0.0000,0.0000,0.0000,-11.048,-8.101,2.894,0.332,1.450,0.000000,-0.030430,0.647060,0.039042,0.344328
1257,744.00,0.000,-15.740,1.6414,4.9365,0.0000,12.0940,0.3865,45.5465,0.0000,41.2816,0.0000,0.6915,0.0000,0.0000,0.0000,0.0000,0.0000,0.0000,0.0000,0.0000,0.0000,0.0000,0.0000,-11.050,-8.106,2.895,0.332,1.451,0.000000,-0.030354,0.647667,0.038961,0.343725
1258,743.00,0.000,-15.764,1.6425,4.9369,0.0000,12.0725,0.3862,45.5874,0.0000,41.2638,0.0000,0.6900,0.0000,0.0000,0.0000,0.0000,0.0000,0.0000,0.0000,0.0000,0.0000,0.0000,0.0000,-11.053,-8.111,2.895,0.333,1.452,0.000000,-0.030277,0.648272,0.038880,0.343126
1259,742.00,0.000,-15.787,1.6437,4.9373,0.0000,12.0511,0.3860,45.6283,0.0000,41.2460,0.0000,0.6886,0.0000,0.0000,0.0000,0.0000,0.0000,0.0000,0.0000,0.0000,0.0000,0.0000,0.0000,-11.055,-8.116,2.896,0.333,1.453,0.000000,-0.030201,0.648874,0.038799,0.342528
1260,741.00,0.000,-15.811,1.6448,4.9377,0.0000,12.0297,0.3858,45.6689,0.0000,41.2284,0.0000,0.6872,0.0000,0.0000,0.0000,0.0000,0.0000,0.0000,0.0000,0.0000,0.0000,0.0000,0.0000,-11.058,-8.121,2.896,0.333,1.454,0.000000,-0.030126,0.649474,0.038719,0.341933
1261,740.00,0.000,-15.835,1.6460,4.9382,0.0000,12.0085,0.3856,45.7095,0.0000,41.2108,0.0000,0.6857,0.0000,0.0000,0.0000,0.0000,0.0000,0.0000,0.0000,0.0000,0.0000,0.0000,0.0000,-11.060,-8.126,2.897,0.333,1.455,0.000000,-0.030051,0.650072,0.038639,0.341340
1262,739.00,0.000,-15.859,1.6471,4.9386,0.0000,11.9873,0.3854,45.7499,0.0000,41.1932,0.0000,0.6843,0.0000,0.0000,0.0000,0.0000,0.0000,0.0000,0.0000,0.0000,0.0000,0.0000,0.0000,-11.063,-8.131,2.897,0.334,1.456,0.000000,-0.029976,0.650668,0.038560,0.340748
1263,738.00,0.000,-15.882,1.6483,4.9390,0.0000,11.9662,0.3851,45.7901,0.0000,41.1758,0.0000,0.6829,0.0000,0.0000,0.0000,0.0000,0.0000,0.0000,0.0000,0.0000,0.0000,0.0000,0.0000,-11.065,-8.136,2.897,0.334,1.457,0.000000,-0.029902,0.651261,0.038481,0.340160
1264,737.00,0.000,-15.906,1.6495,4.9394,0.0000,11.9452,0.3849,45.8302,0.0000,41.1583,0.0000,0.6814,0.0000,0.0000,0.0000,0.0000,0.0000,0.0000,0.0000,0.0000,0.0000,0.0000,0.0000,-11.068,-8.141,2.898,0.334,1.458,0.000000,-0.029828,0.651852,0.038402,0.339573
1265,736.00,0.000,-15.930,1.6506,4.9398,0.0000,11.9242,0.3847,45.8701,0.0000,41.1410,0.0000,0.6800,0.0000,0.0000,0.0000,0.0000,0.0000,0.0000,0.0000,0.0000,0.0000,0.0000,0.0000,-11.071,-8.146,2.898,0.334,1.458,0.000000,-0.029754,0.652441,0.038324,0.338989
1266,735.00,0.000,-15.954,1.6518,4.9402,0.0000,11.9034,0.3845,45.9098,0.0000,41.1237,0.0000,0.6786,0.0000,0.0000,0.0000,0.0000,0.0000,0.0000,0.0000,0.0000,0.0000,0.0000,0.0000,-11.074,-8.151,2.899,0.334,1.459,0.000000,-0.029681,0.653028,0.038246,0.338408
1267,734.00,0.000,-15.978,1.6530,4.9406,0.0000,11.8826,0.3842,45.9495,0.0000,41.1065,0.0000,0.6772,0.0000,0.0000,0.0000,0.0000,0.0000,0.0000,0.0000,0.0000,0.0000,0.0000,0.0000,-11.076,-8.156,2.899,0.335,1.460,0.000000,-0.029609,0.653613,0.038169,0.337827
1268,733.00,0.000,-16.003,1.6542,4.9410,0.0000,11.8619,0.3840,45.9889,0.0000,41.0893,0.0000,0.6758,0.0000,0.0000,0.0000,0.0000,0.0000,0.0000,0.0000,0.0000,0.0000,0.0000,0.0000,-11.079,-8.161,2.900,0.335,1.461,0.000000,-0.029536,0.654195,0.038092,0.337250
1269,732.00,0.000,-16.027,1.6554,4.9414,0.0000,11.8412,0.3838,46.0283,0.0000,41.0722,0.0000,0.6745,0.0000,0.0000,0.0000,0.0000,0.0000,0.0000,0.0000,0.0000,0.0000,0.0000,0.0000,-11.082,-8.167,2.900,0.335,1.462,0.000000,-0.029464,0.654776,0.038015,0.336673
1270,731.00,0.000,-16.051,1.6566,4.9418,0.0000,11.8207,0.3836,46.0675,0.0000,41.0552,0.0000,0.6731,0.0000,0.0000,0.0000,0.0000,0.0000,0.0000,0.0000,0.0000,0.0000,0.0000,0.0000,-11.085,-8.172,2.901,0.335,1.463,0.000000,-0.029393,0.655354,0.037939,0.336100
1271,730.00,0.000,-16.075,1.6578,4.9422,0.0000,11.8002,0.3833,46.1065,0.0000,41.0382,0.0000,0.6717,0.0000,0.0000,0.0000,0.0000,0.0000,0.0000,0.0000,0.0000,0.0000,0.0000,0.0000,-11.088,-8.177,2.901,0.335,1.464,0.000000,-0.029322,0.655931,0.037863,0.335528
1272,729.00,0.000,-16.100,1.6590,4.9426,0.0000,11.7798,0.3831,46.1454,0.0000,41.0213,0.0000,0.6704,0.0000,0.0000,0.0000,0.0000,0.0000,0.0000,0.0000,0.0000,0.0000,0.0000,0.0000,-11.090,-8.182,2.902,0.336,1.465,0.000000,-0.029251,0.656505,0.037787,0.334959
1273,728.00,0.000,-16.124,1.6602,4.9430,0.0000,11.7595,0.3829,46.1842,0.0000,41.0045,0.0000,0.6690,0.0000,0.0000,0.0000,0.0000,0.0000,0.0000,0.0000,0.0000,0.0000,0.0000,0.0000,-11.093,-8.188,2.902,0.336,1.466,0.000000,-0.029181,0.657077,0.037712,0.334392
1274,727.00,0.000,-16.148,1.6614,4.9434,0.0000,11.7392,0.3826,46.2229,0.0000,40.9876,0.0000,0.6676,0.0000,0.0000,0.0000,0.0000,0.0000,0.0000,0.0000,0.0000,0.0000,0.0000,0.0000,-11.096,-8.193,2.903,0.336,1.467,0.000000,-0.029110,0.657648,0.037637,0.333825
1275,726.00,0.000,-16.173,1.6626,4.9438,0.0000,11.7190,0.3824,46.2614,0.0000,40.9709,0.0000,0.6663,0.0000,0.0000,0.0000,0.0000,0.0000,0.0000,0.0000,0.0000,0.0000,0.0000,0.0000,-11.099,-8.198,2.903,0.336,1.468,0.000000,-0.029041,0.658217,0.037562,0.333262
1276,725.00,0.000,-16.197,1.6638,4.9442,0.0000,11.6989,0.3822,46.2998,0.0000,40.9542,0.0000,0.6650,0.0000,0.0000,0.0000,0.0000,0.0000,0.0000,0.0000,0.0000,0.0000,0.0000,0.0000,-11.102,-8.204,2.904,0.337,1.469,0.000000,-0.028971,0.658783,0.037488,0.332700
1277,724.00,0.000,-16.222,1.6650,4.9446,0.0000,11.6789,0.3819,46.3380,0.0000,40.9376,0.0000,0.6636,0.0000,0.0000,0.0000,0.0000,0.0000,0.0000,0.0000,0.0000,0.0000,0.0000,0.0000,-11.105,-8.209,2.904,0.337,1.470,0.000000,-0.028902,0.659347,0.037414,0.332141
1278,723.00,0.000,-16.246,1.6662,4.9449,0.0000,11.6589,0.3817,46.3761,0.0000,40.9210,0.0000,0.6623,0.0000,0.0000,0.0000,0.0000,0.0000,0.0000,0.0000,0.0000,0.0000,0.0000,0.0000,-11.108,-8.215,2.905,0.337,1.471,0.000000,-0.028834,0.659911,0.037341,0.331582
1279,722.00,0.000,-16.271,1.6675,4.9453,0.0000,11.6390,0.3815,46.4141,0.0000,40.9044,0.0000,0.6610,0.0000,0.0000,0.0000,0.0000,0.0000,0.0000,0.0000,0.0000,0.0000,0.0000,0.0000,-11.111,-8.220,2.905,0.337,1.472,0.000000,-0.028765,0.660472,0.037267,0.331026
1280,721.00,0.000,-16.296,1.6687,4.9457,0.0000,11.6191,0.3813,46.4520,0.0000,40.8880,0.0000,0.6597,0.0000,0.0000,0.0000,0.0000,0.0000,0.0000,0.0000,0.0000,0.0000,0.0000,0.0000,-11.114,-8.226,2.906,0.337,1.473,0.000000,-0.028697,0.661031,0.037194,0.330472
1281,720.00,0.000,-16.321,1.6699,4.9461,0.0000,11.5993,0.3810,46.4898,0.0000,40.8715,0.0000,0.6584,0.0000,0.0000,0.0000,0.0000,0.0000,0.0000,0.0000,0.0000,0.0000,0.0000,0.0000,-11.118,-8.231,2.906,0.338,1.474,0.000000,-0.028629,0.661589,0.037122,0.329919
1282,719.00,0.000,-16.345,1.6712,4.9465,0.0000,11.5796,0.3808,46.5274,0.0000,40.8551,0.0000,0.6571,0.0000,0.0000,0.0000,0.0000,0.0000,0.0000,0.0000,0.0000,0.0000,0.0000,0.0000,-11.121,-8.237,2.907,0.338,1.475,0.000000,-0.028562,0.662145,0.037049,0.329368
1283,718.00,0.000,-16.370,1.6907,4.9505,0.0000,11.2567,0.3782,47.1415,0.0000,40.5890,0.0000,0.6346,0.0000,0.0000,0.0000,0.0000,0.0000,0.0000,0.0000,0.0000,0.0000,0.0000,0.0000,-11.212,-8.301,2.937,0.342,1.492,0.000000,-0.027366,0.671222,0.035799,0.320345
1284,717.00,0.000,-16.395,1.6916,4.9508,0.0000,11.2430,0.3779,47.1678,0.0000,40.5774,0.0000,0.6338,0.0000,0.0000,0.0000,0.0000,0.0000,0.0000,0.0000,0.0000,0.0000,0.0000,0.0000,-11.213,-8.305,2.937,0.342,1.492,0.000000,-0.027327,0.671610,0.035755,0.319961
1285,716.00,0.000,-16.420,1.6927,4.9511,0.0000,11.2269,0.3777,47.1987,0.0000,40.5639,0.0000,0.6328,0.0000,0.0000,0.0000,0.0000,0.0000,0.0000,0.0000,0.0000,0.0000,0.0000,0.0000,-11.216,-8.310,2.937,0.342,1.493,0.000000,-0.027278,0.672066,0.035701,0.319511
1286,715.00,0.000,-16.445,1.6939,4.9515,0.0000,11.2099,0.3774,47.2312,0.0000,40.5497,0.0000,0.6318,0.0000,0.0000,0.0000,0.0000,0.0000,0.0000,0.0000,0.0000,0.0000,0.0000,0.0000,-11.219,-8.316,2.938,0.342,1.494,0.000000,-0.027225,0.672547,0.035643,0.319036
1287,714.00,0.000,-16.470,1.6950,4.9518,0.0000,11.1921,0.3772,47.2652,0.0000,40.5348,0.0000,0.6306,0.0000,0.0000,0.0000,0.0000,0.0000,0.0000,0.0000,0.0000,0.0000,0.0000,0.0000,-11.222,-8.321,2.938,0.342,1.495,0.000000,-0.027169,0.673049,0.035581,0.318539
1288,713.00,0.000,-16.495,1.6963,4.9522,0.0000,11.1737,0.3769,47.3006,0.0000,40.5194,0.0000,0.6295,0.0000,0.0000,0.0000,0.0000,0.0000,0.0000,0.0000,0.0000,0.0000,0.0000,0.0000,-11.225,-8.327,2.939,0.343,1.496,0.000000,-0.027110,0.673572,0.035517,0.318021
1289,712.00,0.000,-16.520,1.7028,4.9541,0.0000,11.0333,0.3709,47.5730,0.0000,40.4035,0.0000,0.6192,0.0000,0.0000,0.0000,0.0000,0.0000,0.0000,0.0000,0.0000,0.0000,0.0000,0.0000,-11.248,-8.345,2.947,0.344,1.502,0.000000,-0.026673,0.677621,0.034948,0.314104
1290,711.00,0.000,-16.546,1.7046,4.9547,0.0000,10.9979,0.3706,47.6404,0.0000,40.3743,0.0000,0.6168,0.0000,0.0000,0.0000,0.0000,0.0000,0.0000,0.0000,0.0000,0.0000,0.0000,0.0000,-11.253,-8.351,2.949,0.344,1.503,0.000000,-0.026546,0.678617,0.034814,0.313115
1291,710.00,0.000,-16.571,1.7073,4.9555,0.0000,10.9421,0.3701,47.7465,0.0000,40.3284,0.0000,0.6129,0.0000,0.0000,0.0000,0.0000,0.0000,0.0000,0.0000,0.0000,0.0000,0.0000,0.0000,-11.262,-8.360,2.951,0.345,1.505,0.000000,-0.026337,0.680189,0.034595,0.311554
1292,709.00,0.000,-16.596,1.7102,4.9564,0.0000,10.8795,0.3694,47.8657,0.0000,40.2769,0.0000,0.6085,0.0000,0.0000,0.0000,0.0000,0.0000,0.0000,0.0000,0.0000,0.0000,0.0000,0.0000,-11.270,-8.369,2.954,0.345,1.508,0.000000,-0.026104,0.681954,0.034348,0.309803
1293,708.00,0.000,-16.622,1.7130,4.9573,0.0000,10.8150,0.3687,47.9886,0.0000,40.2238,0.0000,0.6039,0.0000,0.0000,0.0000,0.0000,0.0000,0.0000,0.0000,0.0000,0.0000,0.0000,0.0000,-11.279,-8.377,2.957,0.346,1.510,0.000000,-0.025866,0.683776,0.034093,0.307997
1294,707.00,0.000,-16.647,1.7158,4.9583,0.0000,10.7478,0.3678,48.1168,0.0000,40.1684,0.0000,0.5991,0.0000,0.0000,0.0000,0.0000,0.0000,0.0000,0.0000,0.0000,0.0000,0.0000,0.0000,-11.286,-8.385,2.960,0.346,1.512,0.000000,-0.025619,0.685675,0.033828,0.306116
1295,706.00,0.000,-16.672,1.7186,4.9593,0.0000,10.6781,0.3669,48.2498,0.0000,40.1110,0.0000,0.5942,0.0000,0.0000,0.0000,0.0000,0.0000,0.0000,0.0000,0.0000,0.0000,0.0000,0.0000,-11.294,-8.393,2.963,0.347,1.515,0.000000,-0.025365,0.687647,0.033554,0.304164
1296,705.00,0.000,-16.698,1.7212,4.9603,0.0000,10.6081,0.3659,48.3835,0.0000,40.0533,0.0000,0.5893,0.0000,0.0000,0.0000,0.0000,0.0000,0.0000,0.0000,0.0000,0.0000,0.0000,0.0000,-11.300,-8.400,2.965,0.347,1.517,0.000000,-0.025112,0.689629,0.033279,0.302203
1297,704.00,0.000,-16.724,1.7236,4.9612,0.0000,10.5397,0.3648,48.5142,0.0000,39.9969,0.0000,0.5845,0.0000,0.0000,0.0000,0.0000,0.0000,0.0000,0.0000,0.0000,0.0000,0.0000,0.0000,-11.305,-8.406,2.967,0.347,1.519,0.000000,-0.024868,0.691568,0.033012,0.300288
1298,703.00,0.000,-16.749,1.7258,4.9622,0.0000,10.4740,0.3637,48.6398,0.0000,39.9426,0.0000,0.5799,0.0000,0.0000,0.0000,0.0000,0.0000,0.0000,0.0000,0.0000,0.0000,0.0000,0.0000,-11.309,-8.411,2.969,0.348,1.521,0.000000,-0.024636,0.693432,0.032757,0.298447
1299,702.00,0.000,-16.775,1.7279,4.9631,0.0000,10.4116,0.3626,48.7592,0.0000,39.8910,0.0000,0.5756,0.0000,0.0000,0.0000,0.0000,0.0000,0.0000,0.0000,0.0000,0.0000,0.0000,0.0000,-11.312,-8.416,2.970,0.348,1.522,0.000000,-0.024419,0.695204,0.032516,0.296699
1300,701.00,0.000,-16.801,1.7298,4.9639,0.0000,10.3529,0.3615,48.8715,0.0000,39.8425,0.0000,0.5716,0.0000,0.0000,0.0000,0.0000,0.0000,0.0000,0.0000,0.0000,0.0000,0.0000,0.0000,-11.315,-8.420,2.972,0.348,1.524,0.000000,-0.024218,0.696872,0.032291,0.295055
1301,700.00,0.000,-16.826,1.7315,4.9648,0.0000,10.2982,0.3604,48.9765,0.0000,39.7972,0.0000,0.5678,0.0000,0.0000,0.0000,0.0000,0.0000,0.0000,0.0000,0.0000,0.0000,0.0000,0.0000,-11.317,-8.424,2.973,0.349,1.525,0.000000,-0.024034,0.698430,0.032083,0.293522
