BFEQ-51
   1353.80               -.678     99.19
     44.71      3.00     13.00     17.05      0.01      5.10      0.18      5.46
      0.00      0.00      9.06      0.68      0.54      0.31      0.00      0.00
BFEQ-52
   1353.80               -.678     98.96
     46.56      3.56     15.25     13.75      0.00      5.05      0.25      4.65
      0.00      0.00      7.48      1.10      0.85      0.38      0.00      0.00
BFEQ-53
   1353.80               -.678     99.64
     45.56      2.95     13.02     16.72      0.00      5.00      0.16      5.45
      0.00      0.00      9.11      0.70      0.57      0.31      0.00      0.00
BFEQ-61
   1451.10               -.678     99.91
     45.36      2.98     12.77     15.50      0.01      6.97      0.16      5.47
      0.00      0.00      9.09      0.74      0.46      0.32      0.00      0.00
BFEQ-62
   1451.10               -.678     99.62
     47.91      3.60     15.23     11.89      0.00      6.33      0.22      4.59
      0.00      0.00      7.45      1.31      0.74      0.26      0.00      0.00
BFEQ-64
   1451.10               -.678     99.20
     46.66      3.51     15.35     12.44      0.00      6.36      0.26      4.69
      0.00      0.00      7.52      1.36      0.70      0.26      0.00      0.00
BFEQ-65
   1451.10               -.678    100.13
     46.86      3.40     18.19     11.30      0.00      5.82      0.21      4.17
      0.00      0.00      7.01      2.06      0.79      0.24      0.00      0.00
BFEQ-66
   1451.10               -.678    100.04
     46.66      3.29     19.32     10.59      0.00      5.83      0.21      4.11
      0.00      0.00      6.91      1.98      0.80      0.26      0.00      0.00
B27
   1437.40      1.00     -0.68
     50.46      1.88     13.87      9.54      0.02      3.42      0.17      6.84
      0.00      0.00     10.65      2.68      0.19      0.10      0.00      0.00
B34
   1388.60      1.00     -0.68
     50.64      1.89     13.93     10.01      0.02      2.83      0.17      6.76
      0.00      0.00     10.66      2.66      0.19      0.16      0.00      0.00
B44
   1485.80      1.00     -0.68
     50.61      1.90     14.03      8.39      0.02      4.45      0.17      6.66
      0.00      0.00     10.61      2.43      0.17      0.05      0.00      0.00
B54
   1535.30      1.00     -0.68
     51.09      1.89     13.94      8.41      0.02      4.43      0.17      6.77
      0.00      0.00     10.67      2.43      0.17      0.04      0.00      0.00
B64
   1584.80      1.00     -0.68
     51.00      1.92     13.96      7.59      0.01      5.13      0.17      6.86
      0.00      0.00     10.69      2.32      0.16      0.02      0.00      0.00
B73
   1635.20      1.00     -0.68
     51.22      1.93     13.91      7.02      0.01      5.58      0.17      6.80
      0.00      0.00     10.66      2.22      0.15      0.01      0.00      0.00
B74                     BFE008 probing
   1635.20      1.00     -0.68
     50.85      1.89     13.73      6.82      0.01      5.56      0.17      6.75
      0.00      0.00     10.78      2.20      0.16      0.01      0.00      0.00
B76
   1342.20      1.00     -2.88
     51.24      1.91     13.81      7.56      0.02      5.14      0.17      6.78
      0.00      0.00     10.52      2.67      0.21      0.20      0.00      0.00
B79
   1296.10      1.00     -3.06
     50.90      1.91     13.85      8.18      0.02      4.71      0.17      6.82
      0.00      0.00     10.61      2.69      0.20      0.24      0.00      0.00
B82
   1249.20      1.00     -3.26
     50.38      1.93     13.70      8.91      0.02      3.99      0.17      6.93
      0.00      0.00     10.54      2.70      0.20      0.21      0.00      0.00
B105                     BFE008 probing
   1636.56      1.00     -6.29
     52.41      2.00     14.26      0.52      0.03     10.89      0.22      6.79
      0.00      0.00     11.17      0.56      0.13      0.17      0.00      0.00
B108                     BFE008 probing
   1548.50      1.00     -5.40
     50.19      1.89     13.50      2.11      0.03     12.61      0.22      6.54
      0.00      0.00     10.53      1.48      0.15      0.17      0.00      0.00
B113                     BFE008 probing
   1299.90      1.00     -7.38
     51.94      1.93     13.86      2.06      0.02      9.18      0.22      6.81
      0.00      0.00     11.01      2.59      0.22      0.24      0.00      0.00
B118                     BFE008 probing
   1544.40      1.00     -5.42
     52.27      1.95     13.95      1.82      0.04     10.39      0.21      6.69
      0.00      0.00     10.90      1.23      0.14      0.05      0.00      0.00
B120                     BFE008 probing
   1632.10      1.00     -4.74
     52.83      1.95     13.95      1.80      0.03     10.38      0.23      6.87
      0.00      0.00     10.93      0.87      0.13      0.03      0.00      0.00
71A vck
    1461.0       1.0   -7.1700
     51.36      1.90     14.02      1.09      0.02     10.34      0.25      6.93
      0.00      0.00     10.50      2.29      0.72      0.20      0.00      0.00
74F vck
    1461.0       1.0   -7.1700
     42.12      6.06     10.58      1.93      0.02     11.66      0.31      7.33
      0.00      0.00     15.51      0.62      1.53      0.09      0.00      0.00
79A vck
    1459.0       1.0   -8.2100
     52.57      1.94     14.23      0.76      0.02      8.79      0.25      7.03
      0.00      0.00     10.70      2.38      1.08      0.13      0.00      0.00
83A vck
    1459.0       1.0   -8.2100
     51.76      1.95     14.16      0.78      0.02     10.00      0.24      7.06
      0.00      0.00     10.53      2.26      0.84      0.15      0.00      0.00
86F vck
    1459.0       1.0   -8.2100
     42.78      6.19     10.65      0.98      0.02     11.97      0.32      7.40
      0.00      0.00     15.90      0.70      0.52      0.10      0.00      0.00
89A vck
    1459.0       1.0   -9.2100
     52.03      1.95     14.23      0.58      0.02      8.81      0.25      7.04
      0.00      0.00     10.77      2.06      1.64      0.14      0.00      0.00
91C vck
    1459.0       1.0   -9.2100
     42.75      3.20     14.77      0.70      0.02      9.50      0.43      6.40
      0.00      0.00     18.79      0.63      0.33      0.21      0.00      0.00
100B vck
    1459.0       1.0   -6.1500
     56.81      0.74     17.01      0.68      0.03      5.09      0.15      6.26
      0.00      0.00      7.28      4.12      1.80      0.15      0.00      0.00
101C vck
    1459.0       1.0   -6.1500
     41.11      3.07     14.36      2.06      0.02      9.31      0.41      6.30
      0.00      0.00     18.02      1.42      1.32      0.42      0.00      0.00
102F vck
    1459.0       1.0   -6.1500
     41.84      5.91     10.48      2.88      0.01     10.37      0.32      7.05
      0.00      0.00     15.48      1.30      1.87      0.19      0.00      0.00
103A vck
    1459.0       1.0   -6.1500
     51.28      1.91     13.99      2.04      0.02      9.47      0.25      6.93
      0.00      0.00     10.35      2.77      0.66      0.16      0.00      0.00
107D vck
    1459.0       1.0   -6.1500
     49.97      2.86     14.04      1.58      0.04      9.09      0.19      7.17
      0.00      0.00     10.89      2.74      1.20      0.25      0.00      0.00
121C vck
    1458.0       1.0  -10.2300
     43.62      3.24     15.39      0.52      0.02      8.44      0.43      6.49
      0.00      0.00     18.86      0.62      0.34      0.08      0.00      0.00
125C vck
    1458.0       1.0  -10.2300
     43.98      3.21     14.71      0.68      0.14      8.46      0.40      6.59
      0.00      0.00     19.14      0.53      0.29      0.07      0.00      0.00
129A vck
    1455.0       1.0   -2.4200
     49.08      1.81     13.65      7.43      0.02      6.93      0.22      6.61
      0.00      0.00     10.27      2.95      0.70      0.29      0.00      0.00
130B vck
    1455.0       1.0   -2.4200
     56.89      0.74     16.91      2.89      0.04      3.75      0.13      6.39
      0.00      0.00      7.31      3.87      1.44      0.20      0.00      0.00
131C vck
    1455.0       1.0   -2.4200
     39.41      2.84     14.21      8.23      0.03      3.98      0.17      5.87
      0.00      0.00     17.29      3.67      2.80      0.59      0.00      0.00
132F vck
    1455.0       1.0   -2.4200
     39.77      5.84     10.06      9.21      0.02      5.19      0.13      6.90
      0.00      0.00     14.89      2.29      3.83      0.22      0.00      0.00
137D vck
    1455.0       1.0   -2.4200
     49.22      2.75     13.82      5.80      0.04      5.36      0.09      6.91
      0.00      0.00     10.82      2.83      1.55      0.37      0.00      0.00
139A vck
    1362.0       1.0   -7.9300
     51.11      1.95     14.09      1.10      0.04      9.68      0.11      6.94
      0.00      0.00     10.53      3.11      0.94      0.35      0.00      0.00
141C vck
    1362.0       1.0   -7.9300
     40.34      3.01     13.90      1.12      0.04      9.97      0.19      6.11
      0.00      0.00     17.70      2.50      2.49      1.27      0.00      0.00
142F vck
    1362.0       1.0   -7.9300
     41.12      6.11     10.60      1.23      0.02     11.56      0.14      7.17
      0.00      0.00     15.45      1.60      3.12      0.66      0.00      0.00
147E vck
    1362.0       1.0   -7.9300
     50.06      3.24     13.85      1.17      0.04     10.37      0.08      6.29
      0.00      0.00      9.79      3.03      1.29      0.38      0.00      0.00
151C vck
    1361.0       1.0   -9.9700
     42.08      3.03     14.85      0.79      0.04     10.10      0.19      6.25
      0.00      0.00     18.62      1.12      0.98      0.50      0.00      0.00
155C vck
    1361.0       1.0   -9.9700
     42.30      3.16     14.41      0.67      0.13      9.62      0.42      6.37
      0.00      0.00     18.58      1.05      0.91      0.45      0.00      0.00
159A vck
    1361.0       1.0   -2.7400
     50.22      1.91     13.77      7.18      0.02      5.34      0.13      6.74
      0.00      0.00     10.39      2.81      0.53      0.46      0.00      0.00
160B vck
    1361.0       1.0   -2.7400
     56.77      0.74     16.91      3.65      0.03      3.22      0.06      6.27
      0.00      0.00      7.34      3.84      1.24      0.29      0.00      0.00
161C vck
    1361.0       1.0   -2.7400
     38.67      2.88     13.35      8.27      0.03      3.89      0.18      5.83
      0.00      0.00     17.12      4.15      3.22      0.89      0.00      0.00
167E vck
    1361.0       1.0   -2.7400
     50.45      3.21     13.13      6.99      0.05      4.84      0.19      6.28
      0.00      0.00      9.85      2.54      0.91      0.49      0.00      0.00
169A vck
    1364.0       1.0   -5.8600
     50.65      1.93     13.50      1.96      0.04      9.38      0.22      6.79
      0.00      0.00     10.57      2.94      0.69      0.35      0.00      0.00
171C vck
    1364.0       1.0   -5.8600
     39.60      2.91     13.58      3.28      0.04      7.83      0.39      6.08
      0.00      0.00     17.54      3.15      3.00      1.09      0.00      0.00
172F vck
    1364.0       1.0   -5.8600
     39.89      5.84      9.99      3.51      0.04      9.62      0.29      7.07
      0.00      0.00     15.13      2.05      4.38      0.59      0.00      0.00
174B vck
    1364.0       1.0   -5.8600
     57.17      0.73     16.89      1.01      0.10      4.95      0.13      6.26
      0.00      0.00      7.29      4.04      1.45      0.23      0.00      0.00
177E vck
    1364.0       1.0   -5.8600
     50.77      3.23     13.56      2.17      0.10      8.78      0.17      6.29
      0.00      0.00      9.60      3.05      1.39      0.50      0.00      0.00
199A vck
    1366.0       1.0   -8.9100
     51.93      1.97     14.41      0.69      0.03     10.08      0.10      6.88
      0.00      0.00     10.87      1.72      0.68      0.56      0.00      0.00
202F vck
    1366.0       1.0   -8.9100
     41.47      6.06     10.65      1.03      0.02     13.68      0.13      7.15
      0.00      0.00     15.72      0.55      1.44      0.55      0.00      0.00
205C vck
    1366.0       1.0   -8.9100
     41.92      3.19     14.38      1.05      0.14     10.40      0.41      6.32
      0.00      0.00     18.37      0.47      0.54      1.10      0.00      0.00
208E vck
    1366.0       1.0   -8.9100
     51.41      3.29     13.64      0.57      0.10     10.49      0.19      6.46
      0.00      0.00      9.86      2.09      0.83      0.43      0.00      0.00
209A vck
    1360.0       1.0   -0.6800
     50.55      1.89     13.69      9.77      0.00      3.10      0.22      6.71
      0.00      0.00     10.40      2.58      0.43      0.21      0.00      0.00
210B vck
    1360.0       1.0   -0.6800
     56.81      0.71     16.71      5.12      0.00      1.82      0.13      6.20
      0.00      0.00      7.43      3.63      1.10      0.11      0.00      0.00
211F vck
    1360.0       1.0   -0.6800
     40.33      5.87     10.05     12.59      0.01      2.51      0.28      6.91
      0.00      0.00     15.09      1.88      2.77      0.09      0.00      0.00
212C vck
    1360.0       1.0   -0.6800
     38.85      2.91     13.46     10.69      0.02      1.97      0.37      5.80
      0.00      0.00     17.53      3.52      1.90      0.51      0.00      0.00
218E vck
    1360.0       1.0   -0.6800
     50.66      3.21     13.53      9.33      0.01      3.06      0.18      6.30
      0.00      0.00      9.72      2.37      0.67      0.15      0.00      0.00
229A vck
    1458.0       1.0   -0.6800
     50.93      1.91     13.67      8.69      0.01      4.14      0.22      6.96
      0.00      0.00     10.40      2.47      0.36      0.09      0.00      0.00
230B vck
    1458.0       1.0   -0.6800
     57.27      0.74     16.76      4.51      0.01      2.45      0.13      6.32
      0.00      0.00      7.42      3.60      1.02      0.10      0.00      0.00
231C vck
    1458.0       1.0   -0.6800
     40.78      3.01     13.49     10.02      0.03      3.00      0.38      6.04
      0.00      0.00     17.97      2.68      0.97      0.09      0.00      0.00
236F vck
    1458.0       1.0   -0.6800
     41.14      5.93     10.25     11.24      0.02      3.65      0.27      7.12
      0.00      0.00     15.40      1.39      1.70      0.01      0.00      0.00
238E vck
    1458.0       1.0   -0.6800
     51.15      3.28     13.77      8.29      0.01      3.81      0.17      6.14
      0.00      0.00      9.79      2.29      0.61      0.04      0.00      0.00
ak19 G-24
     1429.        1.   -0.6780
     58.64      1.13     17.34      4.54      0.00      1.06      0.12      1.66
      0.00      0.00      2.76      5.21      5.82      0.29      0.00      0.00
ak28 944-F
     1434.        1.   -0.6780
     49.93      3.31     13.57      9.89      0.00      2.74      0.16      6.37
      0.00      0.00      9.81      2.64      0.63      0.28      0.00      0.00
ak7 780-U-105
     1350.        1.   -0.6780
     39.50      5.64      9.89     11.66      0.00      2.63      0.24      6.69
      0.00      0.00     14.82      2.27      4.23      0.61      0.00      0.00
ak23 H-96A (first set)
     1434.        1.   -0.6780
     56.32      0.74     16.82      4.78      0.00      2.22      0.12      6.07
      0.00      0.00      7.42      3.84      0.98      0.04      0.00      0.00
ak18 A-1770
     1429.        1.   -0.6780
     59.26      2.87     11.40      2.71      0.00      1.37      0.06      6.96
      0.00      0.00      3.94      1.12      8.91      0.01      0.00      0.00
ak27 Kil-2
     1430.        1.   -0.6780
     50.29      3.31     13.91      9.17      0.00      3.45      0.17      6.01
      0.00      0.00      9.78      2.34      0.54      0.05      0.00      0.00
ak31 766-263
     1436.        1.   -0.6780
     48.55      2.20     16.26      7.71      0.00      2.90      0.17      8.34
      0.00      0.00      8.53      3.41      1.39      0.05      0.00      0.00
ak30 A-1805
     1434.        1.   -0.6780
     48.78      2.81      8.80      5.76      0.01      1.78      0.14     11.96
      0.00      0.00     12.81      0.64      3.06      0.00      0.00      0.00
ak43 CSQ-3
     1430.        1.   -0.6780
     46.84      2.43     15.67      8.58      0.01      2.88      0.16      9.48
      0.00      0.00      9.11      2.98      0.92      0.04      0.00      0.00
ak46 IC-2
     1430.        1.   -0.6780
     73.87      0.25     12.21      2.24      0.01      1.20      0.09      0.09
      0.00      0.00      1.60      4.14      2.64      0.01      0.00      0.00
ak42 G-247
     1436.        1.   -0.6780
     56.44      2.44     13.87      8.24      0.00      3.91      0.26      2.85
      0.00      0.00      6.28      3.39      1.10      0.07      0.00      0.00
ak44 CSQ-3 (duplicate run)
     1430.        1.   -0.6780
     46.73      2.45     15.58      8.32      0.00      3.04      0.16      9.49
      0.00      0.00      9.13      3.00      0.91      0.03      0.00      0.00
ak   3114+1004-501
     1430.        1.   -0.6780
     67.72      0.73     11.28      5.07      0.00      1.95      0.22      0.98
      0.00      0.00      2.00      4.84      3.51      0.05      0.00      0.00
ak14 NIC-8
     1430.        1.   -0.6780
     61.43      0.70     16.40      4.76      0.00      1.66      0.17      1.46
      0.00      0.00      3.70      5.17      3.30      0.10      0.00      0.00
ak22 1910-199
     1428.        1.   -0.6780
     56.74      1.23     20.15      3.72      0.00      1.49      0.19      1.04
      0.00      0.00      3.09      7.13      3.52      0.08      0.00      0.00
ak17 COL-17
     1430.        1.   -0.6780
     60.21      0.75     17.36      4.19      0.00      1.96      0.12      3.21
      0.00      0.00      5.64      4.43      1.27      0.11      0.00      0.00
ak40 94-8
     1340.        1.   -0.6780
     48.10      1.05     18.10      7.39      0.00      1.46      0.15      4.02
      0.00      0.00      8.47      2.63      7.10      0.31      0.00      0.00
ak37 IC-2
     1344.        1.   -0.6780
     74.38      0.23     12.02      2.09      0.00      1.28      0.09      0.10
      0.00      0.00      1.64      4.34      2.72      0.00      0.00      0.00
ak2 121
     1344.        1.   -0.6780
     71.03      0.28      8.03      7.29      0.00      1.58      0.24      0.18
      0.00      0.00      0.52      6.08      3.81      0.01      0.00      0.00
ak3 3114
     1340.        1.   -0.6780
     69.15      0.49     11.26      5.71      0.00      0.71      0.27      0.21
      0.00      0.00      0.40      5.82      4.38      0.04      0.00      0.00
ak4 NIC-8
     1344.        1.   -0.6780
     61.59      0.67     15.66      5.08      0.00      1.31      0.15      1.43
      0.00      0.00      3.55      5.66      3.77      0.10      0.00      0.00
ak49 94-8
     1344.        1.   -0.6780
     48.28      1.06     18.15      7.49      0.00      1.37      0.25      3.91
      0.00      0.00      8.47      2.63      6.92      0.03      0.00      0.00
ak6 780-u-111
     1344.        1.   -0.6780
     43.68      4.42      9.89     10.92      0.00      1.83      0.02      9.00
      0.00      0.00     11.38      2.72      4.11      0.03      0.00      0.00
ak5 867-114
     1349.        1.   -0.6780
     58.06      0.85     15.44      7.12      0.00      2.34      0.16      3.19
      0.00      0.00      6.83      3.70      1.22      0.09      0.00      0.00
ak26 G-84
     1445.        1.   -0.6780
     51.17      3.27     12.75     10.09      0.00      4.60      0.31      4.09
      0.00      0.00      8.60      2.85      0.50      0.08      0.00      0.00
ak21 COL 11
     1446.        1.   -0.6780
     57.07      0.74     16.91      4.94      0.00      2.11      0.12      5.87
      0.00      0.00      7.42      3.63      0.95      0.00      0.00      0.00
ak35 944-E (x-964)
     1445.        1.   -0.6780
     38.68      4.33     21.66      8.93      0.01      2.84      0.26      5.07
      0.00      0.00     13.22      2.37      0.92      0.00      0.00      0.00
ak24 90-05
     1445.        1.   -0.6780
     55.63      0.54     21.31      2.75      0.00      1.06      0.18      0.72
      0.00      0.00      3.21      3.94      8.91      0.04      0.00      0.00
ak32 780-U-111
     1445.        1.   -0.6780
     44.62      4.70     10.12      9.73      0.00      2.95      0.16      9.22
      0.00      0.00     11.76      2.14      3.55      0.03      0.00      0.00
ak11 CAM 49
     1434.        1.   -0.6780
     72.38      0.27     13.94      1.09      0.00      0.63      0.04      0.25
      0.00      0.00      1.23      4.21      4.23      0.03      0.00      0.00
ak33 X-973
     1445.        1.   -0.6780
     40.86      4.65     14.67     10.43      0.00      2.99      0.28      6.10
      0.00      0.00     14.37      2.82      0.88      0.02      0.00      0.00
ak9 121
     1445.        1.   -0.6780
     72.53      0.29      8.06      7.11      0.00      1.33      0.26      0.05
      0.00      0.00      0.46      5.95      3.54      0.00      0.00      0.00
ak16 TC-19
     1447.        1.   -0.6780
     60.28      0.75     19.57      3.01      0.00      0.79      0.20      0.41
      0.00      0.00      0.77      8.19      5.09      0.06      0.00      0.00
ak15 G-24
     1447.        1.   -0.6780
     60.84      0.93     17.70      3.75      0.01      1.40      0.12      0.91
      0.00      0.00      2.32      5.49      5.56      0.23      0.00      0.00
ak29 94-8
     1447.        1.   -0.6780
     49.46      1.12     18.50      6.64      0.00      2.14      0.15      3.96
      0.00      0.00      8.64      2.49      5.83      0.01      0.00      0.00
ak41 G-247
     1443.        1.   -0.6780
     56.71      2.40     13.84      8.42      0.00      3.74      0.26      2.78
      0.00      0.00      6.22      3.33      1.11      0.02      0.00      0.00
ak34 780-U-105
     1445.        1.   -0.6780
     40.49      5.96      9.97     11.62      0.00      3.27      0.26      7.10
      0.00      0.00     15.53      1.57      2.89      0.00      0.00      0.00
ak20 442
     1445.        1.   -0.6780
     57.40      1.49     18.50      4.04      0.00      1.55      0.13      1.79
      0.00      0.00      4.05      4.81      4.89      0.44      0.00      0.00
ak12 3114
     1454.        1.   -0.6780
     69.59      0.49     11.10      5.32      0.00      1.23      0.27      0.22
      0.00      0.00      0.36      5.42      4.23      0.02      0.00      0.00
ak10 NZC-4
     1454.        1.   -0.6780
     72.51      0.24     10.12      5.08      0.02      1.12      0.12      0.02
      0.00      0.00      0.27      4.98      4.10      0.01      0.00      0.00
ak25 20424
     1447.        1.   -0.6780
     39.84      2.97     14.21     10.72      0.00      2.41      0.38      6.18
      0.00      0.00     17.81      2.80      1.10      0.02      0.00      0.00
ak45 IC-2
     1443.        1.   -0.6780
     74.22      0.26     12.26      2.28      0.00      1.34      0.10      0.08
      0.00      0.00      1.71      4.11      2.64      0.02      0.00      0.00
ak36 780 K 15
     1445.        1.   -0.6780
     49.24      1.65     19.78      6.78      0.00      2.48      0.21      3.45
      0.00      0.00      8.04      4.85      2.36      0.01      0.00      0.00
ak8 20424
     1342.        1.   -0.6780
     38.98      2.93     13.42     11.29      0.00      1.28      0.36      5.79
      0.00      0.00     16.99      4.04      2.73      0.89      0.00      0.00
ak1 Cam 49
     1342.        1.   -0.6780
     72.21      0.26     14.04      1.13      0.00      0.64      0.04      0.27
      0.00      0.00      1.27      4.04      4.38      0.04      0.00      0.00
ak38 IC-2
     1342.        1.   -0.6780
     72.59      0.24     12.13      2.13      0.01      1.38      0.22      0.10
      0.00      0.00      1.60      4.22      2.75      0.02      0.00      0.00
ros1 CAM 71 (199) 71-4
    1300.0       1.0  -7.12000
  56.53000   1.32000  16.21000   0.81000   0.00000   6.60000   0.13000   4.60000
   0.00000   0.00000   7.34000   4.04000   1.93000   0.50000   0.00000   0.00000
ros2 G-247-2
    1300.0       1.0  -7.12000
  57.66000   2.48000  13.67000   1.59000   0.00000  10.17000   0.26000   2.89000
   0.00000   0.00000   6.38000   2.92000   1.32000   0.76000   0.00000   0.00000
ros3 11-96A-2
    1300.0       1.0  -7.12000
  64.67000   0.84000  14.71000   1.71000   0.00000   7.67000   0.24000   0.78000
   0.00000   0.00000   4.04000   2.43000   2.43000   0.20000   0.00000   0.00000
ros5 X-973-2
    1300.0       1.0  -7.12000
  40.56000   4.58000  13.78000   1.87000   0.00000  10.53000   0.26000   5.70000
   0.00000   0.00000  14.10000   4.09000   2.19000   1.25000   0.00000   0.00000
ros6 RG69010-4
    1300.0       1.0  -7.12000
  41.31000   2.63000  17.98000   3.11000   0.00000   8.38000   0.26000   3.68000
   0.00000   0.00000  10.86000   5.57000   5.20000   0.88000   0.00000   0.00000
ros7 20421-2
    1300.0       1.0  -7.12000
  49.35000   1.13000  22.00000   1.16000   0.00000   5.60000   0.18000   1.27000
   0.00000   0.00000   4.62000   5.75000   8.51000   0.29000   0.00000   0.00000
ros8 U-105-6
    1300.0       1.0  -7.12000
  39.40000   5.95000   9.37000   2.83000   0.00000  10.93000   0.28000   6.39000
   0.00000   0.00000  14.76000   2.25000   5.13000   1.14000   0.00000   0.00000
ros9 U-105-7
    1300.0       1.0  -7.12000
  39.19000   5.91000   9.64000   2.80000   0.00000  10.82000   0.27000   6.55000
   0.00000   0.00000  14.96000   2.14000   4.97000   1.07000   0.00000   0.00000
ros10 U-50
    1300.0       1.0  -7.12000
  42.06000   5.87000   8.51000   2.45000   0.00000  11.09000   0.21000   9.79000
   0.00000   0.00000  13.21000   2.34000   3.17000   0.40000   0.00000   0.00000
ros11 NIC-8-8
    1300.0       1.0  -7.12000
  63.71000   0.74000  15.38000   1.68000   0.00000   5.49000   0.17000   1.46000
   0.00000   0.00000   3.59000   3.40000   3.78000   0.09000   0.00000   0.00000
ros12 SSC-2-7
    1300.0       1.0  -7.12000
  50.46000   2.49000  16.27000   1.94000   0.00000   9.19000   0.24000   3.49000
   0.00000   0.00000   7.58000   4.71000   2.42000   0.82000   0.00000   0.00000
ros13 K-15-6
    1300.0       1.0  -7.12000
  49.13000   1.61000  18.73000   1.44000   0.00000   7.90000   0.23000   3.27000
   0.00000   0.00000   8.07000   5.51000   2.85000   0.47000   0.00000   0.00000
ros15 CSQ-11
    1300.0       1.0  -7.12000
  47.21000   2.41000  14.93000   2.01000   0.06000   9.73000   0.18000   9.36000
   0.00000   0.00000   9.12000   3.58000   1.19000   0.46000   0.00000   0.00000
ros16 WS-11
    1300.0       1.0  -7.12000
  51.73000   2.49000  13.82000   2.04000   0.06000  10.49000   0.21000   5.67000
   0.00000   0.00000   9.51000   2.65000   0.96000   0.32000   0.00000   0.00000
ros17 FG-11-10
    1300.0       1.0  -7.12000
  48.45000   0.75000  15.30000   1.28000   0.06000   9.00000   0.16000  10.25000
   0.00000   0.00000  11.82000   2.24000   0.26000   0.16000   0.00000   0.00000
ros18 TB-10
    1300.0       1.0  -7.12000
  47.74000   2.17000  15.51000   1.57000   0.07000   9.51000   0.19000   8.06000
   0.00000   0.00000   8.59000   3.86000   1.59000   0.47000   0.00000   0.00000
ros19 U-111-5
    1300.0       1.0  -7.12000
  44.14000   4.59000   9.51000   2.52000   0.00000   9.97000   0.21000   8.88000
   0.00000   0.00000  11.54000   2.89000   4.29000   0.63000   0.00000   0.00000
ros20 SSC-1-5
    1300.0       1.0  -7.12000
  46.43000   2.46000  14.62000   1.61000   0.05000   9.75000   0.19000   8.25000
   0.00000   0.00000  11.54000   3.27000   0.97000   0.69000   0.00000   0.00000
ros21 U-150-7
    1300.0       1.0  -7.12000
  41.21000   5.04000   7.99000   2.70000   0.00000   9.22000   0.21000   9.36000
   0.00000   0.00000  14.49000   1.12000   5.22000   0.80000   0.00000   0.00000
ros22 COL-11-10
    1300.0       1.0  -7.12000
  56.64000   0.78000  16.33000   0.99000   0.07000   6.25000   0.13000   5.87000
   0.00000   0.00000   7.44000   4.16000   1.19000   0.20000   0.00000   0.00000
ros23 HC-11
    1300.0       1.0  -7.12000
  48.72000   1.10000  17.04000   1.02000   0.06000   8.60000   0.17000   8.44000
   0.00000   0.00000  10.94000   2.98000   0.25000   0.13000   0.00000   0.00000
ros24 LBA-10
    1300.0       1.0  -7.12000
  49.26000   1.04000  17.80000   1.56000   0.04000   6.84000   0.18000   4.04000
   0.00000   0.00000   8.49000   2.82000   6.99000   0.62000   0.00000   0.00000
ros25 PRT-10
    1300.0       1.0  -7.12000
  52.48000   2.18000  15.92000   1.54000   0.06000   8.55000   0.09000   6.85000
   0.00000   0.00000   7.43000   4.25000   0.73000   0.24000   0.00000   0.00000
ros26 K-14-6
    1300.0       1.0  -7.12000
  46.99000   2.34000  16.81000   1.42000   0.00000   7.85000   0.20000   7.29000
   0.00000   0.00000  10.55000   4.18000   2.10000   0.50000   0.00000   0.00000
ros27 X-964-1
    1293.0       1.0  -7.20000
  41.18000   4.73000  15.19000   1.97000   0.02000   9.23000   0.30000   5.45000
   0.00000   0.00000  14.02000   3.68000   2.16000   1.32000   0.00000   0.00000
ros28 20424-1
    1293.0       1.0  -7.20000
  38.95000   3.00000  13.16000   2.70000   0.00000   8.82000   0.36000   5.66000
   0.00000   0.00000  17.34000   3.83000   3.40000   1.66000   0.00000   0.00000
ros29 1910-199-1
    1293.0       1.0  -7.20000
  59.24000   1.32000  20.33000   1.28000   0.00000   4.06000   0.20000   1.08000
   0.00000   0.00000   3.36000   5.32000   4.18000   0.43000   0.00000   0.00000
ros30 442-8
    1300.0       1.0  -7.12000
  58.63000   1.74000  18.46000   0.97000   0.00000   4.75000   0.13000   1.79000
   0.00000   0.00000   4.05000   4.04000   5.52000   0.40000   0.00000   0.00000
ros32 439-14
    1302.0       1.0  -7.10000
  66.98000   0.34000  19.69000   0.38000   0.00000   1.53000   0.11000   0.28000
   0.00000   0.00000   1.24000   4.41000   7.16000   0.01000   0.00000   0.00000
ros34 TC-19-14
    1302.0       1.0  -7.10000
  64.69000   0.78000  20.46000   0.80000   0.00000   2.91000   0.22000   0.42000
   0.00000   0.00000   0.77000   4.18000   4.87000   0.07000   0.00000   0.00000
ros35 G24-14
    1302.0       1.0  -7.10000
  62.96000   1.02000  18.28000   0.87000   0.01000   4.33000   0.13000   0.96000
   0.00000   0.00000   2.33000   3.32000   6.00000   0.31000   0.00000   0.00000
ros36 1910-199-14
    1300.0       1.0  -7.10000
  59.99000   1.23000  20.59000   0.76000   0.00000   4.22000   0.22000   1.17000
   0.00000   0.00000   3.38000   4.08000   3.97000   0.37000   0.00000   0.00000
ros37 20424-14
    1302.0       1.0  -7.10000
  39.48000   3.04000  13.32000   3.09000   0.06000   9.58000   0.37000   5.63000
   0.00000   0.00000  17.20000   3.04000   2.46000   1.29000   0.00000   0.00000
ros38 867-114-14
    1302.0       1.0  -7.10000
  60.23000   0.89000  15.48000   1.10000   0.02000   7.58000   0.18000   3.13000
   0.00000   0.00000   6.91000   3.34000   1.38000   0.21000   0.00000   0.00000
ros39 G84-14
    1300.0       1.0  -7.10000
  50.77000   3.30000  12.64000   2.19000   0.00000  13.01000   0.31000   4.16000
   0.00000   0.00000   8.42000   3.17000   0.75000   0.87000   0.00000   0.00000
ros40 COL-17-14
    1302.0       1.0  -7.10000
  61.52000   0.73000  17.59000   0.68000   0.02000   5.31000   0.12000   3.25000
   0.00000   0.00000   6.32000   3.52000   1.61000   0.21000   0.00000   0.00000
ros41 G247-14
    1302.0       1.0  -7.10000
  57.24000   2.38000  13.68000   1.88000   0.00000   9.73000   0.27000   2.90000
   0.00000   0.00000   6.85000   2.62000   1.56000   0.79000   0.00000   0.00000
ros42 HC-9
    1302.0       1.0  -7.10000
  48.32000   1.05000  17.56000   0.69000   0.06000   9.36000   0.17000   8.59000
   0.00000   0.00000  10.94000   2.44000   0.48000   0.26000   0.00000   0.00000
ros43 A-1805-11
    1330.0       1.0  -6.77000
  47.94000   2.75000   8.20000   1.31000   0.08000   5.13000   0.15000  11.29000
   0.00000   0.00000  12.18000   0.82000   6.31000   0.94000   0.00000   0.00000
ros44 K-8-11
    1330.0       1.0  -6.77000
  44.84000   2.62000  16.13020   1.78000   0.04000   8.25000   0.17000   9.48000
   0.00000   0.00000  11.88000   3.06000   1.50000   0.57000   0.00000   0.00000
ros45 96-6-11
    1330.0       1.0  -6.77000
  45.64000   0.92000  16.14000   2.00000   0.02000   6.47000   0.20000   4.36000
   0.00000   0.00000  12.46000   2.39000   8.34000   0.38000   0.00000   0.00000
ros46 LBB-13
    1328.0       1.0  -6.80000
  49.26000   1.12000  18.24000   1.28000   0.05000   7.13000   0.18000   3.92000
   0.00000   0.00000   8.61000   2.49000   6.84000   0.37000   0.00000   0.00000
ros47 A1770-12
    1328.0       1.0  -6.80000
  59.52000   2.79000  10.89000   0.64000   0.06000   3.32000   0.07000   6.81000
   0.00000   0.00000   3.85000   1.27000  10.38000   0.35000   0.00000   0.00000
ros48 BS-12
    1328.0       1.0  -6.80000
  50.66000   1.65000  13.52000   1.20000   0.10000   6.90000   0.15000   9.72000
   0.00000   0.00000   8.97000   2.33000   3.51000   0.75000   0.00000   0.00000
ros49 U-105-17
    1201.0       1.0  -8.46000
  39.84000   5.92000   9.64000   3.53000   0.02000  11.22000   0.26000   6.76000
   0.00000   0.00000  15.08000   1.98000   4.01000   1.13000   0.00000   0.00000
ros50 20424-16
    1234.0       1.0  -8.03000
  39.06000   2.76000  13.51000   2.78000   0.00000  10.02000   0.34000   5.62000
   0.00000   0.00000  16.79000   2.96000   3.01000   1.46000   0.00000   0.00000
ros51 RG6910-16
    1234.0       1.0  -8.03000
  41.08000   2.61000  17.35000   2.61000   0.05000   9.10000   0.23000   3.89000
   0.00000   0.00000  10.35000   5.02000   5.14000   0.88000   0.00000   0.00000
ros52 SSC-2-16
    1234.0       1.0  -8.03000
  51.21000   2.42000  16.84000   1.59000   0.00000   8.80000   0.23000   3.42000
   0.00000   0.00000   7.13000   5.51000   2.62000   0.68000   0.00000   0.00000
ros53 20421-16
    1234.0       1.0  -8.03000
  49.84000   1.33000  21.74000   1.76000   0.00000   4.94000   0.19000   1.29000
   0.00000   0.00000   4.56000   6.30000   8.28000   0.28000   0.00000   0.00000
ros54 X-973-17
    1201.0       1.0  -8.46000
  40.14000   4.92000  14.33000   3.18000   0.00000   9.66000   0.27000   5.82000
   0.00000   0.00000  13.68000   3.62000   1.80000   1.21000   0.00000   0.00000
ros55 K14-16
    1234.0       1.0  -8.03000
  47.68000   2.26000  17.08000   1.34000   0.03000   7.88000   0.20000  6.980000
   0.00000   0.00000   10.2600   4.00000   2.33000   0.48000   0.00000   0.00000
ros56 K15-17
    1201.0       1.0  -8.46000
  49.36000   1.59000  19.28000   1.53000   0.00000   7.18000   0.19000   3.15000
   0.00000   0.00000   7.77000   5.83000   3.33000   0.46000   0.00000   0.00000
ros57 NIC-8-16
    1234.0       1.0  -8.03000
  61.12000   0.67000  15.41000   1.40000   0.00000   4.72000   0.15000   1.39000
   0.00000   0.00000   3.47000   6.06000   4.51000   0.11000   0.00000   0.00000
crt54
    1200.0       1.0  -8.03000
  49.45000   1.78000  15.48000   1.71000   0.00000  11.01000   0.23000   6.67000
   0.00000   0.00000   8.49000   2.99000   0.83000   0.00000   0.00000   0.00000
crt61
    1200.0       1.0  -8.03000
  49.33000   1.89000  15.40000   1.99000   0.00000  10.60000   0.14000   6.56000
   0.00000   0.00000   8.80000   2.92000   0.90000   0.00000   0.00000   0.00000
crt51
    1200.0       1.0  -8.03000
  49.47000   2.10000  15.30000   1.37000   0.00000  11.12000   0.18000   6.74000
   0.00000   0.00000   8.67000   3.25000   0.77000   0.00000   0.00000   0.00000
crt52
    1250.0       1.0  -8.03000
  49.70000   1.90000  15.58000   1.61000   0.00000  10.88000   0.00000   6.62000
   0.00000   0.00000   8.74000   3.11000   0.87000   0.00000   0.00000   0.00000
crt98
    1359.0       1.0  -6.11000
  49.33000   1.83000  15.04000   2.66000   0.00000  10.03000   0.19000   6.57000
   0.00000   0.00000   8.95000   2.70000   0.81000   0.00000   0.00000   0.00000
crt118
    1355.0       1.0  -6.15000
  49.64000   1.98000  15.16000   2.78000   0.00000   9.98000   0.18000   6.68000
   0.00000   0.00000   8.87000   2.80000   0.80000   0.00000   0.00000   0.00000
crt142
    1363.0       1.0  -6.07000
  49.68000   1.73000  15.34000   1.57000   0.00000  10.68000   0.18000   6.62000
   0.00000   0.00000   8.73000   3.12000   0.89000   0.00000   0.00000   0.00000
crt110
    1363.0       1.0  -6.07000
  47.58000   1.77000  14.62000   2.71000   0.00000   9.40000   0.12000   6.41000
   0.00000   0.00000   8.41000   2.75000   4.48000   0.00000   0.00000   0.00000
crt121
    1359.0       1.0  -6.11000
  47.74000   1.99000  14.79000   2.52000   0.00000   9.55000   0.08000   6.49000
   0.00000   0.00000   8.48000   2.51000   4.50000   0.00000   0.00000   0.00000
crt111
    1363.0       1.0  -6.07000
  47.60000   1.60000  14.64000   2.49000   0.00000   8.92000   0.20000   6.40000
   0.00000   0.00000   8.10000   1.83000   5.98000   0.00000   0.00000   0.00000
crt22
    1359.0       1.0  -6.11000
  47.41000   1.79000  14.51000   2.98000   0.00000   8.93000   0.16000   6.48000
   0.00000   0.00000   8.39000   2.01000   6.28000   0.00000   0.00000   0.00000
crt131
    1366.0       1.0  -6.02000
  45.52000   1.77000  14.09000   2.90000   0.00000   9.11000   0.22000   6.30000
   0.00000   0.00000   8.00000   2.52000   7.63000   0.00000   0.00000   0.00000
crt53
    1200.0       1.0  -8.03000
  49.71000   1.82000  15.40000   0.87000   0.00000  10.68000   0.13000   6.59000
   0.00000   0.00000   8.58000   3.98000   0.87000   0.00000   0.00000   0.00000
crt55
    1202.0       1.0  -8.01000
  48.42000   1.74000  15.18000   1.64000   0.00000  10.36000   0.06000   6.53000
   0.00000   0.00000   8.56000   5.53000   0.85000   0.00000   0.00000   0.00000
crt56
    1197.0       1.0  -8.09000
  48.51000   1.82000  14.94000   1.81000   0.00000  10.22000   0.26000   6.56000
   0.00000   0.00000   8.48000   5.60000   0.70000   0.00000   0.00000   0.00000
crt57
    1199.0       1.0  -8.08000
  48.20000   1.82000  14.93000   1.53000   0.00000  10.20000   0.12000   6.48000
   0.00000   0.00000   8.44000   5.85000   0.85000   0.00000   0.00000   0.00000
crt58
    1200.0       1.0  -8.03000
  47.12000   1.95000  14.74000   2.49000   0.00000  10.08000   0.22000   6.15000
   0.00000   0.00000   8.61000   5.45000   0.82000   0.00000   0.00000   0.00000
crt63
    1206.0       1.0  -7.98000
  48.06000   1.69000  14.78000   2.68000   0.00000   9.51000   0.01000   6.58000
   0.00000   0.00000   8.36000   7.71000   0.79000   0.00000   0.00000   0.00000
crt64
    1200.0       1.0  -8.05000
  47.40000   1.78000  14.65000   2.42000   0.00000   9.61000   0.28000   6.73000
   0.00000   0.00000   8.18000   7.93000   0.77000   0.00000   0.00000   0.00000
crt95
    1205.0       1.0  -7.99000
  48.26000   1.77000  14.92000   2.01000   0.00000   9.75000   0.17000   6.46000
   0.00000   0.00000  11.56000   2.07000   0.87000   0.00000   0.00000   0.00000
crt96
    1205.0       1.0  -7.99000
  47.78000   1.81000  14.71000   2.23000   0.00000   9.93000   0.13000   6.70000
   0.00000   0.00000  11.39000   2.91000   0.80000   0.00000   0.00000   0.00000
crt148
    1200.0       1.0  -8.05000
  46.45000   1.69000  14.20000   1.63000   0.00000  10.06000   0.10000   6.14000
   0.00000   0.00000  14.33000   2.62000   0.83000   0.00000   0.00000   0.00000
crt124
    1207.0       1.0  -7.99000
  41.93000   1.61000  13.31000   2.68000   0.00000   7.73000   0.10000   5.72000
   0.00000   0.00000  23.82000   2.40000   0.70000   0.00000   0.00000   0.00000
crt133
    1211.0       1.0  -7.94000
  41.46000   1.72000  12.85000   2.29000   0.00000   8.10000   0.12000   5.70000
   0.00000   0.00000  23.40000   2.40000   0.59000   0.00000   0.00000   0.00000
crt105
    1363.0       1.0  -6.07000
  48.28000   1.86000  14.80000   2.32000   0.00000   9.66000   0.23000   6.72000
   0.00000   0.00000  11.62000   2.72000   0.80000   0.00000   0.00000   0.00000
crt109
    1363.0       1.0  -6.07000
  47.98000   1.74000  15.25000   2.12000   0.00000   9.70000   0.18000   6.35000
   0.00000   0.00000  11.67000   2.31000   0.71000   0.00000   0.00000   0.00000
crt123
    1357.0       1.0  -6.13000
  42.25000   1.66000  13.08000   3.54000   0.00000   6.76000   0.07000   6.02000
   0.00000   0.00000  24.07000   1.57000   0.33000   0.00000   0.00000   0.00000
crt129
    1359.0       1.0  -6.11000
  42.14000   1.58000  13.48000   1.98000   0.00000   7.87000   0.19000   5.72000
   0.00000   0.00000  24.25000   1.13000   0.23000   0.00000   0.00000   0.00000
crt141
    1363.0       1.0  -6.07000
  41.72000   1.45000  12.88000   2.54000   0.00000   7.82000   0.25000   5.46000
   0.00000   0.00000  23.92000   1.85000   0.62000   0.00000   0.00000   0.00000
crt67
    1200.0       1.0  -8.03000
  47.66000   1.78000  14.67000   2.32000   0.00000   9.42000   0.07000   6.54000
   0.00000   0.00000   8.24000   8.50000   0.84000   0.00000   0.00000   0.00000
crt68
    1200.0       1.0  -8.05000
  46.88000   1.85000  14.76000   3.19000   0.00000   8.89000   0.28000   6.43000
   0.00000   0.00000   8.17000   8.28000   0.89000   0.00000   0.00000   0.00000
crt147
    1200.0       1.0  -8.05000
  46.05000   1.64000  14.38000   2.48000   0.00000   9.77000   0.12000   6.24000
   0.00000   0.00000   8.20000   7.87000   0.87000   0.00000   0.00000   0.00000
crt119
    1360.0       1.0  -6.10000
  48.03000   1.91000  14.66000   2.98000   0.00000   9.42000   0.14000   6.53000
   0.00000   0.00000   8.36000   4.84000   0.83000   0.00000   0.00000   0.00000
crt120
    1356.0       1.0  -6.14000
  47.86000   1.74000  14.87000   2.46000   0.00000   9.02000   0.23000   6.42000
   0.00000   0.00000   8.53000   5.55000   0.62000   0.00000   0.00000   0.00000
crt129
    1360.0       1.0  -6.10000
  47.01000   1.83000  14.60000   2.93000   0.00000   8.99000   0.12000   6.32000
   0.00000   0.00000   8.17000   6.77000   0.80000   0.00000   0.00000   0.00000
crt139
    1364.0       1.0  -6.05000
  47.84000   1.59000  15.11000   2.44000   0.00000   8.82000   0.19000   6.10000
   0.00000   0.00000   8.32000   6.96000   0.79000   0.00000   0.00000   0.00000
crt102
    1359.0       1.0  -6.11000
  46.96000   1.67000  20.32000   1.29000   0.00000   8.63000   0.16000   6.53000
   0.00000   0.00000   8.36000   2.62000   0.71000   0.00000   0.00000   0.00000
crt103
    1363.0       1.0  -6.07000
  46.74000   1.72000  20.49000   1.81000   0.00000   9.61000   0.34000   6.49000
   0.00000   0.00000   8.31000   2.59000   0.78000   0.00000   0.00000   0.00000
crt108
    1363.0       1.0  -6.07000
  44.93000   1.69000  25.08000   1.70000   0.00000   8.65000   0.05000   6.14000
   0.00000   0.00000   7.92000   2.57000   0.71000   0.00000   0.00000   0.00000
crt130
    1359.0       1.0  -6.11000
  43.35000   1.57000  24.50000   1.58000   0.00000   9.36000   0.26000   5.92000
   0.00000   0.00000   7.80000   2.53000   0.72000   0.00000   0.00000   0.00000
crt112
    1207.0       1.0  -7.97000
  55.02000   1.59000  14.40000   1.43000   0.00000   8.88000   0.16000   6.12000
   0.00000   0.00000   8.03000   2.85000   0.78000   0.00000   0.00000   0.00000
crt114
    1207.0       1.0  -7.97000
  56.83000   1.59000  13.25000   2.01000   0.00000   8.36000   0.15000   5.70000
   0.00000   0.00000   7.64000   2.23000   0.62000   0.00000   0.00000   0.00000
crt146
    1196.0       1.0  -8.10000
  53.12000   1.66000  13.89000   2.09000   0.00000  10.18000   0.22000   6.35000
   0.00000   0.00000   8.19000   2.71000   0.85000   0.00000   0.00000   0.00000
crt116
    1200.0       1.0  -8.03000
  57.84000   1.66000  12.90000   2.42000   0.00000   8.97000   0.08000   5.95000
   0.00000   0.00000   7.40000   2.38000   0.64000   0.00000   0.00000   0.00000
crt137
    1198.0       1.0  -8.09000
  56.99000   1.40000  12.63000   1.78000   0.00000   8.75000   0.23000   5.62000
   0.00000   0.00000   7.37000   2.38000   0.70000   0.00000   0.00000   0.00000
crt113
    1363.0       1.0  -6.07000
  53.98000   1.77000  13.79000   2.60000   0.00000   8.72000   0.17000   6.43000
   0.00000   0.00000   8.03000   2.38000   0.81000   0.00000   0.00000   0.00000
crt138
    1360.0       1.0  -6.10000
  53.44000   1.64000  13.87000   2.30000   0.00000   9.69000   0.27000   6.45000
   0.00000   0.00000   8.14000   2.62000   0.79000   0.00000   0.00000   0.00000
crt117
    1362.0       1.0  -6.08000
  58.68000   1.38000  12.67000   1.68000   0.00000   8.10000   0.21000   5.33000
   0.00000   0.00000   7.14000   2.31000   0.71000   0.00000   0.00000   0.00000
crt132
    1363.0       1.0  -6.07000
  57.68000   1.52000  12.43000   1.54000   0.00000   8.62000   0.00000   5.51000
   0.00000   0.00000   7.48000   2.23000   0.66000   0.00000   0.00000   0.00000
gckKEN1
    1200.0       1.0  -0.68000
  50.87000   0.79000  17.62000  10.79000   0.00000   1.62000   0.08000   6.25000
   0.00000   0.00000   9.32000   2.94000   0.59000   0.00000   0.00000   0.00000
gckKEN3
    1300.0       1.0  -0.68000
  50.87000   0.79000  17.62000   9.93000   0.00000   2.39000   0.08000   6.25000
   0.00000   0.00000   9.32000   2.94000   0.59000   0.00000   0.00000   0.00000
gckKEN7
    1400.0       1.0  -0.68000
  50.87000   0.79000  17.62000   9.02000   0.00000   3.20000   0.08000   6.25000
   0.00000   0.00000   9.32000   2.94000   0.59000   0.00000   0.00000   0.00000
gckKEN8
    1430.0       1.0  -0.68000
  50.87000   0.79000  17.62000   8.88000   0.00000   3.32000   0.08000   6.25000
   0.00000   0.00000   9.32000   2.94000   0.59000   0.00000   0.00000   0.00000
?shiSH1
    1300.0       1.0  -0.68000
  52.43000   1.57000  15.01000  10.95000   0.00000   2.90000   0.12000   4.81000
   0.00000   0.00000   9.73000   1.79000   0.35000   0.14000   0.00000   0.00000
?shiSH3
    1300.0       1.0  -3.60000
  52.43000   1.57000  15.01000   5.93000   0.00000   7.50000   0.12000   4.81000
   0.00000   0.00000   9.73000   1.79000   0.35000   0.14000   0.00000   0.00000
?shiSH13
    1300.0       1.0  -5.70000
  52.43000   1.57000  15.01000   2.80000   0.00000  10.20000   0.12000   4.81000
   0.00000   0.00000   9.73000   1.79000   0.35000   0.14000   0.00000   0.00000
?shiSH15
    1200.0       1.0  -6.90000
  52.43000   1.57000  15.01000   3.13000   0.00000  9.780000   0.12000   4.81000
   0.00000   0.00000   9.73000   1.79000   0.35000   0.14000   0.00000   0.00000
?shiSH19
    1200.0       1.0  -8.20000
  52.43000   1.57000  15.01000   1.60000   0.00000  10.70000   0.12000   4.81000
   0.00000   0.00000   9.73000   1.79000   0.35000   0.14000   0.00000   0.00000
?shiSH21
    1300.0       1.0  -8.00000
  52.43000   1.57000  15.01000   1.03000   0.00000  11.00000   0.12000   4.81000
   0.00000   0.00000   9.73000   1.79000   0.35000   0.14000   0.00000   0.00000
rff1921-1
    1200.0       1.0  -8.00000
  49.11000   2.51000  12.74000   2.08000   0.00000   9.03000   0.17000  10.31000
   0.00000   0.00000  10.73000   1.97000   0.49000   0.27000   0.00000   0.00000
rff1921-2
    1200.0       1.0  -8.20000
  49.11000   2.51000  12.74000   1.85000   0.00000   9.06000   0.17000  10.31000
   0.00000   0.00000  10.73000   1.97000   0.49000   0.27000   0.00000   0.00000
rff1921-3
    1200.0       1.0  -8.50000
  49.11000   2.51000  12.74000   1.48000   0.00000   9.46000   0.17000  10.31000
   0.00000   0.00000  10.73000   1.97000   0.49000   0.27000   0.00000   0.00000
rff101233-1
    1200.0       1.0  -8.00000
  47.08000   3.02000  15.90000   2.40000   0.00000   9.55000   0.16000   6.14000
   0.00000   0.00000  10.71000   2.86000   0.86000   0.48000   0.00000   0.00000
rff101233-2
    1200.0       1.0  -6.00000
  47.08000   3.02000  15.90000   4.82000   0.00000   7.54000   0.16000   6.14000
   0.00000   0.00000  10.71000   2.86000   0.86000   0.48000   0.00000   0.00000
rff101233-3
    1200.0       1.0  -6.90000
  47.08000   3.02000  15.90000   3.52000   0.00000   8.76000   0.16000   6.14000
   0.00000   0.00000  10.71000   2.86000   0.86000   0.48000   0.00000   0.00000
rff101232-1
    1200.0       1.0  -8.00000
  49.69000   2.63000  17.53000   2.40000   0.00000   8.40000   0.21000   3.85000
   0.00000   0.00000   6.90000   4.74000   1.93000   1.07000   0.00000   0.00000
rff101232-2
    1200.0       1.0  -6.00000
  49.69000   2.63000  17.53000   4.60000   0.00000   6.50000   0.21000   3.85000
   0.00000   0.00000   6.90000   4.74000   1.93000   1.07000   0.00000   0.00000
rff101232-3
    1200.0       1.0  -6.83000
  49.69000   2.63000  17.53000   3.59000   0.00000   7.52000   0.21000   3.85000
   0.00000   0.00000   6.90000   4.74000   1.93000   1.07000   0.00000   0.00000
rff101232-4
    1200.0       1.0  -3.80000
  49.69000   2.63000  17.53000   7.40000   0.00000   3.94000   0.21000   3.85000
   0.00000   0.00000   6.90000   4.74000   1.93000   1.07000   0.00000   0.00000
rff101232-5
    1200.0       1.0  -0.68000
  49.69000   2.63000  17.53000  10.20000   0.00000   1.25000   0.21000   3.85000
   0.00000   0.00000   6.90000   4.74000   1.93000   1.07000   0.00000   0.00000
rffPGG2-1
    1200.0       1.0  -8.00000
  51.04000   1.71000  14.58000   3.06000   0.00000  10.55000   0.22000   4.70000
   0.00000   0.00000   8.89000   3.17000   0.78000   0.36000   0.00000   0.00000
rffPGG2-2
    1200.0       1.0  -6.00000
  51.04000   1.71000  14.58000   5.21000   0.00000   8.65000   0.22000   4.70000
   0.00000   0.00000   8.89000   3.17000   0.78000   0.36000   0.00000   0.00000
rffPGG2-3
    1200.0       1.0  -5.80000
  51.04000   1.71000  14.58000   5.48000   0.00000   8.40000   0.22000   4.70000
   0.00000   0.00000   8.89000   3.17000   0.78000   0.36000   0.00000   0.00000
rffPGG3-4
    1200.0       1.0  -6.36000
  51.04000   1.71000  14.58000   4.87000   0.00000   8.92000   0.22000   4.70000
   0.00000   0.00000   8.89000   3.17000   0.78000   0.36000   0.00000   0.00000
rffRIF-1
    1200.0       1.0  -8.00000
  54.46000   1.80000  13.61000   2.13000   0.00000   9.92000   0.18000   4.05000
   0.00000   0.00000   7.69000   3.10000   1.51000   0.38000   0.00000   0.00000
rffRIF-2
    1200.0       1.0  -6.00000
  54.46000   1.80000  13.61000   4.24000   0.00000   7.90000   0.18000   4.05000
   0.00000   0.00000   7.69000   3.10000   1.51000   0.38000   0.00000   0.00000
rff340409-1
    1200.0       1.0  -8.50000
  49.38000   1.40000  16.92000   1.32000   0.00000   8.22000   0.17000   8.56000
   0.00000   0.00000   9.80000   3.10000   0.40000   0.19000   0.00000   0.00000
rff340409-2
    1200.0       1.0  -8.00000
  49.38000   1.40000  16.92000   1.59000   0.00000   8.00000   0.17000   8.56000
   0.00000   0.00000   9.80000   3.10000   0.40000   0.19000   0.00000   0.00000
rff290109-1
    1200.0       1.0  -7.00000
  53.26000   1.32000  16.88000   2.53000   0.00000   5.49000   0.13000   6.83000
   0.00000   0.00000   7.90000   3.54000   1.06000   0.35000   0.00000   0.00000
rff290109?2
    1200.0       1.0  -7.60000
  53.26000   1.32000  16.88000   1.90000   0.00000   6.06000   0.13000   6.83000
   0.00000   0.00000   7.90000   3.54000   1.06000   0.35000   0.00000   0.00000
rff290109-3
    1200.0       1.0  -8.00000
  53.26000   1.32000  16.88000   1.55000   0.00000   6.31000   0.13000   6.83000
   0.00000   0.00000   7.90000   3.54000   1.06000   0.35000   0.00000   0.00000
rff120509-1
    1200.0       1.0  -8.20000
  58.41000   1.15000  18.25000   1.28000   0.00000   4.95000   0.10000   3.39000
   0.00000   0.00000   6.70000   4.35000   0.82000   0.26000   0.00000   0.00000
rff120509-2
    1200.0       1.0  -8.00000
  58.41000   1.15000  18.25000   1.52000   0.00000   4.92000   0.10000   3.39000
   0.00000   0.00000   6.70000   4.35000   0.82000   0.26000   0.00000   0.00000
rff240301-1
    1200.0       1.0  -8.00000
  61.26000   0.72000  17.44000   1.19000   0.00000   4.43000   0.10000   3.16000
   0.00000   0.00000   5.84000   4.27000   1.17000   0.20000   0.00000   0.00000
rff240308-2
    1200.0       1.0  -6.00000
  61.26000   0.72000  17.44000   2.04000   0.00000   3.66000   0.10000   3.16000
   0.00000   0.00000   5.84000   4.27000   1.17000   0.20000   0.00000   0.00000
rff240308-3
    1200.0       1.0  -7.00000
  61.26000   0.72000  17.44000   1.63000   0.00000   4.02000   0.10000   3.16000
   0.00000   0.00000   5.84000   4.27000   1.17000   0.20000   0.00000   0.00000
