Experiment 2439, Liquid 2439, Author 2439
   1788.15  30000.00   -5.4032
  46.17000   0.91000  13.32000   0.00000   0.31000   9.55000   0.18000  16.90000
   0.00000   0.00000  10.69000   0.96000   0.56000   0.00000   0.00000   0.00000
$CLINOPYROXENE
  52.47000   0.13000   8.07000   0.00000   0.81000   4.87000   0.14000  23.67000
   0.00000   0.00000  10.16000   0.45000   0.00000   0.00000   0.00000   0.00000
$OLIVINE
  40.36000   0.00000   0.23000   0.00000   0.19000   9.33000   0.13000  50.02000
   0.00000   0.00000   0.28000   0.00000   0.00000   0.00000   0.00000   0.00000
$ORTHOPYROXENE
  53.94000   0.10000   7.25000   0.00000   0.75000   5.48000   0.12000  30.83000
   0.00000   0.00000   2.49000   0.12000   0.00000   0.00000   0.00000   0.00000
Experiment 2440, Liquid 2440, Author 2439
   1803.15  30000.00   -5.3198
  46.66000   0.70000  13.06000   0.00000   0.35000   8.75000   0.18000  17.58000
   0.00000   0.00000  10.92000   0.93000   0.41000   0.00000   0.00000   0.00000
$CLINOPYROXENE
  52.06000   0.11000   7.50000   0.00000   0.91000   4.72000   0.14000  24.45000
   0.00000   0.00000   9.72000   0.45000   0.00000   0.00000   0.00000   0.00000
$OLIVINE
  40.14000   0.00000   0.22000   0.00000   0.22000   8.74000   0.13000  49.97000
   0.00000   0.00000   0.25000   0.00000   0.00000   0.00000   0.00000   0.00000
$ORTHOPYROXENE
  53.35000   0.08000   7.05000   0.00000   0.84000   5.25000   0.12000  31.47000
   0.00000   0.00000   2.45000   0.13000   0.00000   0.00000   0.00000   0.00000
Experiment 2441, Liquid 2441, Author 2439
   1813.15  30000.00   -5.2650
  46.91000   0.64000  12.46000   0.00000   0.43000   8.86000   0.17000  18.22000
   0.00000   0.00000  10.86000   0.82000   0.34000   0.00000   0.00000   0.00000
$OLIVINE
  40.03000   0.00000   0.22000   0.00000   0.24000   8.61000   0.13000  49.80000
   0.00000   0.00000   0.35000   0.00000   0.00000   0.00000   0.00000   0.00000
$ORTHOPYROXENE
  53.22000   0.07000   5.28000   0.00000   0.87000   5.13000   0.13000  31.79000
   0.00000   0.00000   2.56000   0.13000   0.00000   0.00000   0.00000   0.00000
Experiment 2442, Liquid 2442, Author 2439
   1853.15  30000.00   -5.0516
  48.98000   0.48000  11.06000   0.00000   0.55000   9.45000   0.18000  19.71000
   0.00000   0.00000   8.78000   0.77000   0.23000   0.00000   0.00000   0.00000
$OLIVINE
  40.90000   0.00000   0.18000   0.00000   0.27000   7.79000   0.11000  51.23000
   0.00000   0.00000   0.20000   0.00000   0.00000   0.00000   0.00000   0.00000
$ORTHOPYROXENE
  56.82000   0.04000   3.25000   0.00000   0.57000   4.79000   0.10000  34.08000
   0.00000   0.00000   1.37000   0.07000   0.00000   0.00000   0.00000   0.00000
Experiment 2443, Liquid 2443, Author 2439
   1903.15  30000.00   -4.7975
  47.96000   0.39000   9.50000   0.00000   0.51000   9.19000   0.17000  23.89000
   0.00000   0.00000   7.70000   0.52000   0.22000   0.00000   0.00000   0.00000
$OLIVINE
  40.96000   0.00000   0.19000   0.00000   0.27000   7.02000   0.09000  51.99000
   0.00000   0.00000   0.20000   0.00000   0.00000   0.00000   0.00000   0.00000
Experiment 2444, Liquid 2444, Author 2439
   1863.15  40000.00   -4.5151
  46.38000   1.45000   9.81000   0.00000   0.33000  10.65000   0.20000  18.58000
   0.00000   0.00000  10.31000   0.93000   0.83000   0.00000   0.00000   0.00000
$CLINOPYROXENE
  54.38000   0.09000   4.89000   0.00000   0.47000   5.36000   0.14000  26.74000
   0.00000   0.00000   7.50000   0.53000   0.00000   0.00000   0.00000   0.00000
$GARNET
  42.53000   0.33000  22.51000   0.00000   1.40000   5.61000   0.17000  22.89000
   0.00000   0.00000   4.65000   0.02000   0.00000   0.00000   0.00000   0.00000
$OLIVINE
  40.37000   0.00000   0.23000   0.00000   0.13000   9.44000   0.13000  49.79000
   0.00000   0.00000   0.30000   0.00000   0.00000   0.00000   0.00000   0.00000
Experiment 2445, Liquid 2445, Author 2439
   1883.15  40000.00   -4.4180
  45.52000   1.27000  10.35000   0.00000   0.25000  10.65000   0.19000  19.89000
   0.00000   0.00000   9.31000   1.08000   0.70000   0.00000   0.00000   0.00000
$CLINOPYROXENE
  54.27000   0.07000   5.56000   0.00000   0.61000   5.08000   0.13000  26.47000
   0.00000   0.00000   7.37000   0.59000   0.00000   0.00000   0.00000   0.00000
$GARNET
  42.48000   0.33000  22.29000   0.00000   1.66000   5.46000   0.17000  22.98000
   0.00000   0.00000   4.85000   0.02000   0.00000   0.00000   0.00000   0.00000
$OLIVINE
  40.30000   0.00000   0.21000   0.00000   0.14000   9.48000   0.12000  49.59000
   0.00000   0.00000   0.30000   0.00000   0.00000   0.00000   0.00000   0.00000
$ORTHOPYROXENE
  54.74000   0.07000   5.48000   0.00000   0.64000   5.16000   0.11000  31.47000
   0.00000   0.00000   2.42000   0.23000   0.00000   0.00000   0.00000   0.00000
Experiment 2446, Liquid 2446, Author 2439
   1933.15  40000.00   -4.1843
  46.17000   0.46000  10.28000   0.00000   0.48000   9.67000   0.19000  22.31000
   0.00000   0.00000   8.96000   0.40000   0.22000   0.00000   0.00000   0.00000
$OLIVINE
  40.44000   0.00000   0.21000   0.00000   0.22000   7.61000   0.11000  50.76000
   0.00000   0.00000   0.21000   0.00000   0.00000   0.00000   0.00000   0.00000
$ORTHOPYROXENE
  55.27000   0.03000   4.35000   0.00000   0.62000   4.61000   0.11000  33.13000
   0.00000   0.00000   1.66000   0.08000   0.00000   0.00000   0.00000   0.00000
Experiment 2447, Liquid 2447, Author 2439
   1893.15  45000.00   -4.1877
  45.97000   1.66000   8.27000   0.00000   0.34000  11.72000   0.21000  20.02000
   0.00000   0.00000   9.20000   1.11000   0.99000   0.00000   0.00000   0.00000
$CLINOPYROXENE
  55.14000   0.10000   3.51000   0.00000   0.43000   4.97000   0.13000  26.80000
   0.00000   0.00000   7.53000   0.65000   0.00000   0.00000   0.00000   0.00000
$GARNET
  42.66000   0.35000  22.47000   0.00000   1.01000   5.46000   0.19000  23.38000
   0.00000   0.00000   4.27000   0.04000   0.00000   0.00000   0.00000   0.00000
$OLIVINE
  40.09000   0.00000   0.20000   0.00000   0.15000   9.05000   0.13000  49.71000
   0.00000   0.00000   0.30000   0.00000   0.00000   0.00000   0.00000   0.00000
Experiment 2448, Liquid 2448, Author 2439
   1923.15  45000.00   -4.0503
  46.01000   0.49000   9.01000   0.00000   0.46000  10.12000   0.19000  24.37000
   0.00000   0.00000   8.16000   0.58000   0.29000   0.00000   0.00000   0.00000
$GARNET
  42.99000   0.14000  22.24000   0.00000   1.82000   4.64000   0.16000  24.41000
   0.00000   0.00000   3.47000   0.02000   0.00000   0.00000   0.00000   0.00000
$OLIVINE
  40.39000   0.00000   0.24000   0.00000   0.21000   7.57000   0.11000  50.96000
   0.00000   0.00000   0.26000   0.00000   0.00000   0.00000   0.00000   0.00000
$ORTHOPYROXENE
  56.08000   0.02000   3.55000   0.00000   0.46000   4.71000   0.11000  32.93000
   0.00000   0.00000   2.20000   0.19000   0.00000   0.00000   0.00000   0.00000
Experiment 2449, Liquid 2449, Author 2439
   1953.15  50000.00   -3.7762
  44.78000   1.26000   7.15000   0.00000   0.31000  11.88000   0.20000  22.28000
   0.00000   0.00000   9.54000   0.86000   0.60000   0.00000   0.00000   0.00000
$CLINOPYROXENE
  55.10000   0.07000   3.66000   0.00000   0.41000   5.36000   0.12000  27.36000
   0.00000   0.00000   7.14000   0.55000   0.00000   0.00000   0.00000   0.00000
$GARNET
  42.53000   0.27000  21.91000   0.00000   1.40000   5.76000   0.17000  23.54000
   0.00000   0.00000   4.11000   0.02000   0.00000   0.00000   0.00000   0.00000
$OLIVINE
  40.40000   0.00000   0.22000   0.00000   0.12000   9.23000   0.14000  49.52000
   0.00000   0.00000   0.30000   0.00000   0.00000   0.00000   0.00000   0.00000
Experiment 2450, Liquid 2450, Author 2439
   1983.15  60000.00   -3.4782
  44.97000   1.01000   6.37000   0.00000   0.35000  12.64000   0.21000  23.26000
   0.00000   0.00000   9.05000   0.80000   0.36000   0.00000   0.00000   0.00000
$CLINOPYROXENE
  56.18000   0.07000   3.26000   0.00000   0.36000   5.05000   0.14000  27.65000
   0.00000   0.00000   7.78000   0.62000   0.00000   0.00000   0.00000   0.00000
$GARNET
  43.41000   0.35000  21.96000   0.00000   1.39000   5.80000   0.17000  23.36000
   0.00000   0.00000   4.04000   0.02000   0.00000   0.00000   0.00000   0.00000
$OLIVINE
  40.61000   0.00000   0.22000   0.00000   0.13000   9.19000   0.13000  50.12000
   0.00000   0.00000   0.24000   0.00000   0.00000   0.00000   0.00000   0.00000
Experiment 2451, Liquid 2451, Author 2439
   2013.15  60000.00   -3.3575
  45.45000   0.91000   6.50000   0.00000   0.41000  11.77000   0.22000  23.88000
   0.00000   0.00000   8.66000   0.86000   0.61000   0.00000   0.00000   0.00000
$CLINOPYROXENE
  55.91000   0.04000   3.18000   0.00000   0.37000   4.84000   0.12000  28.55000
   0.00000   0.00000   6.80000   0.57000   0.00000   0.00000   0.00000   0.00000
$GARNET
  43.44000   0.26000  21.96000   0.00000   1.26000   5.10000   0.16000  24.22000
   0.00000   0.00000   3.88000   0.03000   0.00000   0.00000   0.00000   0.00000
$OLIVINE
  40.53000   0.00000   0.20000   0.00000   0.17000   8.53000   0.11000  50.56000
   0.00000   0.00000   0.29000   0.00000   0.00000   0.00000   0.00000   0.00000
Experiment 2452, Liquid 2452, Author 2439
   2028.15  60000.00   -3.2985
  46.48000   0.49000   7.27000   0.00000   0.43000  10.24000   0.19000  26.18000
   0.00000   0.00000   7.33000   0.45000   0.23000   0.00000   0.00000   0.00000
$CLINOPYROXENE
  55.84000   0.04000   3.37000   0.00000   0.36000   4.73000   0.12000  28.46000
   0.00000   0.00000   7.19000   0.43000   0.00000   0.00000   0.00000   0.00000
$GARNET
  42.83000   0.18000  22.11000   0.00000   1.28000   4.83000   0.15000  24.23000
   0.00000   0.00000   3.90000   0.02000   0.00000   0.00000   0.00000   0.00000
$OLIVINE
  40.47000   0.00000   0.24000   0.00000   0.18000   7.28000   0.10000  51.13000
   0.00000   0.00000   0.20000   0.00000   0.00000   0.00000   0.00000   0.00000
$ORTHOPYROXENE
  56.34000   0.03000   3.31000   0.00000   0.34000   4.75000   0.11000  33.19000
   0.00000   0.00000   2.25000   0.16000   0.00000   0.00000   0.00000   0.00000
Experiment 2453, Liquid 2453, Author 2439
   2043.15  60000.00   -3.2404
  46.90000   0.36000   8.79000   0.00000   0.57000   9.87000   0.18000  26.48000
   0.00000   0.00000   6.80000   0.43000   0.18000   0.00000   0.00000   0.00000
$OLIVINE
  41.16000   0.00000   0.27000   0.00000   0.21000   6.82000   0.09000  51.79000
   0.00000   0.00000   0.16000   0.00000   0.00000   0.00000   0.00000   0.00000
$ORTHOPYROXENE
  56.14000   0.02000   3.90000   0.00000   0.46000   3.98000   0.09000  34.23000
   0.00000   0.00000   1.48000   0.11000   0.00000   0.00000   0.00000   0.00000
Experiment 2454, Liquid 2454, Author 2439
   2073.15  60000.00   -3.1267
  47.19000   0.30000   7.26000   0.00000   0.52000   8.60000   0.18000  29.34000
   0.00000   0.00000   5.48000   0.39000   0.14000   0.00000   0.00000   0.00000
$OLIVINE
  40.99000   0.00000   0.19000   0.00000   0.18000   5.52000   0.09000  52.91000
   0.00000   0.00000   0.16000   0.00000   0.00000   0.00000   0.00000   0.00000
Experiment 2455, Liquid 2455, Author 2439
   2063.15  70000.00   -3.1366
  45.15000   1.23000   5.09000   0.00000   0.36000  12.53000   0.23000  23.90000
   0.00000   0.00000   8.62000   1.04000   0.91000   0.00000   0.00000   0.00000
$CLINOPYROXENE
  56.23000   0.05000   2.43000   0.00000   0.33000   4.92000   0.13000  27.57000
   0.00000   0.00000   7.58000   0.72000   0.00000   0.00000   0.00000   0.00000
$GARNET
  43.91000   0.33000  21.14000   0.00000   1.21000   5.43000   0.16000  24.21000
   0.00000   0.00000   4.00000   0.04000   0.00000   0.00000   0.00000   0.00000
$OLIVINE
  40.44000   0.00000   0.17000   0.00000   0.13000   8.63000   0.12000  50.41000
   0.00000   0.00000   0.26000   0.00000   0.00000   0.00000   0.00000   0.00000
Experiment 2456, Liquid 2456, Author 2439
   2083.15  70000.00   -3.0621
  46.11000   0.66000   5.43000   0.00000   0.37000  11.61000   0.20000  25.29000
   0.00000   0.00000   8.49000   0.63000   0.30000   0.00000   0.00000   0.00000
$CLINOPYROXENE
  55.82000   0.03000   2.61000   0.00000   0.35000   4.71000   0.12000  28.99000
   0.00000   0.00000   6.69000   0.47000   0.00000   0.00000   0.00000   0.00000
$GARNET
  43.30000   0.17000  21.22000   0.00000   1.44000   4.88000   0.15000  24.69000
   0.00000   0.00000   3.64000   0.03000   0.00000   0.00000   0.00000   0.00000
$OLIVINE
  40.52000   0.00000   0.23000   0.00000   0.14000   8.45000   0.12000  50.26000
   0.00000   0.00000   0.23000   0.00000   0.00000   0.00000   0.00000   0.00000
Experiment 2457, Liquid 2457, Author 2439
   2093.15  70000.00   -3.0254
  47.02000   0.58000   6.26000   0.00000   0.49000  10.58000   0.20000  26.65000
   0.00000   0.00000   7.42000   0.56000   0.25000   0.00000   0.00000   0.00000
$CLINOPYROXENE
  55.95000   0.04000   2.60000   0.00000   0.33000   4.47000   0.13000  29.37000
   0.00000   0.00000   6.59000   0.40000   0.00000   0.00000   0.00000   0.00000
$GARNET
  43.89000   0.28000  21.65000   0.00000   1.04000   4.55000   0.16000  24.44000
   0.00000   0.00000   3.85000   0.03000   0.00000   0.00000   0.00000   0.00000
$OLIVINE
  40.52000   0.00000   0.23000   0.00000   0.15000   7.40000   0.11000  50.99000
   0.00000   0.00000   0.21000   0.00000   0.00000   0.00000   0.00000   0.00000
Experiment 2458, Liquid 2458, Author 2439
   2108.15  70000.00   -2.9710
  47.09000   0.43000   6.27000   0.00000   0.47000   9.64000   0.19000  27.31000
   0.00000   0.00000   7.26000   0.64000   0.15000   0.00000   0.00000   0.00000
$GARNET
  43.57000   0.11000  21.36000   0.00000   1.43000   4.20000   0.12000  25.80000
   0.00000   0.00000   2.98000   0.03000   0.00000   0.00000   0.00000   0.00000
$OLIVINE
  40.32000   0.00000   0.17000   0.00000   0.18000   6.51000   0.09000  51.98000
   0.00000   0.00000   0.22000   0.00000   0.00000   0.00000   0.00000   0.00000
$ORTHOPYROXENE
  55.91000   0.02000   2.50000   0.00000   0.28000   4.25000   0.09000  33.82000
   0.00000   0.00000   2.02000   0.20000   0.00000   0.00000   0.00000   0.00000
Experiment 2459, Liquid 2459, Author 2439
   2123.15  70000.00   -2.9174
  47.33000   0.28000   6.45000   0.00000   0.50000   8.61000   0.18000  30.29000
   0.00000   0.00000   5.61000   0.41000   0.11000   0.00000   0.00000   0.00000
$GARNET
  44.32000   0.09000  21.19000   0.00000   1.36000   3.70000   0.12000  26.73000
   0.00000   0.00000   2.24000   0.02000   0.00000   0.00000   0.00000   0.00000
$OLIVINE
  40.87000   0.00000   0.25000   0.00000   0.19000   5.28000   0.08000  52.55000
   0.00000   0.00000   0.18000   0.00000   0.00000   0.00000   0.00000   0.00000
Experiment 2460, Liquid 2460, Author 2439
   2223.15  70000.00   -2.5783
  45.39000   0.21000   5.72000   0.00000   0.43000   8.17000   0.16000  34.87000
   0.00000   0.00000   4.27000   0.28000   0.13000   0.00000   0.00000   0.00000
$OLIVINE
  40.72000   0.00000   0.23000   0.00000   0.16000   4.59000   0.07000  53.41000
   0.00000   0.00000   0.13000   0.00000   0.00000   0.00000   0.00000   0.00000
Dummy Entry -- LAST --
   1000.00      1.00    0.0000
   0.00000   0.00000   0.00000   0.00000   0.00000   0.00000   0.00000   0.00000
   0.00000   0.00000   0.00000   0.00000   0.00000   0.00000   0.00000   0.00000
